PlantID = ,  1369
Plant Cap = ,   320.000
Date/Time , Value
01/01/2008 00:00:00,       277.868368
01/01/2008 01:00:00,       193.418075
01/01/2008 02:00:00,       113.535672
01/01/2008 03:00:00,       163.281997
01/01/2008 04:00:00,       202.184212
01/01/2008 05:00:00,       182.835401
01/01/2008 06:00:00,       159.419897
01/01/2008 07:00:00,       194.184314
01/01/2008 08:00:00,       214.604232
01/01/2008 09:00:00,       220.306826
01/01/2008 10:00:00,       153.785824
01/01/2008 11:00:00,       184.320022
01/01/2008 12:00:00,       206.835588
01/01/2008 13:00:00,       190.255133
01/01/2008 14:00:00,       169.089938
01/01/2008 15:00:00,       193.064051
01/01/2008 16:00:00,       139.904080
01/01/2008 17:00:00,        66.289796
01/01/2008 18:00:00,        17.064126
01/01/2008 19:00:00,        14.882807
01/01/2008 20:00:00,        12.356747
01/01/2008 21:00:00,        13.351058
01/01/2008 22:00:00,        18.882280
01/01/2008 23:00:00,        12.711029
01/02/2008 00:00:00,         2.305451
01/02/2008 01:00:00,         0.010770
01/02/2008 02:00:00,         0.000000
01/02/2008 03:00:00,         0.000000
01/02/2008 04:00:00,         0.000000
01/02/2008 05:00:00,         0.000000
01/02/2008 06:00:00,         7.183558
01/02/2008 07:00:00,        13.260207
01/02/2008 08:00:00,         4.367964
01/02/2008 09:00:00,        16.866225
01/02/2008 10:00:00,        39.647447
01/02/2008 11:00:00,        31.009766
01/02/2008 12:00:00,        27.377316
01/02/2008 13:00:00,        72.219974
01/02/2008 14:00:00,       104.653905
01/02/2008 15:00:00,       116.316128
01/02/2008 16:00:00,       212.660303
01/02/2008 17:00:00,       164.770455
01/02/2008 18:00:00,       100.034340
01/02/2008 19:00:00,        83.842400
01/02/2008 20:00:00,        96.727509
01/02/2008 21:00:00,       130.599935
01/02/2008 22:00:00,       170.940068
01/02/2008 23:00:00,       207.047455
01/03/2008 00:00:00,       235.737850
01/03/2008 01:00:00,       247.097099
01/03/2008 02:00:00,       268.977160
01/03/2008 03:00:00,       261.040502
01/03/2008 04:00:00,       240.717497
01/03/2008 05:00:00,       237.346020
01/03/2008 06:00:00,       243.915405
01/03/2008 07:00:00,       240.735995
01/03/2008 08:00:00,       236.013033
01/03/2008 09:00:00,       224.728736
01/03/2008 10:00:00,       215.534691
01/03/2008 11:00:00,       218.176411
01/03/2008 12:00:00,       209.240396
01/03/2008 13:00:00,       197.706846
01/03/2008 14:00:00,       194.901549
01/03/2008 15:00:00,       185.001706
01/03/2008 16:00:00,       171.140155
01/03/2008 17:00:00,       145.211978
01/03/2008 18:00:00,       138.885077
01/03/2008 19:00:00,       142.878260
01/03/2008 20:00:00,       147.403431
01/03/2008 21:00:00,       155.089139
01/03/2008 22:00:00,       172.507965
01/03/2008 23:00:00,       194.380835
01/04/2008 00:00:00,       144.365179
01/04/2008 01:00:00,       142.337648
01/04/2008 02:00:00,       142.181238
01/04/2008 03:00:00,       172.895783
01/04/2008 04:00:00,       152.484048
01/04/2008 05:00:00,       186.579454
01/04/2008 06:00:00,       193.449947
01/04/2008 07:00:00,       210.853236
01/04/2008 08:00:00,       257.621185
01/04/2008 09:00:00,       272.700503
01/04/2008 10:00:00,       296.139520
01/04/2008 11:00:00,       308.120806
01/04/2008 12:00:00,       280.999575
01/04/2008 13:00:00,       294.379363
01/04/2008 14:00:00,       274.265013
01/04/2008 15:00:00,       278.152913
01/04/2008 16:00:00,       277.178073
01/04/2008 17:00:00,       288.931870
01/04/2008 18:00:00,       305.980954
01/04/2008 19:00:00,       314.406791
01/04/2008 20:00:00,       317.885740
01/04/2008 21:00:00,       319.688953
01/04/2008 22:00:00,       319.871500
01/04/2008 23:00:00,       319.941614
01/05/2008 00:00:00,       319.969300
01/05/2008 01:00:00,       319.972437
01/05/2008 02:00:00,       319.972267
01/05/2008 03:00:00,       319.901643
01/05/2008 04:00:00,       319.859156
01/05/2008 05:00:00,       319.499564
01/05/2008 06:00:00,       318.169715
01/05/2008 07:00:00,       316.817780
01/05/2008 08:00:00,       316.045435
01/05/2008 09:00:00,       310.859375
01/05/2008 10:00:00,       294.636172
01/05/2008 11:00:00,       218.903422
01/05/2008 12:00:00,       134.234488
01/05/2008 13:00:00,         6.250962
01/05/2008 14:00:00,         1.143092
01/05/2008 15:00:00,         0.000000
01/05/2008 16:00:00,        13.827731
01/05/2008 17:00:00,         7.675248
01/05/2008 18:00:00,         0.079970
01/05/2008 19:00:00,         0.000000
01/05/2008 20:00:00,         0.000000
01/05/2008 21:00:00,         0.057015
01/05/2008 22:00:00,         1.290174
01/05/2008 23:00:00,        21.769837
01/06/2008 00:00:00,        59.020841
01/06/2008 01:00:00,        75.321434
01/06/2008 02:00:00,       149.270842
01/06/2008 03:00:00,       235.753452
01/06/2008 04:00:00,       273.091314
01/06/2008 05:00:00,       304.386867
01/06/2008 06:00:00,       298.928751
01/06/2008 07:00:00,       293.725328
01/06/2008 08:00:00,       285.546657
01/06/2008 09:00:00,       282.110515
01/06/2008 10:00:00,       269.647906
01/06/2008 11:00:00,       245.965193
01/06/2008 12:00:00,       249.334684
01/06/2008 13:00:00,       259.483052
01/06/2008 14:00:00,       244.798160
01/06/2008 15:00:00,       204.434850
01/06/2008 16:00:00,       134.981719
01/06/2008 17:00:00,        79.930008
01/06/2008 18:00:00,        98.104014
01/06/2008 19:00:00,       100.541858
01/06/2008 20:00:00,        89.528776
01/06/2008 21:00:00,        70.487494
01/06/2008 22:00:00,        72.095662
01/06/2008 23:00:00,        65.168144
01/07/2008 00:00:00,        59.071017
01/07/2008 01:00:00,        62.849183
01/07/2008 02:00:00,        73.718618
01/07/2008 03:00:00,        73.638722
01/07/2008 04:00:00,       107.783632
01/07/2008 05:00:00,       133.088453
01/07/2008 06:00:00,       166.871946
01/07/2008 07:00:00,       174.543532
01/07/2008 08:00:00,       136.869733
01/07/2008 09:00:00,       164.227337
01/07/2008 10:00:00,       182.434863
01/07/2008 11:00:00,       250.378913
01/07/2008 12:00:00,       266.249352
01/07/2008 13:00:00,       282.594059
01/07/2008 14:00:00,       274.000388
01/07/2008 15:00:00,       232.441228
01/07/2008 16:00:00,       185.234028
01/07/2008 17:00:00,       236.566893
01/07/2008 18:00:00,       278.978593
01/07/2008 19:00:00,       266.631199
01/07/2008 20:00:00,       311.001408
01/07/2008 21:00:00,       315.314097
01/07/2008 22:00:00,       312.060331
01/07/2008 23:00:00,       286.590605
01/08/2008 00:00:00,       266.539982
01/08/2008 01:00:00,       242.899791
01/08/2008 02:00:00,       209.694160
01/08/2008 03:00:00,       171.624266
01/08/2008 04:00:00,       173.477783
01/08/2008 05:00:00,       210.372754
01/08/2008 06:00:00,       177.636234
01/08/2008 07:00:00,       139.640075
01/08/2008 08:00:00,        92.946218
01/08/2008 09:00:00,        43.973686
01/08/2008 10:00:00,        11.386632
01/08/2008 11:00:00,         7.985426
01/08/2008 12:00:00,         0.573609
01/08/2008 13:00:00,         0.650776
01/08/2008 14:00:00,        23.834771
01/08/2008 15:00:00,        81.215217
01/08/2008 16:00:00,       132.562410
01/08/2008 17:00:00,        64.979044
01/08/2008 18:00:00,        20.403942
01/08/2008 19:00:00,        15.354598
01/08/2008 20:00:00,        23.610047
01/08/2008 21:00:00,        67.301695
01/08/2008 22:00:00,        52.445047
01/08/2008 23:00:00,        31.071140
01/09/2008 00:00:00,        24.388752
01/09/2008 01:00:00,        29.613714
01/09/2008 02:00:00,        31.722404
01/09/2008 03:00:00,        41.456680
01/09/2008 04:00:00,        79.359063
01/09/2008 05:00:00,       136.993935
01/09/2008 06:00:00,       120.398487
01/09/2008 07:00:00,        79.352485
01/09/2008 08:00:00,        88.036632
01/09/2008 09:00:00,        93.107330
01/09/2008 10:00:00,       112.850098
01/09/2008 11:00:00,       204.069439
01/09/2008 12:00:00,       270.619533
01/09/2008 13:00:00,       309.114603
01/09/2008 14:00:00,       318.681296
01/09/2008 15:00:00,       319.424940
01/09/2008 16:00:00,       319.852036
01/09/2008 17:00:00,       319.852898
01/09/2008 18:00:00,       319.908583
01/09/2008 19:00:00,       319.419027
01/09/2008 20:00:00,       316.645314
01/09/2008 21:00:00,       314.904691
01/09/2008 22:00:00,       315.252505
01/09/2008 23:00:00,       310.684884
01/10/2008 00:00:00,       319.989224
01/10/2008 01:00:00,       320.000000
01/10/2008 02:00:00,       320.000000
01/10/2008 03:00:00,       320.000000
01/10/2008 04:00:00,       320.000000
01/10/2008 05:00:00,       320.000000
01/10/2008 06:00:00,       319.933736
01/10/2008 07:00:00,       320.000000
01/10/2008 08:00:00,       320.000000
01/10/2008 09:00:00,       320.000000
01/10/2008 10:00:00,       320.000000
01/10/2008 11:00:00,       320.000000
01/10/2008 12:00:00,       320.000000
01/10/2008 13:00:00,       320.000000
01/10/2008 14:00:00,       320.000000
01/10/2008 15:00:00,       320.000000
01/10/2008 16:00:00,       320.000000
01/10/2008 17:00:00,       320.000000
01/10/2008 18:00:00,       320.000000
01/10/2008 19:00:00,       320.000000
01/10/2008 20:00:00,       320.000000
01/10/2008 21:00:00,       320.000000
01/10/2008 22:00:00,       320.000000
01/10/2008 23:00:00,       319.990074
01/11/2008 00:00:00,       318.846688
01/11/2008 01:00:00,       315.006241
01/11/2008 02:00:00,       312.139653
01/11/2008 03:00:00,       314.326093
01/11/2008 04:00:00,       318.029563
01/11/2008 05:00:00,       305.856401
01/11/2008 06:00:00,       248.976712
01/11/2008 07:00:00,       181.867235
01/11/2008 08:00:00,       124.014863
01/11/2008 09:00:00,        99.504663
01/11/2008 10:00:00,        68.275925
01/11/2008 11:00:00,        32.995353
01/11/2008 12:00:00,         9.322404
01/11/2008 13:00:00,         0.124802
01/11/2008 14:00:00,         0.000000
01/11/2008 15:00:00,         0.088349
01/11/2008 16:00:00,         6.185157
01/11/2008 17:00:00,        16.876028
01/11/2008 18:00:00,        15.418820
01/11/2008 19:00:00,        14.029025
01/11/2008 20:00:00,        14.282160
01/11/2008 21:00:00,        13.137347
01/11/2008 22:00:00,        40.436161
01/11/2008 23:00:00,        85.717768
01/12/2008 00:00:00,       137.155095
01/12/2008 01:00:00,       200.685504
01/12/2008 02:00:00,       235.429201
01/12/2008 03:00:00,       227.877815
01/12/2008 04:00:00,       182.365188
01/12/2008 05:00:00,       136.829406
01/12/2008 06:00:00,       164.952810
01/12/2008 07:00:00,       214.334469
01/12/2008 08:00:00,       268.256914
01/12/2008 09:00:00,       305.026775
01/12/2008 10:00:00,       295.987621
01/12/2008 11:00:00,       300.132710
01/12/2008 12:00:00,       253.489926
01/12/2008 13:00:00,       225.566461
01/12/2008 14:00:00,       120.939663
01/12/2008 15:00:00,       213.598811
01/12/2008 16:00:00,       225.063460
01/12/2008 17:00:00,       222.436802
01/12/2008 18:00:00,       257.214635
01/12/2008 19:00:00,       283.037685
01/12/2008 20:00:00,       299.819885
01/12/2008 21:00:00,       319.704203
01/12/2008 22:00:00,       319.489556
01/12/2008 23:00:00,       319.769010
01/13/2008 00:00:00,       319.283698
01/13/2008 01:00:00,       318.548698
01/13/2008 02:00:00,       316.618130
01/13/2008 03:00:00,       319.095735
01/13/2008 04:00:00,       319.640717
01/13/2008 05:00:00,       319.711816
01/13/2008 06:00:00,       319.875687
01/13/2008 07:00:00,       319.382433
01/13/2008 08:00:00,       316.486069
01/13/2008 09:00:00,       315.968486
01/13/2008 10:00:00,       314.752135
01/13/2008 11:00:00,       311.153023
01/13/2008 12:00:00,       307.670287
01/13/2008 13:00:00,       305.675939
01/13/2008 14:00:00,       304.489459
01/13/2008 15:00:00,       300.324151
01/13/2008 16:00:00,       298.948884
01/13/2008 17:00:00,       293.390599
01/13/2008 18:00:00,       290.242122
01/13/2008 19:00:00,       286.771482
01/13/2008 20:00:00,       280.983650
01/13/2008 21:00:00,       286.162089
01/13/2008 22:00:00,       270.888982
01/13/2008 23:00:00,       226.261667
01/14/2008 00:00:00,       160.306951
01/14/2008 01:00:00,       124.592185
01/14/2008 02:00:00,        95.917951
01/14/2008 03:00:00,        71.192985
01/14/2008 04:00:00,        54.587413
01/14/2008 05:00:00,        41.518873
01/14/2008 06:00:00,        21.515984
01/14/2008 07:00:00,        12.089824
01/14/2008 08:00:00,        10.706058
01/14/2008 09:00:00,         4.904258
01/14/2008 10:00:00,         3.765294
01/14/2008 11:00:00,         0.943346
01/14/2008 12:00:00,         1.196688
01/14/2008 13:00:00,         9.666863
01/14/2008 14:00:00,        23.157231
01/14/2008 15:00:00,        36.031774
01/14/2008 16:00:00,        74.964166
01/14/2008 17:00:00,        90.816744
01/14/2008 18:00:00,       108.879225
01/14/2008 19:00:00,       139.521499
01/14/2008 20:00:00,       145.726276
01/14/2008 21:00:00,       187.121341
01/14/2008 22:00:00,       171.890472
01/14/2008 23:00:00,       256.588962
01/15/2008 00:00:00,       182.562840
01/15/2008 01:00:00,       219.078120
01/15/2008 02:00:00,       215.330740
01/15/2008 03:00:00,       236.743828
01/15/2008 04:00:00,       172.672138
01/15/2008 05:00:00,       288.189779
01/15/2008 06:00:00,       297.032247
01/15/2008 07:00:00,       316.358586
01/15/2008 08:00:00,       319.067441
01/15/2008 09:00:00,       317.914298
01/15/2008 10:00:00,       316.109436
01/15/2008 11:00:00,       313.835529
01/15/2008 12:00:00,       314.806432
01/15/2008 13:00:00,       239.399142
01/15/2008 14:00:00,       175.934894
01/15/2008 15:00:00,       191.071229
01/15/2008 16:00:00,       220.904828
01/15/2008 17:00:00,       190.381827
01/15/2008 18:00:00,       188.902088
01/15/2008 19:00:00,       178.181015
01/15/2008 20:00:00,       190.127880
01/15/2008 21:00:00,       212.924436
01/15/2008 22:00:00,       249.181292
01/15/2008 23:00:00,       270.225411
01/16/2008 00:00:00,       289.485435
01/16/2008 01:00:00,       294.334050
01/16/2008 02:00:00,       297.758379
01/16/2008 03:00:00,       294.961194
01/16/2008 04:00:00,       292.987252
01/16/2008 05:00:00,       286.229856
01/16/2008 06:00:00,       270.585435
01/16/2008 07:00:00,       260.253402
01/16/2008 08:00:00,       261.606492
01/16/2008 09:00:00,       248.989352
01/16/2008 10:00:00,       245.807723
01/16/2008 11:00:00,       260.117284
01/16/2008 12:00:00,       247.503105
01/16/2008 13:00:00,       253.941498
01/16/2008 14:00:00,       247.449078
01/16/2008 15:00:00,       246.529972
01/16/2008 16:00:00,       198.183968
01/16/2008 17:00:00,       154.384532
01/16/2008 18:00:00,       111.374103
01/16/2008 19:00:00,        87.497402
01/16/2008 20:00:00,        57.050247
01/16/2008 21:00:00,        47.170696
01/16/2008 22:00:00,        45.712396
01/16/2008 23:00:00,        55.381760
01/17/2008 00:00:00,        53.086763
01/17/2008 01:00:00,        40.178894
01/17/2008 02:00:00,        38.499526
01/17/2008 03:00:00,        15.077240
01/17/2008 04:00:00,         5.295599
01/17/2008 05:00:00,         0.785025
01/17/2008 06:00:00,        10.781369
01/17/2008 07:00:00,        14.405073
01/17/2008 08:00:00,        44.146073
01/17/2008 09:00:00,        90.812766
01/17/2008 10:00:00,        62.563385
01/17/2008 11:00:00,        41.846887
01/17/2008 12:00:00,        59.023019
01/17/2008 13:00:00,        51.422448
01/17/2008 14:00:00,        44.108276
01/17/2008 15:00:00,        58.008307
01/17/2008 16:00:00,        73.239671
01/17/2008 17:00:00,        57.644985
01/17/2008 18:00:00,        35.042143
01/17/2008 19:00:00,        17.676236
01/17/2008 20:00:00,        18.653430
01/17/2008 21:00:00,        22.997401
01/17/2008 22:00:00,        41.743507
01/17/2008 23:00:00,       122.046589
01/18/2008 00:00:00,       215.463031
01/18/2008 01:00:00,       281.834318
01/18/2008 02:00:00,       310.671222
01/18/2008 03:00:00,       317.575455
01/18/2008 04:00:00,       319.478648
01/18/2008 05:00:00,       319.793137
01/18/2008 06:00:00,       319.913393
01/18/2008 07:00:00,       319.935082
01/18/2008 08:00:00,       319.907410
01/18/2008 09:00:00,       319.368801
01/18/2008 10:00:00,       318.712419
01/18/2008 11:00:00,       314.750733
01/18/2008 12:00:00,       305.304506
01/18/2008 13:00:00,       319.106662
01/18/2008 14:00:00,       320.000000
01/18/2008 15:00:00,       320.000000
01/18/2008 16:00:00,       320.000000
01/18/2008 17:00:00,       319.987860
01/18/2008 18:00:00,       319.969298
01/18/2008 19:00:00,       319.921723
01/18/2008 20:00:00,       319.934167
01/18/2008 21:00:00,       319.897462
01/18/2008 22:00:00,       318.363425
01/18/2008 23:00:00,       311.696000
01/19/2008 00:00:00,       269.515869
01/19/2008 01:00:00,       290.029898
01/19/2008 02:00:00,       318.951786
01/19/2008 03:00:00,       319.917011
01/19/2008 04:00:00,       320.000000
01/19/2008 05:00:00,       319.994747
01/19/2008 06:00:00,       319.999899
01/19/2008 07:00:00,       320.000000
01/19/2008 08:00:00,       319.995431
01/19/2008 09:00:00,       320.000000
01/19/2008 10:00:00,       319.996960
01/19/2008 11:00:00,       319.959624
01/19/2008 12:00:00,       319.966437
01/19/2008 13:00:00,       319.949154
01/19/2008 14:00:00,       319.753811
01/19/2008 15:00:00,       317.546127
01/19/2008 16:00:00,       290.787393
01/19/2008 17:00:00,       251.581367
01/19/2008 18:00:00,       177.669765
01/19/2008 19:00:00,        96.766155
01/19/2008 20:00:00,        40.486445
01/19/2008 21:00:00,        44.903393
01/19/2008 22:00:00,        54.674061
01/19/2008 23:00:00,        44.890258
01/20/2008 00:00:00,        26.961621
01/20/2008 01:00:00,        32.945157
01/20/2008 02:00:00,       116.923827
01/20/2008 03:00:00,       166.378366
01/20/2008 04:00:00,       189.894066
01/20/2008 05:00:00,       183.761046
01/20/2008 06:00:00,       174.892230
01/20/2008 07:00:00,       179.009634
01/20/2008 08:00:00,       184.616288
01/20/2008 09:00:00,       215.609505
01/20/2008 10:00:00,       247.650916
01/20/2008 11:00:00,       265.658355
01/20/2008 12:00:00,       275.142520
01/20/2008 13:00:00,       272.537577
01/20/2008 14:00:00,       265.186003
01/20/2008 15:00:00,       246.436575
01/20/2008 16:00:00,       233.832948
01/20/2008 17:00:00,       223.190516
01/20/2008 18:00:00,       212.569359
01/20/2008 19:00:00,       202.313745
01/20/2008 20:00:00,       220.744223
01/20/2008 21:00:00,       290.451796
01/20/2008 22:00:00,       311.786040
01/20/2008 23:00:00,       315.616380
01/21/2008 00:00:00,       313.901936
01/21/2008 01:00:00,       314.664499
01/21/2008 02:00:00,       317.038051
01/21/2008 03:00:00,       316.390347
01/21/2008 04:00:00,       313.848755
01/21/2008 05:00:00,       308.559475
01/21/2008 06:00:00,       303.553790
01/21/2008 07:00:00,       299.090746
01/21/2008 08:00:00,       298.137813
01/21/2008 09:00:00,       303.953279
01/21/2008 10:00:00,       313.046023
01/21/2008 11:00:00,       315.850422
01/21/2008 12:00:00,       310.111399
01/21/2008 13:00:00,       299.082597
01/21/2008 14:00:00,       265.892265
01/21/2008 15:00:00,       245.804616
01/21/2008 16:00:00,       279.156503
01/21/2008 17:00:00,       304.129668
01/21/2008 18:00:00,       310.582599
01/21/2008 19:00:00,       310.141739
01/21/2008 20:00:00,       307.367115
01/21/2008 21:00:00,       306.589397
01/21/2008 22:00:00,       309.566167
01/21/2008 23:00:00,       315.931824
01/22/2008 00:00:00,       317.817852
01/22/2008 01:00:00,       318.764767
01/22/2008 02:00:00,       317.072736
01/22/2008 03:00:00,       305.110684
01/22/2008 04:00:00,       286.349731
01/22/2008 05:00:00,       260.859460
01/22/2008 06:00:00,       235.517228
01/22/2008 07:00:00,       227.265665
01/22/2008 08:00:00,       191.210868
01/22/2008 09:00:00,       115.249623
01/22/2008 10:00:00,        39.569035
01/22/2008 11:00:00,         4.272337
01/22/2008 12:00:00,        53.784076
01/22/2008 13:00:00,       135.325757
01/22/2008 14:00:00,       152.059699
01/22/2008 15:00:00,       186.109523
01/22/2008 16:00:00,       222.169202
01/22/2008 17:00:00,       216.412230
01/22/2008 18:00:00,       184.160794
01/22/2008 19:00:00,       192.560166
01/22/2008 20:00:00,       155.356121
01/22/2008 21:00:00,       129.585077
01/22/2008 22:00:00,       118.068384
01/22/2008 23:00:00,       124.576392
01/23/2008 00:00:00,       138.470946
01/23/2008 01:00:00,       120.551491
01/23/2008 02:00:00,        90.903446
01/23/2008 03:00:00,        43.516955
01/23/2008 04:00:00,         9.016616
01/23/2008 05:00:00,        20.703048
01/23/2008 06:00:00,        18.914956
01/23/2008 07:00:00,         8.369376
01/23/2008 08:00:00,         9.643457
01/23/2008 09:00:00,        49.562260
01/23/2008 10:00:00,        60.601107
01/23/2008 11:00:00,        53.094627
01/23/2008 12:00:00,        59.165119
01/23/2008 13:00:00,        46.740791
01/23/2008 14:00:00,        34.357149
01/23/2008 15:00:00,        27.555670
01/23/2008 16:00:00,        37.986373
01/23/2008 17:00:00,         7.457875
01/23/2008 18:00:00,         2.331019
01/23/2008 19:00:00,         8.386829
01/23/2008 20:00:00,         3.995101
01/23/2008 21:00:00,         0.730330
01/23/2008 22:00:00,         0.000000
01/23/2008 23:00:00,         0.268661
01/24/2008 00:00:00,        16.949814
01/24/2008 01:00:00,        31.250055
01/24/2008 02:00:00,        19.695200
01/24/2008 03:00:00,        74.905294
01/24/2008 04:00:00,       227.769134
01/24/2008 05:00:00,       281.855211
01/24/2008 06:00:00,       306.108304
01/24/2008 07:00:00,       311.214134
01/24/2008 08:00:00,       307.911573
01/24/2008 09:00:00,       297.236562
01/24/2008 10:00:00,       283.398604
01/24/2008 11:00:00,       259.582193
01/24/2008 12:00:00,       231.208446
01/24/2008 13:00:00,       194.933682
01/24/2008 14:00:00,       165.990951
01/24/2008 15:00:00,       141.627522
01/24/2008 16:00:00,       101.897284
01/24/2008 17:00:00,        93.181572
01/24/2008 18:00:00,        81.301273
01/24/2008 19:00:00,        60.161415
01/24/2008 20:00:00,        49.553621
01/24/2008 21:00:00,        44.931560
01/24/2008 22:00:00,        39.061405
01/24/2008 23:00:00,        41.454297
01/25/2008 00:00:00,        30.632336
01/25/2008 01:00:00,         5.339925
01/25/2008 02:00:00,         0.623832
01/25/2008 03:00:00,         0.053735
01/25/2008 04:00:00,         0.000000
01/25/2008 05:00:00,         0.019064
01/25/2008 06:00:00,         0.043161
01/25/2008 07:00:00,         0.323225
01/25/2008 08:00:00,         0.445987
01/25/2008 09:00:00,         0.289827
01/25/2008 10:00:00,         0.057001
01/25/2008 11:00:00,         0.549016
01/25/2008 12:00:00,        10.418741
01/25/2008 13:00:00,        25.554816
01/25/2008 14:00:00,        52.945105
01/25/2008 15:00:00,        38.814618
01/25/2008 16:00:00,        14.092446
01/25/2008 17:00:00,         1.370385
01/25/2008 18:00:00,         0.368364
01/25/2008 19:00:00,         1.121067
01/25/2008 20:00:00,         7.804446
01/25/2008 21:00:00,        25.363346
01/25/2008 22:00:00,        33.415537
01/25/2008 23:00:00,        17.855887
01/26/2008 00:00:00,         4.350318
01/26/2008 01:00:00,         0.866782
01/26/2008 02:00:00,         0.076641
01/26/2008 03:00:00,         0.144225
01/26/2008 04:00:00,         0.113828
01/26/2008 05:00:00,         0.025675
01/26/2008 06:00:00,         0.002557
01/26/2008 07:00:00,         0.329666
01/26/2008 08:00:00,         7.023446
01/26/2008 09:00:00,        30.366275
01/26/2008 10:00:00,        36.709119
01/26/2008 11:00:00,        36.522684
01/26/2008 12:00:00,        45.838916
01/26/2008 13:00:00,        58.631125
01/26/2008 14:00:00,        55.473033
01/26/2008 15:00:00,        57.767103
01/26/2008 16:00:00,        56.219114
01/26/2008 17:00:00,        31.390504
01/26/2008 18:00:00,        14.961547
01/26/2008 19:00:00,         6.724488
01/26/2008 20:00:00,         4.219741
01/26/2008 21:00:00,         1.042264
01/26/2008 22:00:00,         1.266139
01/26/2008 23:00:00,         8.255208
01/27/2008 00:00:00,        13.710212
01/27/2008 01:00:00,        18.231569
01/27/2008 02:00:00,        15.479096
01/27/2008 03:00:00,         8.253753
01/27/2008 04:00:00,         0.814906
01/27/2008 05:00:00,         0.003136
01/27/2008 06:00:00,         0.000000
01/27/2008 07:00:00,         0.000000
01/27/2008 08:00:00,         0.783818
01/27/2008 09:00:00,        16.696204
01/27/2008 10:00:00,        56.480146
01/27/2008 11:00:00,       111.141622
01/27/2008 12:00:00,       173.484178
01/27/2008 13:00:00,       206.098049
01/27/2008 14:00:00,       220.121217
01/27/2008 15:00:00,       278.555577
01/27/2008 16:00:00,       250.301163
01/27/2008 17:00:00,       154.208931
01/27/2008 18:00:00,        70.859437
01/27/2008 19:00:00,        35.361017
01/27/2008 20:00:00,        47.271943
01/27/2008 21:00:00,        79.378140
01/27/2008 22:00:00,       129.632586
01/27/2008 23:00:00,       213.804717
01/28/2008 00:00:00,       275.192335
01/28/2008 01:00:00,       309.844339
01/28/2008 02:00:00,       314.554171
01/28/2008 03:00:00,       318.702707
01/28/2008 04:00:00,       319.534649
01/28/2008 05:00:00,       319.613300
01/28/2008 06:00:00,       319.839583
01/28/2008 07:00:00,       319.830213
01/28/2008 08:00:00,       319.668607
01/28/2008 09:00:00,       318.651070
01/28/2008 10:00:00,       315.957314
01/28/2008 11:00:00,       272.859202
01/28/2008 12:00:00,       208.276600
01/28/2008 13:00:00,       139.351587
01/28/2008 14:00:00,       108.820186
01/28/2008 15:00:00,       127.295010
01/28/2008 16:00:00,        73.645648
01/28/2008 17:00:00,        15.703574
01/28/2008 18:00:00,        15.821076
01/28/2008 19:00:00,        34.932979
01/28/2008 20:00:00,        53.170928
01/28/2008 21:00:00,        52.505365
01/28/2008 22:00:00,        60.667512
01/28/2008 23:00:00,       111.842973
01/29/2008 00:00:00,       138.972382
01/29/2008 01:00:00,       158.756248
01/29/2008 02:00:00,       139.400487
01/29/2008 03:00:00,       170.066404
01/29/2008 04:00:00,       173.722630
01/29/2008 05:00:00,       151.044965
01/29/2008 06:00:00,       120.140967
01/29/2008 07:00:00,        97.264286
01/29/2008 08:00:00,        93.412903
01/29/2008 09:00:00,        85.929223
01/29/2008 10:00:00,        87.073873
01/29/2008 11:00:00,       105.084504
01/29/2008 12:00:00,       130.681347
01/29/2008 13:00:00,        76.788104
01/29/2008 14:00:00,        38.590955
01/29/2008 15:00:00,        17.598236
01/29/2008 16:00:00,         5.208760
01/29/2008 17:00:00,         0.743100
01/29/2008 18:00:00,         0.133952
01/29/2008 19:00:00,         0.246669
01/29/2008 20:00:00,         0.943739
01/29/2008 21:00:00,         0.972797
01/29/2008 22:00:00,         4.259526
01/29/2008 23:00:00,         6.392199
01/30/2008 00:00:00,         5.568243
01/30/2008 01:00:00,        13.323285
01/30/2008 02:00:00,        44.863339
01/30/2008 03:00:00,        30.631785
01/30/2008 04:00:00,         4.241254
01/30/2008 05:00:00,         2.620507
01/30/2008 06:00:00,         7.269543
01/30/2008 07:00:00,        14.819802
01/30/2008 08:00:00,        19.574856
01/30/2008 09:00:00,         9.318135
01/30/2008 10:00:00,        95.543326
01/30/2008 11:00:00,       106.890933
01/30/2008 12:00:00,        69.326097
01/30/2008 13:00:00,        50.422290
01/30/2008 14:00:00,        48.701777
01/30/2008 15:00:00,        74.629833
01/30/2008 16:00:00,        47.661486
01/30/2008 17:00:00,       160.527057
01/30/2008 18:00:00,       296.787416
01/30/2008 19:00:00,       318.490728
01/30/2008 20:00:00,       319.969218
01/30/2008 21:00:00,       319.959632
01/30/2008 22:00:00,       309.214178
01/30/2008 23:00:00,       319.621196
01/31/2008 00:00:00,       234.657730
01/31/2008 01:00:00,       228.970290
01/31/2008 02:00:00,       132.320949
01/31/2008 03:00:00,       180.811949
01/31/2008 04:00:00,       203.626594
01/31/2008 05:00:00,       289.512385
01/31/2008 06:00:00,       311.297400
01/31/2008 07:00:00,       317.118672
01/31/2008 08:00:00,       320.000000
01/31/2008 09:00:00,       320.000000
01/31/2008 10:00:00,       320.000000
01/31/2008 11:00:00,       320.000000
01/31/2008 12:00:00,       319.920091
01/31/2008 13:00:00,       320.000000
01/31/2008 14:00:00,       319.984610
01/31/2008 15:00:00,       319.679507
01/31/2008 16:00:00,       319.265399
01/31/2008 17:00:00,       319.993538
01/31/2008 18:00:00,       320.000000
01/31/2008 19:00:00,       320.000000
01/31/2008 20:00:00,       320.000000
01/31/2008 21:00:00,       320.000000
01/31/2008 22:00:00,       319.977534
01/31/2008 23:00:00,       319.727675
02/01/2008 00:00:00,       319.457704
02/01/2008 01:00:00,       319.177711
02/01/2008 02:00:00,       318.965763
02/01/2008 03:00:00,       318.069756
02/01/2008 04:00:00,       314.621083
02/01/2008 05:00:00,       308.032967
02/01/2008 06:00:00,       299.806381
02/01/2008 07:00:00,       295.360600
02/01/2008 08:00:00,       287.331895
02/01/2008 09:00:00,       260.832529
02/01/2008 10:00:00,       206.257502
02/01/2008 11:00:00,       169.416251
02/01/2008 12:00:00,       148.196729
02/01/2008 13:00:00,       136.456993
02/01/2008 14:00:00,       116.656578
02/01/2008 15:00:00,        51.991469
02/01/2008 16:00:00,        10.976292
02/01/2008 17:00:00,         1.831163
02/01/2008 18:00:00,         0.659740
02/01/2008 19:00:00,         0.029142
02/01/2008 20:00:00,         0.000000
02/01/2008 21:00:00,         0.000000
02/01/2008 22:00:00,         0.024757
02/01/2008 23:00:00,         0.482246
02/02/2008 00:00:00,         9.040605
02/02/2008 01:00:00,        17.489103
02/02/2008 02:00:00,        26.500056
02/02/2008 03:00:00,        48.159046
02/02/2008 04:00:00,        68.432879
02/02/2008 05:00:00,        93.027655
02/02/2008 06:00:00,       137.019548
02/02/2008 07:00:00,       196.065736
02/02/2008 08:00:00,       210.721025
02/02/2008 09:00:00,       243.069601
02/02/2008 10:00:00,       239.495309
02/02/2008 11:00:00,       245.069990
02/02/2008 12:00:00,       263.956464
02/02/2008 13:00:00,       280.182431
02/02/2008 14:00:00,       300.832759
02/02/2008 15:00:00,       204.383960
02/02/2008 16:00:00,        47.186570
02/02/2008 17:00:00,        13.011449
02/02/2008 18:00:00,       112.000000
02/02/2008 19:00:00,       319.783613
02/02/2008 20:00:00,       239.986583
02/02/2008 21:00:00,       303.998116
02/02/2008 22:00:00,       207.847784
02/02/2008 23:00:00,       198.798258
02/03/2008 00:00:00,       110.007662
02/03/2008 01:00:00,        52.290598
02/03/2008 02:00:00,        22.779510
02/03/2008 03:00:00,        47.197469
02/03/2008 04:00:00,       103.488341
02/03/2008 05:00:00,       117.017570
02/03/2008 06:00:00,       111.681164
02/03/2008 07:00:00,       125.427871
02/03/2008 08:00:00,       141.767843
02/03/2008 09:00:00,       117.856103
02/03/2008 10:00:00,        98.044358
02/03/2008 11:00:00,       118.212521
02/03/2008 12:00:00,       167.654811
02/03/2008 13:00:00,       185.640778
02/03/2008 14:00:00,       178.349787
02/03/2008 15:00:00,        98.063063
02/03/2008 16:00:00,        46.064353
02/03/2008 17:00:00,        30.363713
02/03/2008 18:00:00,        23.271393
02/03/2008 19:00:00,        16.502947
02/03/2008 20:00:00,        14.188305
02/03/2008 21:00:00,         7.678852
02/03/2008 22:00:00,         3.600329
02/03/2008 23:00:00,         2.654643
02/04/2008 00:00:00,         8.568984
02/04/2008 01:00:00,        14.590847
02/04/2008 02:00:00,        33.946216
02/04/2008 03:00:00,        53.518846
02/04/2008 04:00:00,        80.432970
02/04/2008 05:00:00,       121.008387
02/04/2008 06:00:00,       136.075777
02/04/2008 07:00:00,       111.704061
02/04/2008 08:00:00,       122.598855
02/04/2008 09:00:00,       136.376364
02/04/2008 10:00:00,       176.605622
02/04/2008 11:00:00,       198.030207
02/04/2008 12:00:00,       219.593868
02/04/2008 13:00:00,       228.862729
02/04/2008 14:00:00,       239.645446
02/04/2008 15:00:00,       228.279603
02/04/2008 16:00:00,       158.321424
02/04/2008 17:00:00,        82.789841
02/04/2008 18:00:00,        67.588297
02/04/2008 19:00:00,        54.987444
02/04/2008 20:00:00,        49.145965
02/04/2008 21:00:00,        38.499812
02/04/2008 22:00:00,        34.136935
02/04/2008 23:00:00,        51.766610
02/05/2008 00:00:00,        67.091842
02/05/2008 01:00:00,        72.267009
02/05/2008 02:00:00,        70.225510
02/05/2008 03:00:00,        60.161443
02/05/2008 04:00:00,        34.678919
02/05/2008 05:00:00,        26.861261
02/05/2008 06:00:00,        26.057508
02/05/2008 07:00:00,        17.580647
02/05/2008 08:00:00,        14.312970
02/05/2008 09:00:00,         9.633020
02/05/2008 10:00:00,        21.876753
02/05/2008 11:00:00,       114.599906
02/05/2008 12:00:00,       282.574185
02/05/2008 13:00:00,       289.685909
02/05/2008 14:00:00,       317.947635
02/05/2008 15:00:00,       319.646741
02/05/2008 16:00:00,       318.029933
02/05/2008 17:00:00,       315.264522
02/05/2008 18:00:00,       233.861443
02/05/2008 19:00:00,        90.089617
02/05/2008 20:00:00,        26.043043
02/05/2008 21:00:00,        21.350798
02/05/2008 22:00:00,        32.441774
02/05/2008 23:00:00,        21.671829
02/06/2008 00:00:00,        19.486346
02/06/2008 01:00:00,        35.300361
02/06/2008 02:00:00,        59.550473
02/06/2008 03:00:00,        56.901358
02/06/2008 04:00:00,        31.850744
02/06/2008 05:00:00,        14.606074
02/06/2008 06:00:00,         8.781734
02/06/2008 07:00:00,        10.545176
02/06/2008 08:00:00,         6.406796
02/06/2008 09:00:00,         0.000000
02/06/2008 10:00:00,         0.000000
02/06/2008 11:00:00,         0.000000
02/06/2008 12:00:00,         0.000000
02/06/2008 13:00:00,         0.000000
02/06/2008 14:00:00,         0.000000
02/06/2008 15:00:00,         0.000000
02/06/2008 16:00:00,        18.322794
02/06/2008 17:00:00,        35.474456
02/06/2008 18:00:00,        27.235203
02/06/2008 19:00:00,        33.291948
02/06/2008 20:00:00,        58.439477
02/06/2008 21:00:00,        40.103758
02/06/2008 22:00:00,        48.902956
02/06/2008 23:00:00,       118.638757
02/07/2008 00:00:00,       195.124964
02/07/2008 01:00:00,       241.380107
02/07/2008 02:00:00,       258.389635
02/07/2008 03:00:00,       202.829898
02/07/2008 04:00:00,       155.418095
02/07/2008 05:00:00,       144.106588
02/07/2008 06:00:00,       230.218468
02/07/2008 07:00:00,       273.866385
02/07/2008 08:00:00,       268.017804
02/07/2008 09:00:00,       235.885667
02/07/2008 10:00:00,       153.634655
02/07/2008 11:00:00,        83.036435
02/07/2008 12:00:00,        33.363372
02/07/2008 13:00:00,        30.078988
02/07/2008 14:00:00,        32.885563
02/07/2008 15:00:00,        50.496819
02/07/2008 16:00:00,        28.801662
02/07/2008 17:00:00,        30.858753
02/07/2008 18:00:00,        73.423651
02/07/2008 19:00:00,       156.362225
02/07/2008 20:00:00,       197.181201
02/07/2008 21:00:00,       180.286726
02/07/2008 22:00:00,       200.929313
02/07/2008 23:00:00,       140.150969
02/08/2008 00:00:00,       122.506719
02/08/2008 01:00:00,        68.689713
02/08/2008 02:00:00,        22.847635
02/08/2008 03:00:00,        19.084488
02/08/2008 04:00:00,         7.147146
02/08/2008 05:00:00,         3.822339
02/08/2008 06:00:00,         2.942096
02/08/2008 07:00:00,        82.148424
02/08/2008 08:00:00,       282.360474
02/08/2008 09:00:00,       309.084020
02/08/2008 10:00:00,       316.865100
02/08/2008 11:00:00,       319.152676
02/08/2008 12:00:00,       295.369190
02/08/2008 13:00:00,       252.171525
02/08/2008 14:00:00,       241.332938
02/08/2008 15:00:00,       116.393610
02/08/2008 16:00:00,        85.080913
02/08/2008 17:00:00,        61.160116
02/08/2008 18:00:00,        46.060579
02/08/2008 19:00:00,        50.767731
02/08/2008 20:00:00,        57.306012
02/08/2008 21:00:00,        67.718403
02/08/2008 22:00:00,        66.321513
02/08/2008 23:00:00,        50.632642
02/09/2008 00:00:00,        45.942497
02/09/2008 01:00:00,        41.877262
02/09/2008 02:00:00,        46.094705
02/09/2008 03:00:00,        67.703897
02/09/2008 04:00:00,        91.852034
02/09/2008 05:00:00,        64.350019
02/09/2008 06:00:00,        46.283740
02/09/2008 07:00:00,       112.159401
02/09/2008 08:00:00,       178.249279
02/09/2008 09:00:00,       146.205604
02/09/2008 10:00:00,       105.963302
02/09/2008 11:00:00,       135.576079
02/09/2008 12:00:00,       149.750522
02/09/2008 13:00:00,       132.094934
02/09/2008 14:00:00,       130.918059
02/09/2008 15:00:00,       105.252578
02/09/2008 16:00:00,        52.048807
02/09/2008 17:00:00,        38.299653
02/09/2008 18:00:00,        26.979365
02/09/2008 19:00:00,        13.680861
02/09/2008 20:00:00,         7.077530
02/09/2008 21:00:00,         1.728389
02/09/2008 22:00:00,         0.096003
02/09/2008 23:00:00,         0.000000
02/10/2008 00:00:00,         0.000000
02/10/2008 01:00:00,         0.014825
02/10/2008 02:00:00,         6.525339
02/10/2008 03:00:00,        48.527652
02/10/2008 04:00:00,       247.194788
02/10/2008 05:00:00,       269.036675
02/10/2008 06:00:00,       180.941002
02/10/2008 07:00:00,       178.891117
02/10/2008 08:00:00,       129.416484
02/10/2008 09:00:00,        87.546242
02/10/2008 10:00:00,        80.391029
02/10/2008 11:00:00,        79.133974
02/10/2008 12:00:00,        93.814891
02/10/2008 13:00:00,        98.615938
02/10/2008 14:00:00,        83.209137
02/10/2008 15:00:00,        87.254074
02/10/2008 16:00:00,        58.806324
02/10/2008 17:00:00,        56.710201
02/10/2008 18:00:00,        73.483727
02/10/2008 19:00:00,        90.715955
02/10/2008 20:00:00,       106.442001
02/10/2008 21:00:00,        94.838602
02/10/2008 22:00:00,       158.371631
02/10/2008 23:00:00,       190.952224
02/11/2008 00:00:00,       131.465481
02/11/2008 01:00:00,        70.214829
02/11/2008 02:00:00,        99.949413
02/11/2008 03:00:00,       157.779754
02/11/2008 04:00:00,       238.148073
02/11/2008 05:00:00,       295.718928
02/11/2008 06:00:00,       286.270905
02/11/2008 07:00:00,         0.000000
02/11/2008 08:00:00,         0.000000
02/11/2008 09:00:00,        96.000000
02/11/2008 10:00:00,       255.999473
02/11/2008 11:00:00,       319.961978
02/11/2008 12:00:00,       270.087906
02/11/2008 13:00:00,        94.424431
02/11/2008 14:00:00,        54.414587
02/11/2008 15:00:00,        56.356470
02/11/2008 16:00:00,       211.152423
02/11/2008 17:00:00,       132.079571
02/11/2008 18:00:00,       109.497651
02/11/2008 19:00:00,       114.770735
02/11/2008 20:00:00,       158.799024
02/11/2008 21:00:00,       203.296679
02/11/2008 22:00:00,       249.508623
02/11/2008 23:00:00,       278.266992
02/12/2008 00:00:00,       301.664980
02/12/2008 01:00:00,       307.988294
02/12/2008 02:00:00,       295.697916
02/12/2008 03:00:00,       303.080739
02/12/2008 04:00:00,       310.235833
02/12/2008 05:00:00,       311.948172
02/12/2008 06:00:00,       296.189388
02/12/2008 07:00:00,       292.327879
02/12/2008 08:00:00,       258.604809
02/12/2008 09:00:00,       231.214296
02/12/2008 10:00:00,       219.739975
02/12/2008 11:00:00,       234.394833
02/12/2008 12:00:00,       216.365477
02/12/2008 13:00:00,       253.628194
02/12/2008 14:00:00,       274.438474
02/12/2008 15:00:00,       268.687639
02/12/2008 16:00:00,       256.049080
02/12/2008 17:00:00,       243.299172
02/12/2008 18:00:00,       264.286443
02/12/2008 19:00:00,       254.968710
02/12/2008 20:00:00,       205.036809
02/12/2008 21:00:00,       145.595916
02/12/2008 22:00:00,       137.687891
02/12/2008 23:00:00,       150.316846
02/13/2008 00:00:00,       196.315611
02/13/2008 01:00:00,       215.344192
02/13/2008 02:00:00,       219.956359
02/13/2008 03:00:00,       203.611152
02/13/2008 04:00:00,       169.387798
02/13/2008 05:00:00,       118.642911
02/13/2008 06:00:00,        94.876638
02/13/2008 07:00:00,        37.082240
02/13/2008 08:00:00,         5.947400
02/13/2008 09:00:00,        12.765701
02/13/2008 10:00:00,        52.698714
02/13/2008 11:00:00,       252.855684
02/13/2008 12:00:00,       314.609995
02/13/2008 13:00:00,       313.529046
02/13/2008 14:00:00,       241.361709
02/13/2008 15:00:00,       251.710864
02/13/2008 16:00:00,       204.234609
02/13/2008 17:00:00,       151.446260
02/13/2008 18:00:00,       243.384983
02/13/2008 19:00:00,       272.235582
02/13/2008 20:00:00,       271.769949
02/13/2008 21:00:00,       240.726012
02/13/2008 22:00:00,       223.178647
02/13/2008 23:00:00,       172.246983
02/14/2008 00:00:00,       132.555511
02/14/2008 01:00:00,       103.095917
02/14/2008 02:00:00,        85.069587
02/14/2008 03:00:00,        51.388248
02/14/2008 04:00:00,        24.862850
02/14/2008 05:00:00,         2.875335
02/14/2008 06:00:00,         0.159585
02/14/2008 07:00:00,         0.000000
02/14/2008 08:00:00,         0.086330
02/14/2008 09:00:00,         2.885898
02/14/2008 10:00:00,         0.000000
02/14/2008 11:00:00,         2.688145
02/14/2008 12:00:00,        12.212875
02/14/2008 13:00:00,         7.220390
02/14/2008 14:00:00,         4.817759
02/14/2008 15:00:00,         9.955212
02/14/2008 16:00:00,       139.518433
02/14/2008 17:00:00,       165.397349
02/14/2008 18:00:00,       198.426167
02/14/2008 19:00:00,       232.615846
02/14/2008 20:00:00,       275.697675
02/14/2008 21:00:00,       243.399921
02/14/2008 22:00:00,       299.338364
02/14/2008 23:00:00,       303.848895
02/15/2008 00:00:00,       314.001575
02/15/2008 01:00:00,       316.216458
02/15/2008 02:00:00,       314.439937
02/15/2008 03:00:00,       262.950713
02/15/2008 04:00:00,        83.274252
02/15/2008 05:00:00,        64.844181
02/15/2008 06:00:00,        51.193872
02/15/2008 07:00:00,        21.376069
02/15/2008 08:00:00,         4.410740
02/15/2008 09:00:00,         4.175453
02/15/2008 10:00:00,        61.617229
02/15/2008 11:00:00,        83.389594
02/15/2008 12:00:00,       317.904092
02/15/2008 13:00:00,       319.802883
02/15/2008 14:00:00,       319.876409
02/15/2008 15:00:00,       318.086030
02/15/2008 16:00:00,       297.842736
02/15/2008 17:00:00,       190.820156
02/15/2008 18:00:00,        76.953542
02/15/2008 19:00:00,        33.530165
02/15/2008 20:00:00,       148.098694
02/15/2008 21:00:00,       126.593370
02/15/2008 22:00:00,       178.231408
02/15/2008 23:00:00,       316.171585
02/16/2008 00:00:00,       286.897946
02/16/2008 01:00:00,       312.845653
02/16/2008 02:00:00,       319.797792
02/16/2008 03:00:00,       319.742706
02/16/2008 04:00:00,       319.926210
02/16/2008 05:00:00,       319.731763
02/16/2008 06:00:00,       319.683448
02/16/2008 07:00:00,       319.957370
02/16/2008 08:00:00,       319.904165
02/16/2008 09:00:00,       319.849549
02/16/2008 10:00:00,       319.699919
02/16/2008 11:00:00,       318.257094
02/16/2008 12:00:00,       315.316356
02/16/2008 13:00:00,       300.062325
02/16/2008 14:00:00,       270.342810
02/16/2008 15:00:00,       218.106097
02/16/2008 16:00:00,       199.174230
02/16/2008 17:00:00,       228.374598
02/16/2008 18:00:00,       253.090755
02/16/2008 19:00:00,       259.361769
02/16/2008 20:00:00,       275.975915
02/16/2008 21:00:00,       299.663035
02/16/2008 22:00:00,       299.911363
02/16/2008 23:00:00,       290.863518
02/17/2008 00:00:00,       264.452248
02/17/2008 01:00:00,       220.172233
02/17/2008 02:00:00,       188.843929
02/17/2008 03:00:00,       140.236637
02/17/2008 04:00:00,        66.433950
02/17/2008 05:00:00,        29.578501
02/17/2008 06:00:00,        26.103836
02/17/2008 07:00:00,        16.734508
02/17/2008 08:00:00,        19.215503
02/17/2008 09:00:00,        14.928665
02/17/2008 10:00:00,        15.860424
02/17/2008 11:00:00,        11.288682
02/17/2008 12:00:00,         6.339229
02/17/2008 13:00:00,        43.150149
02/17/2008 14:00:00,       108.521903
02/17/2008 15:00:00,       174.689574
02/17/2008 16:00:00,       217.034990
02/17/2008 17:00:00,       146.444098
02/17/2008 18:00:00,       104.204841
02/17/2008 19:00:00,        95.885603
02/17/2008 20:00:00,       109.649076
02/17/2008 21:00:00,       138.470635
02/17/2008 22:00:00,       209.968822
02/17/2008 23:00:00,       286.990349
02/18/2008 00:00:00,       315.649061
02/18/2008 01:00:00,       319.723871
02/18/2008 02:00:00,       319.971299
02/18/2008 03:00:00,       319.990102
02/18/2008 04:00:00,       319.993053
02/18/2008 05:00:00,       319.993909
02/18/2008 06:00:00,       319.997061
02/18/2008 07:00:00,       319.997200
02/18/2008 08:00:00,       319.999098
02/18/2008 09:00:00,       320.000000
02/18/2008 10:00:00,       319.994059
02/18/2008 11:00:00,       319.876370
02/18/2008 12:00:00,       319.856459
02/18/2008 13:00:00,       319.858670
02/18/2008 14:00:00,       318.425772
02/18/2008 15:00:00,       319.801046
02/18/2008 16:00:00,       317.189339
02/18/2008 17:00:00,       312.049504
02/18/2008 18:00:00,       298.911612
02/18/2008 19:00:00,       268.646085
02/18/2008 20:00:00,       310.561923
02/18/2008 21:00:00,       307.423452
02/18/2008 22:00:00,       295.675806
02/18/2008 23:00:00,       310.247248
02/19/2008 00:00:00,       316.695322
02/19/2008 01:00:00,       317.340284
02/19/2008 02:00:00,       312.006030
02/19/2008 03:00:00,       315.159618
02/19/2008 04:00:00,       299.380408
02/19/2008 05:00:00,       314.388144
02/19/2008 06:00:00,       289.719498
02/19/2008 07:00:00,       308.635941
02/19/2008 08:00:00,       318.476446
02/19/2008 09:00:00,       319.423339
02/19/2008 10:00:00,       319.856518
02/19/2008 11:00:00,       319.689200
02/19/2008 12:00:00,       319.086900
02/19/2008 13:00:00,       317.452630
02/19/2008 14:00:00,       316.613292
02/19/2008 15:00:00,       309.615067
02/19/2008 16:00:00,       302.732964
02/19/2008 17:00:00,       311.281843
02/19/2008 18:00:00,       316.422333
02/19/2008 19:00:00,       318.123930
02/19/2008 20:00:00,       319.079331
02/19/2008 21:00:00,       319.394996
02/19/2008 22:00:00,       316.499428
02/19/2008 23:00:00,       231.096883
02/20/2008 00:00:00,        77.073869
02/20/2008 01:00:00,        57.959838
02/20/2008 02:00:00,        91.861797
02/20/2008 03:00:00,       106.868521
02/20/2008 04:00:00,        87.177646
02/20/2008 05:00:00,       184.615402
02/20/2008 06:00:00,       259.604124
02/20/2008 07:00:00,       247.095819
02/20/2008 08:00:00,       173.771609
02/20/2008 09:00:00,       246.839201
02/20/2008 10:00:00,       214.983836
02/20/2008 11:00:00,       221.911473
02/20/2008 12:00:00,       278.086790
02/20/2008 13:00:00,       315.534965
02/20/2008 14:00:00,       317.668724
02/20/2008 15:00:00,       306.737901
02/20/2008 16:00:00,       310.195368
02/20/2008 17:00:00,       313.655426
02/20/2008 18:00:00,       315.262583
02/20/2008 19:00:00,       314.764012
02/20/2008 20:00:00,       313.093958
02/20/2008 21:00:00,       313.827909
02/20/2008 22:00:00,       313.211701
02/20/2008 23:00:00,       316.306153
02/21/2008 00:00:00,       317.678023
02/21/2008 01:00:00,       303.171430
02/21/2008 02:00:00,       287.931848
02/21/2008 03:00:00,       304.141189
02/21/2008 04:00:00,       308.770429
02/21/2008 05:00:00,       301.578720
02/21/2008 06:00:00,       307.979296
02/21/2008 07:00:00,       308.759404
02/21/2008 08:00:00,       306.786517
02/21/2008 09:00:00,       300.565243
02/21/2008 10:00:00,       291.686387
02/21/2008 11:00:00,       283.484354
02/21/2008 12:00:00,       276.707921
02/21/2008 13:00:00,       266.970729
02/21/2008 14:00:00,       250.316099
02/21/2008 15:00:00,       249.452099
02/21/2008 16:00:00,       249.593725
02/21/2008 17:00:00,       211.032452
02/21/2008 18:00:00,       209.551150
02/21/2008 19:00:00,       190.435868
02/21/2008 20:00:00,       194.866741
02/21/2008 21:00:00,       224.611600
02/21/2008 22:00:00,       226.465188
02/21/2008 23:00:00,       210.995152
02/22/2008 00:00:00,       177.410189
02/22/2008 01:00:00,       156.611520
02/22/2008 02:00:00,       172.111191
02/22/2008 03:00:00,       183.449949
02/22/2008 04:00:00,       180.252170
02/22/2008 05:00:00,       138.170219
02/22/2008 06:00:00,       144.244799
02/22/2008 07:00:00,       142.864152
02/22/2008 08:00:00,       124.079386
02/22/2008 09:00:00,       137.630990
02/22/2008 10:00:00,       124.604022
02/22/2008 11:00:00,        65.297994
02/22/2008 12:00:00,        58.329189
02/22/2008 13:00:00,        91.116878
02/22/2008 14:00:00,       136.247546
02/22/2008 15:00:00,       166.157593
02/22/2008 16:00:00,       102.750493
02/22/2008 17:00:00,        54.623832
02/22/2008 18:00:00,       101.820765
02/22/2008 19:00:00,       125.124070
02/22/2008 20:00:00,        90.881257
02/22/2008 21:00:00,       164.478749
02/22/2008 22:00:00,        68.793348
02/22/2008 23:00:00,        93.421625
02/23/2008 00:00:00,        61.122816
02/23/2008 01:00:00,        40.925006
02/23/2008 02:00:00,        64.511855
02/23/2008 03:00:00,       116.739499
02/23/2008 04:00:00,       125.089754
02/23/2008 05:00:00,       107.451986
02/23/2008 06:00:00,        79.487944
02/23/2008 07:00:00,        54.413648
02/23/2008 08:00:00,        24.492050
02/23/2008 09:00:00,         5.181523
02/23/2008 10:00:00,         2.825913
02/23/2008 11:00:00,         6.172403
02/23/2008 12:00:00,         9.425367
02/23/2008 13:00:00,         9.013155
02/23/2008 14:00:00,        10.750674
02/23/2008 15:00:00,        19.671346
02/23/2008 16:00:00,         3.270533
02/23/2008 17:00:00,        13.315197
02/23/2008 18:00:00,        34.429136
02/23/2008 19:00:00,        30.375121
02/23/2008 20:00:00,        64.026457
02/23/2008 21:00:00,        59.334686
02/23/2008 22:00:00,        35.065858
02/23/2008 23:00:00,        55.737721
02/24/2008 00:00:00,       101.133536
02/24/2008 01:00:00,       234.514080
02/24/2008 02:00:00,       276.309037
02/24/2008 03:00:00,       287.709784
02/24/2008 04:00:00,       304.929849
02/24/2008 05:00:00,       314.515338
02/24/2008 06:00:00,       314.894302
02/24/2008 07:00:00,       313.690015
02/24/2008 08:00:00,       311.479817
02/24/2008 09:00:00,       306.549817
02/24/2008 10:00:00,       296.897787
02/24/2008 11:00:00,       297.421041
02/24/2008 12:00:00,       275.453313
02/24/2008 13:00:00,       252.153128
02/24/2008 14:00:00,       277.896242
02/24/2008 15:00:00,       245.665834
02/24/2008 16:00:00,       189.234715
02/24/2008 17:00:00,       187.525846
02/24/2008 18:00:00,       183.545000
02/24/2008 19:00:00,       243.188315
02/24/2008 20:00:00,       293.000832
02/24/2008 21:00:00,       314.995075
02/24/2008 22:00:00,       317.809159
02/24/2008 23:00:00,       319.471259
02/25/2008 00:00:00,       319.718293
02/25/2008 01:00:00,       319.292437
02/25/2008 02:00:00,       319.229597
02/25/2008 03:00:00,       318.597753
02/25/2008 04:00:00,       313.322221
02/25/2008 05:00:00,       310.201922
02/25/2008 06:00:00,       312.150818
02/25/2008 07:00:00,       306.198851
02/25/2008 08:00:00,       292.603221
02/25/2008 09:00:00,       262.666252
02/25/2008 10:00:00,       234.407744
02/25/2008 11:00:00,       216.743914
02/25/2008 12:00:00,       190.337118
02/25/2008 13:00:00,       158.087178
02/25/2008 14:00:00,         0.000000
02/25/2008 15:00:00,         0.000000
02/25/2008 16:00:00,         5.376250
02/25/2008 17:00:00,         0.773539
02/25/2008 18:00:00,         0.385362
02/25/2008 19:00:00,         0.477941
02/25/2008 20:00:00,         0.251226
02/25/2008 21:00:00,         0.172965
02/25/2008 22:00:00,         0.254700
02/25/2008 23:00:00,         0.529392
02/26/2008 00:00:00,         4.175801
02/26/2008 01:00:00,         7.683433
02/26/2008 02:00:00,        11.720110
02/26/2008 03:00:00,         9.242704
02/26/2008 04:00:00,         4.681811
02/26/2008 05:00:00,         9.217484
02/26/2008 06:00:00,        25.455820
02/26/2008 07:00:00,        26.731078
02/26/2008 08:00:00,        48.065557
02/26/2008 09:00:00,        37.414945
02/26/2008 10:00:00,        39.293506
02/26/2008 11:00:00,        47.960494
02/26/2008 12:00:00,        53.100027
02/26/2008 13:00:00,        49.546289
02/26/2008 14:00:00,        38.519624
02/26/2008 15:00:00,        33.479791
02/26/2008 16:00:00,        23.385654
02/26/2008 17:00:00,        16.221947
02/26/2008 18:00:00,        20.091560
02/26/2008 19:00:00,        22.727983
02/26/2008 20:00:00,        23.588303
02/26/2008 21:00:00,        12.921133
02/26/2008 22:00:00,         7.497088
02/26/2008 23:00:00,         1.014614
02/27/2008 00:00:00,         0.018429
02/27/2008 01:00:00,         0.000000
02/27/2008 02:00:00,         0.000000
02/27/2008 03:00:00,         0.779928
02/27/2008 04:00:00,         9.929802
02/27/2008 05:00:00,        18.206220
02/27/2008 06:00:00,        21.016389
02/27/2008 07:00:00,        85.121678
02/27/2008 08:00:00,       246.966922
02/27/2008 09:00:00,       272.796355
02/27/2008 10:00:00,       280.846061
02/27/2008 11:00:00,       278.368610
02/27/2008 12:00:00,       288.735840
02/27/2008 13:00:00,       307.393974
02/27/2008 14:00:00,       315.026087
02/27/2008 15:00:00,       309.544328
02/27/2008 16:00:00,       303.689237
02/27/2008 17:00:00,       308.551685
02/27/2008 18:00:00,       316.062242
02/27/2008 19:00:00,       313.475090
02/27/2008 20:00:00,       308.950935
02/27/2008 21:00:00,       299.946971
02/27/2008 22:00:00,       244.260707
02/27/2008 23:00:00,       185.428621
02/28/2008 00:00:00,       122.902077
02/28/2008 01:00:00,        84.671950
02/28/2008 02:00:00,        40.771281
02/28/2008 03:00:00,        52.525857
02/28/2008 04:00:00,        75.496517
02/28/2008 05:00:00,        76.488643
02/28/2008 06:00:00,        62.758842
02/28/2008 07:00:00,        54.081793
02/28/2008 08:00:00,        55.070638
02/28/2008 09:00:00,        50.313644
02/28/2008 10:00:00,        55.945717
02/28/2008 11:00:00,        52.073588
02/28/2008 12:00:00,        40.793290
02/28/2008 13:00:00,        40.706525
02/28/2008 14:00:00,        68.888471
02/28/2008 15:00:00,        28.868913
02/28/2008 16:00:00,        19.707523
02/28/2008 17:00:00,        23.279695
02/28/2008 18:00:00,        26.483355
02/28/2008 19:00:00,        35.899793
02/28/2008 20:00:00,       101.628022
02/28/2008 21:00:00,       167.994125
02/28/2008 22:00:00,       218.896822
02/28/2008 23:00:00,       261.751325
02/29/2008 00:00:00,       245.242830
02/29/2008 01:00:00,       222.289188
02/29/2008 02:00:00,       226.114487
02/29/2008 03:00:00,       190.111417
02/29/2008 04:00:00,       156.030310
02/29/2008 05:00:00,       128.032270
02/29/2008 06:00:00,       126.076055
02/29/2008 07:00:00,       102.537053
02/29/2008 08:00:00,       103.787776
02/29/2008 09:00:00,        79.958414
02/29/2008 10:00:00,        48.044294
02/29/2008 11:00:00,        34.372785
02/29/2008 12:00:00,        29.280933
02/29/2008 13:00:00,        29.653695
02/29/2008 14:00:00,        30.775612
02/29/2008 15:00:00,        33.565040
02/29/2008 16:00:00,        27.691323
02/29/2008 17:00:00,        40.264867
02/29/2008 18:00:00,        40.936458
02/29/2008 19:00:00,        46.751135
02/29/2008 20:00:00,        48.013140
02/29/2008 21:00:00,        35.343323
02/29/2008 22:00:00,        29.638340
02/29/2008 23:00:00,        11.232392
03/01/2008 00:00:00,         2.866170
03/01/2008 01:00:00,         0.394189
03/01/2008 02:00:00,         0.051915
03/01/2008 03:00:00,        12.163005
03/01/2008 04:00:00,        59.599176
03/01/2008 05:00:00,       153.426263
03/01/2008 06:00:00,       235.863632
03/01/2008 07:00:00,       300.699420
03/01/2008 08:00:00,       319.003900
03/01/2008 09:00:00,       319.868487
03/01/2008 10:00:00,       319.870088
03/01/2008 11:00:00,       319.725516
03/01/2008 12:00:00,       319.679590
03/01/2008 13:00:00,       319.575946
03/01/2008 14:00:00,       319.498915
03/01/2008 15:00:00,       314.521119
03/01/2008 16:00:00,       244.036500
03/01/2008 17:00:00,       173.962238
03/01/2008 18:00:00,        91.342219
03/01/2008 19:00:00,        75.522460
03/01/2008 20:00:00,        77.823319
03/01/2008 21:00:00,        63.269656
03/01/2008 22:00:00,        50.788446
03/01/2008 23:00:00,        45.617397
03/02/2008 00:00:00,        72.514036
03/02/2008 01:00:00,        77.036447
03/02/2008 02:00:00,        64.745471
03/02/2008 03:00:00,        70.678225
03/02/2008 04:00:00,        86.153743
03/02/2008 05:00:00,       147.050990
03/02/2008 06:00:00,       120.794529
03/02/2008 07:00:00,         0.000000
03/02/2008 08:00:00,         0.000000
03/02/2008 09:00:00,         0.000000
03/02/2008 10:00:00,        63.972041
03/02/2008 11:00:00,       256.000000
03/02/2008 12:00:00,       206.462314
03/02/2008 13:00:00,       148.930947
03/02/2008 14:00:00,       170.300783
03/02/2008 15:00:00,        61.663513
03/02/2008 16:00:00,        36.288871
03/02/2008 17:00:00,       112.728020
03/02/2008 18:00:00,       218.223774
03/02/2008 19:00:00,       288.876726
03/02/2008 20:00:00,       312.007200
03/02/2008 21:00:00,       317.656057
03/02/2008 22:00:00,       313.370151
03/02/2008 23:00:00,       313.645877
03/03/2008 00:00:00,       316.264225
03/03/2008 01:00:00,       317.453078
03/03/2008 02:00:00,       315.590898
03/03/2008 03:00:00,       312.626410
03/03/2008 04:00:00,       287.874091
03/03/2008 05:00:00,       279.595913
03/03/2008 06:00:00,       271.356061
03/03/2008 07:00:00,       242.378985
03/03/2008 08:00:00,       196.338468
03/03/2008 09:00:00,        73.541904
03/03/2008 10:00:00,        25.971155
03/03/2008 11:00:00,         4.199286
03/03/2008 12:00:00,         1.700746
03/03/2008 13:00:00,         1.503484
03/03/2008 14:00:00,         0.110912
03/03/2008 15:00:00,         0.013020
03/03/2008 16:00:00,         0.000000
03/03/2008 17:00:00,         0.020048
03/03/2008 18:00:00,         2.465395
03/03/2008 19:00:00,         6.240549
03/03/2008 20:00:00,        13.168622
03/03/2008 21:00:00,        56.287279
03/03/2008 22:00:00,       141.849786
03/03/2008 23:00:00,       207.194959
03/04/2008 00:00:00,       272.281579
03/04/2008 01:00:00,       304.610395
03/04/2008 02:00:00,       317.506454
03/04/2008 03:00:00,       318.015979
03/04/2008 04:00:00,       316.873843
03/04/2008 05:00:00,       312.530138
03/04/2008 06:00:00,       224.152073
03/04/2008 07:00:00,       319.972077
03/04/2008 08:00:00,       319.998675
03/04/2008 09:00:00,       319.773352
03/04/2008 10:00:00,       319.036036
03/04/2008 11:00:00,       313.131913
03/04/2008 12:00:00,       319.847248
03/04/2008 13:00:00,       144.000000
03/04/2008 14:00:00,        31.986896
03/04/2008 15:00:00,       307.076559
03/04/2008 16:00:00,       318.384409
03/04/2008 17:00:00,       320.000000
03/04/2008 18:00:00,       320.000000
03/04/2008 19:00:00,       320.000000
03/04/2008 20:00:00,       320.000000
03/04/2008 21:00:00,       320.000000
03/04/2008 22:00:00,       320.000000
03/04/2008 23:00:00,       320.000000
03/05/2008 00:00:00,       319.984357
03/05/2008 01:00:00,       319.350801
03/05/2008 02:00:00,       305.587837
03/05/2008 03:00:00,       243.836527
03/05/2008 04:00:00,       130.032484
03/05/2008 05:00:00,        62.076977
03/05/2008 06:00:00,        34.386929
03/05/2008 07:00:00,        76.152096
03/05/2008 08:00:00,        44.022111
03/05/2008 09:00:00,         8.246366
03/05/2008 10:00:00,         9.793159
03/05/2008 11:00:00,        18.653936
03/05/2008 12:00:00,        26.903643
03/05/2008 13:00:00,        42.311824
03/05/2008 14:00:00,        42.144352
03/05/2008 15:00:00,        44.903270
03/05/2008 16:00:00,       122.085226
03/05/2008 17:00:00,       187.722360
03/05/2008 18:00:00,       200.248815
03/05/2008 19:00:00,       191.413461
03/05/2008 20:00:00,       174.037039
03/05/2008 21:00:00,       163.095758
03/05/2008 22:00:00,       152.903807
03/05/2008 23:00:00,       148.670961
03/06/2008 00:00:00,       141.482328
03/06/2008 01:00:00,       190.413549
03/06/2008 02:00:00,        54.535017
03/06/2008 03:00:00,        22.364585
03/06/2008 04:00:00,        19.520080
03/06/2008 05:00:00,         2.439338
03/06/2008 06:00:00,         0.000000
03/06/2008 07:00:00,         0.000000
03/06/2008 08:00:00,         0.000000
03/06/2008 09:00:00,        19.459495
03/06/2008 10:00:00,        77.070904
03/06/2008 11:00:00,       214.585294
03/06/2008 12:00:00,       285.674811
03/06/2008 13:00:00,       281.622912
03/06/2008 14:00:00,       316.659611
03/06/2008 15:00:00,       306.339965
03/06/2008 16:00:00,       262.125122
03/06/2008 17:00:00,       251.150827
03/06/2008 18:00:00,       215.239736
03/06/2008 19:00:00,       165.228192
03/06/2008 20:00:00,       101.518332
03/06/2008 21:00:00,        97.298573
03/06/2008 22:00:00,        45.631994
03/06/2008 23:00:00,        26.098940
03/07/2008 00:00:00,        12.999569
03/07/2008 01:00:00,         6.483863
03/07/2008 02:00:00,        97.621457
03/07/2008 03:00:00,       199.362991
03/07/2008 04:00:00,       241.200546
03/07/2008 05:00:00,       221.851048
03/07/2008 06:00:00,       234.113700
03/07/2008 07:00:00,       263.187297
03/07/2008 08:00:00,       247.887659
03/07/2008 09:00:00,       235.787636
03/07/2008 10:00:00,       191.851102
03/07/2008 11:00:00,       189.769763
03/07/2008 12:00:00,       234.129593
03/07/2008 13:00:00,       259.381043
03/07/2008 14:00:00,       245.608724
03/07/2008 15:00:00,       220.301874
03/07/2008 16:00:00,       155.562084
03/07/2008 17:00:00,        70.061374
03/07/2008 18:00:00,        48.466738
03/07/2008 19:00:00,        20.799333
03/07/2008 20:00:00,         9.562120
03/07/2008 21:00:00,         5.487544
03/07/2008 22:00:00,         3.654800
03/07/2008 23:00:00,         0.000000
03/08/2008 00:00:00,         0.259418
03/08/2008 01:00:00,         1.679323
03/08/2008 02:00:00,         4.603334
03/08/2008 03:00:00,         5.471979
03/08/2008 04:00:00,         5.284697
03/08/2008 05:00:00,         7.899307
03/08/2008 06:00:00,        19.655740
03/08/2008 07:00:00,        17.942117
03/08/2008 08:00:00,         5.827413
03/08/2008 09:00:00,         1.410782
03/08/2008 10:00:00,         0.140747
03/08/2008 11:00:00,         0.000000
03/08/2008 12:00:00,         0.000000
03/08/2008 13:00:00,         0.000000
03/08/2008 14:00:00,         0.000000
03/08/2008 15:00:00,         0.000000
03/08/2008 16:00:00,         0.000000
03/08/2008 17:00:00,       121.203378
03/08/2008 18:00:00,       108.137910
03/08/2008 19:00:00,        84.428363
03/08/2008 20:00:00,       100.282933
03/08/2008 21:00:00,       195.109029
03/08/2008 22:00:00,       305.259796
03/08/2008 23:00:00,       318.098540
03/09/2008 00:00:00,       310.142337
03/09/2008 01:00:00,       314.770700
03/09/2008 02:00:00,       313.581087
03/09/2008 03:00:00,       317.711481
03/09/2008 04:00:00,       319.427630
03/09/2008 05:00:00,       319.821424
03/09/2008 06:00:00,       319.763687
03/09/2008 07:00:00,       319.838558
03/09/2008 08:00:00,       319.823308
03/09/2008 09:00:00,       319.985107
03/09/2008 10:00:00,       319.996086
03/09/2008 11:00:00,       320.000000
03/09/2008 12:00:00,       320.000000
03/09/2008 13:00:00,       320.000000
03/09/2008 14:00:00,       320.000000
03/09/2008 15:00:00,       320.000000
03/09/2008 16:00:00,       320.000000
03/09/2008 17:00:00,       320.000000
03/09/2008 18:00:00,       319.945012
03/09/2008 19:00:00,       318.698375
03/09/2008 20:00:00,       311.383032
03/09/2008 21:00:00,       300.986288
03/09/2008 22:00:00,       233.046377
03/09/2008 23:00:00,        74.458193
03/10/2008 00:00:00,        60.644096
03/10/2008 01:00:00,        46.680508
03/10/2008 02:00:00,        60.215507
03/10/2008 03:00:00,        69.979810
03/10/2008 04:00:00,        89.382152
03/10/2008 05:00:00,        83.791054
03/10/2008 06:00:00,        75.002540
03/10/2008 07:00:00,        46.123492
03/10/2008 08:00:00,        20.792248
03/10/2008 09:00:00,        14.974644
03/10/2008 10:00:00,        15.012808
03/10/2008 11:00:00,        16.175277
03/10/2008 12:00:00,        13.886532
03/10/2008 13:00:00,        12.374609
03/10/2008 14:00:00,        23.263649
03/10/2008 15:00:00,        51.573481
03/10/2008 16:00:00,        26.329274
03/10/2008 17:00:00,        31.422356
03/10/2008 18:00:00,        41.659599
03/10/2008 19:00:00,        47.350578
03/10/2008 20:00:00,        45.708841
03/10/2008 21:00:00,        50.917780
03/10/2008 22:00:00,        63.215072
03/10/2008 23:00:00,        60.348697
03/11/2008 00:00:00,        78.573579
03/11/2008 01:00:00,       122.780145
03/11/2008 02:00:00,       166.335371
03/11/2008 03:00:00,       224.537413
03/11/2008 04:00:00,       292.702228
03/11/2008 05:00:00,       309.360458
03/11/2008 06:00:00,       303.103207
03/11/2008 07:00:00,       283.212712
03/11/2008 08:00:00,       272.150348
03/11/2008 09:00:00,       303.402178
03/11/2008 10:00:00,       307.613097
03/11/2008 11:00:00,       291.171742
03/11/2008 12:00:00,       284.553225
03/11/2008 13:00:00,       286.933298
03/11/2008 14:00:00,       242.391627
03/11/2008 15:00:00,       152.674107
03/11/2008 16:00:00,       147.058172
03/11/2008 17:00:00,       154.213024
03/11/2008 18:00:00,       190.129256
03/11/2008 19:00:00,       224.280647
03/11/2008 20:00:00,       207.315030
03/11/2008 21:00:00,       174.205238
03/11/2008 22:00:00,       164.848105
03/11/2008 23:00:00,       165.635753
03/12/2008 00:00:00,       210.351652
03/12/2008 01:00:00,       195.155500
03/12/2008 02:00:00,       212.391052
03/12/2008 03:00:00,       230.120778
03/12/2008 04:00:00,       246.707985
03/12/2008 05:00:00,       262.705191
03/12/2008 06:00:00,       268.448730
03/12/2008 07:00:00,       269.655506
03/12/2008 08:00:00,       233.363577
03/12/2008 09:00:00,       221.800674
03/12/2008 10:00:00,       220.120299
03/12/2008 11:00:00,       199.777143
03/12/2008 12:00:00,       175.776913
03/12/2008 13:00:00,       150.535564
03/12/2008 14:00:00,       101.872162
03/12/2008 15:00:00,        52.116602
03/12/2008 16:00:00,        21.524521
03/12/2008 17:00:00,        19.640625
03/12/2008 18:00:00,        87.234949
03/12/2008 19:00:00,        99.776697
03/12/2008 20:00:00,        68.464585
03/12/2008 21:00:00,        56.625831
03/12/2008 22:00:00,         7.752567
03/12/2008 23:00:00,        91.135813
03/13/2008 00:00:00,       163.329159
03/13/2008 01:00:00,       166.396257
03/13/2008 02:00:00,       190.055264
03/13/2008 03:00:00,       228.936619
03/13/2008 04:00:00,       246.098537
03/13/2008 05:00:00,       234.799517
03/13/2008 06:00:00,       195.331583
03/13/2008 07:00:00,       158.842603
03/13/2008 08:00:00,       152.271224
03/13/2008 09:00:00,       175.664944
03/13/2008 10:00:00,       178.632865
03/13/2008 11:00:00,       151.140057
03/13/2008 12:00:00,       133.608603
03/13/2008 13:00:00,       118.833766
03/13/2008 14:00:00,       117.473160
03/13/2008 15:00:00,        57.587533
03/13/2008 16:00:00,        11.743101
03/13/2008 17:00:00,         4.587792
03/13/2008 18:00:00,         7.711679
03/13/2008 19:00:00,        13.162018
03/13/2008 20:00:00,        17.085117
03/13/2008 21:00:00,        14.309057
03/13/2008 22:00:00,         8.418252
03/13/2008 23:00:00,         9.352406
03/14/2008 00:00:00,        14.120181
03/14/2008 01:00:00,         8.461936
03/14/2008 02:00:00,         1.847161
03/14/2008 03:00:00,         1.987987
03/14/2008 04:00:00,        20.960644
03/14/2008 05:00:00,        21.716013
03/14/2008 06:00:00,        13.078369
03/14/2008 07:00:00,         3.186951
03/14/2008 08:00:00,         0.001682
03/14/2008 09:00:00,         4.328502
03/14/2008 10:00:00,        10.891507
03/14/2008 11:00:00,         0.891680
03/14/2008 12:00:00,         0.408231
03/14/2008 13:00:00,         5.653262
03/14/2008 14:00:00,        22.491653
03/14/2008 15:00:00,        11.006008
03/14/2008 16:00:00,        20.932163
03/14/2008 17:00:00,        46.600453
03/14/2008 18:00:00,        40.614217
03/14/2008 19:00:00,        46.867179
03/14/2008 20:00:00,        52.406647
03/14/2008 21:00:00,        51.325539
03/14/2008 22:00:00,        48.841123
03/14/2008 23:00:00,        40.556926
03/15/2008 00:00:00,        50.285430
03/15/2008 01:00:00,        58.716120
03/15/2008 02:00:00,        35.335213
03/15/2008 03:00:00,        12.447000
03/15/2008 04:00:00,        67.819295
03/15/2008 05:00:00,       144.266289
03/15/2008 06:00:00,       201.335045
03/15/2008 07:00:00,       151.081519
03/15/2008 08:00:00,       130.834946
03/15/2008 09:00:00,        84.372103
03/15/2008 10:00:00,        71.001019
03/15/2008 11:00:00,        60.026447
03/15/2008 12:00:00,        68.701776
03/15/2008 13:00:00,        75.355141
03/15/2008 14:00:00,        89.632649
03/15/2008 15:00:00,        58.362470
03/15/2008 16:00:00,        25.812488
03/15/2008 17:00:00,        39.241978
03/15/2008 18:00:00,        62.856325
03/15/2008 19:00:00,       104.951880
03/15/2008 20:00:00,       126.042464
03/15/2008 21:00:00,       120.278418
03/15/2008 22:00:00,       109.235497
03/15/2008 23:00:00,       116.901370
03/16/2008 00:00:00,       119.422556
03/16/2008 01:00:00,       103.269006
03/16/2008 02:00:00,        72.334652
03/16/2008 03:00:00,        59.288518
03/16/2008 04:00:00,       154.785251
03/16/2008 05:00:00,       220.178214
03/16/2008 06:00:00,       229.526314
03/16/2008 07:00:00,       219.886006
03/16/2008 08:00:00,       229.380190
03/16/2008 09:00:00,       162.979778
03/16/2008 10:00:00,        80.625629
03/16/2008 11:00:00,       104.543517
03/16/2008 12:00:00,       178.137727
03/16/2008 13:00:00,       135.131111
03/16/2008 14:00:00,       163.994852
03/16/2008 15:00:00,       131.047830
03/16/2008 16:00:00,        66.300818
03/16/2008 17:00:00,        12.767494
03/16/2008 18:00:00,         1.802728
03/16/2008 19:00:00,        13.998648
03/16/2008 20:00:00,        29.977180
03/16/2008 21:00:00,        25.772511
03/16/2008 22:00:00,         5.813739
03/16/2008 23:00:00,         0.000000
03/17/2008 00:00:00,         0.000000
03/17/2008 01:00:00,         0.000000
03/17/2008 02:00:00,         1.405319
03/17/2008 03:00:00,         1.483319
03/17/2008 04:00:00,         1.278261
03/17/2008 05:00:00,         0.000000
03/17/2008 06:00:00,         0.152145
03/17/2008 07:00:00,         3.289746
03/17/2008 08:00:00,       142.400541
03/17/2008 09:00:00,       183.089886
03/17/2008 10:00:00,       173.085807
03/17/2008 11:00:00,       141.485198
03/17/2008 12:00:00,       141.607219
03/17/2008 13:00:00,       138.375486
03/17/2008 14:00:00,       126.076603
03/17/2008 15:00:00,        88.419894
03/17/2008 16:00:00,        54.916863
03/17/2008 17:00:00,        50.530206
03/17/2008 18:00:00,        49.720243
03/17/2008 19:00:00,        47.297231
03/17/2008 20:00:00,        27.788830
03/17/2008 21:00:00,        30.656417
03/17/2008 22:00:00,         8.553360
03/17/2008 23:00:00,         1.178182
03/18/2008 00:00:00,         5.357945
03/18/2008 01:00:00,        17.953832
03/18/2008 02:00:00,         3.118304
03/18/2008 03:00:00,        20.151770
03/18/2008 04:00:00,        44.772252
03/18/2008 05:00:00,        25.006240
03/18/2008 06:00:00,         7.008094
03/18/2008 07:00:00,         8.318128
03/18/2008 08:00:00,       119.678173
03/18/2008 09:00:00,       195.202175
03/18/2008 10:00:00,       207.176758
03/18/2008 11:00:00,       149.262597
03/18/2008 12:00:00,        92.166726
03/18/2008 13:00:00,        54.670971
03/18/2008 14:00:00,        29.720725
03/18/2008 15:00:00,         9.231743
03/18/2008 16:00:00,         0.022491
03/18/2008 17:00:00,         0.001091
03/18/2008 18:00:00,         0.007095
03/18/2008 19:00:00,         0.016681
03/18/2008 20:00:00,         0.011334
03/18/2008 21:00:00,         0.003936
03/18/2008 22:00:00,         0.059624
03/18/2008 23:00:00,         0.272114
03/19/2008 00:00:00,         0.367108
03/19/2008 01:00:00,         0.051896
03/19/2008 02:00:00,         0.242630
03/19/2008 03:00:00,         0.789447
03/19/2008 04:00:00,         1.561323
03/19/2008 05:00:00,         9.246015
03/19/2008 06:00:00,        52.185739
03/19/2008 07:00:00,       109.003095
03/19/2008 08:00:00,       145.131191
03/19/2008 09:00:00,       283.578799
03/19/2008 10:00:00,       313.075754
03/19/2008 11:00:00,       290.916395
03/19/2008 12:00:00,       216.302712
03/19/2008 13:00:00,       222.665869
03/19/2008 14:00:00,       223.544013
03/19/2008 15:00:00,       191.722351
03/19/2008 16:00:00,       115.535161
03/19/2008 17:00:00,        29.049733
03/19/2008 18:00:00,        49.380877
03/19/2008 19:00:00,        96.149126
03/19/2008 20:00:00,        76.188035
03/19/2008 21:00:00,        53.538836
03/19/2008 22:00:00,        63.729418
03/19/2008 23:00:00,        91.842847
03/20/2008 00:00:00,       106.566022
03/20/2008 01:00:00,       105.835087
03/20/2008 02:00:00,       100.162242
03/20/2008 03:00:00,       102.036783
03/20/2008 04:00:00,        88.914569
03/20/2008 05:00:00,        75.236345
03/20/2008 06:00:00,        62.533325
03/20/2008 07:00:00,        55.828357
03/20/2008 08:00:00,        59.651881
03/20/2008 09:00:00,        49.856655
03/20/2008 10:00:00,        79.019012
03/20/2008 11:00:00,        87.434584
03/20/2008 12:00:00,        88.722528
03/20/2008 13:00:00,        60.504466
03/20/2008 14:00:00,        74.802136
03/20/2008 15:00:00,        86.918360
03/20/2008 16:00:00,        78.883636
03/20/2008 17:00:00,        55.417749
03/20/2008 18:00:00,        40.478117
03/20/2008 19:00:00,        20.514541
03/20/2008 20:00:00,        10.550706
03/20/2008 21:00:00,         3.756771
03/20/2008 22:00:00,         0.000000
03/20/2008 23:00:00,         0.000000
03/21/2008 00:00:00,         0.000000
03/21/2008 01:00:00,         0.000000
03/21/2008 02:00:00,         0.000000
03/21/2008 03:00:00,         0.000000
03/21/2008 04:00:00,         0.000000
03/21/2008 05:00:00,         0.000000
03/21/2008 06:00:00,         0.000000
03/21/2008 07:00:00,         0.000000
03/21/2008 08:00:00,         0.000000
03/21/2008 09:00:00,         0.000000
03/21/2008 10:00:00,        28.884647
03/21/2008 11:00:00,        31.150173
03/21/2008 12:00:00,        31.098379
03/21/2008 13:00:00,        95.413799
03/21/2008 14:00:00,       127.674768
03/21/2008 15:00:00,       143.912036
03/21/2008 16:00:00,       223.967035
03/21/2008 17:00:00,       239.965981
03/21/2008 18:00:00,       319.976542
03/21/2008 19:00:00,       319.987763
03/21/2008 20:00:00,       319.989437
03/21/2008 21:00:00,       319.946640
03/21/2008 22:00:00,       319.943792
03/21/2008 23:00:00,       319.881428
03/22/2008 00:00:00,       319.941890
03/22/2008 01:00:00,       320.000000
03/22/2008 02:00:00,       320.000000
03/22/2008 03:00:00,       320.000000
03/22/2008 04:00:00,       320.000000
03/22/2008 05:00:00,       320.000000
03/22/2008 06:00:00,       319.999376
03/22/2008 07:00:00,       319.991324
03/22/2008 08:00:00,       319.969475
03/22/2008 09:00:00,       319.979198
03/22/2008 10:00:00,       319.978002
03/22/2008 11:00:00,       319.963348
03/22/2008 12:00:00,       319.923023
03/22/2008 13:00:00,       319.867476
03/22/2008 14:00:00,       319.801574
03/22/2008 15:00:00,       318.969023
03/22/2008 16:00:00,       318.220367
03/22/2008 17:00:00,       318.583468
03/22/2008 18:00:00,       319.249907
03/22/2008 19:00:00,       318.774143
03/22/2008 20:00:00,       318.269034
03/22/2008 21:00:00,       318.663711
03/22/2008 22:00:00,       319.333598
03/22/2008 23:00:00,       318.603842
03/23/2008 00:00:00,       313.903853
03/23/2008 01:00:00,       311.627253
03/23/2008 02:00:00,       318.191928
03/23/2008 03:00:00,       319.304044
03/23/2008 04:00:00,       319.581760
03/23/2008 05:00:00,       319.726910
03/23/2008 06:00:00,       319.838646
03/23/2008 07:00:00,       319.946002
03/23/2008 08:00:00,       319.969298
03/23/2008 09:00:00,       319.983648
03/23/2008 10:00:00,       319.994600
03/23/2008 11:00:00,       320.000000
03/23/2008 12:00:00,       320.000000
03/23/2008 13:00:00,       320.000000
03/23/2008 14:00:00,       320.000000
03/23/2008 15:00:00,       320.000000
03/23/2008 16:00:00,       320.000000
03/23/2008 17:00:00,       319.997104
03/23/2008 18:00:00,       319.994452
03/23/2008 19:00:00,       319.994608
03/23/2008 20:00:00,       319.869045
03/23/2008 21:00:00,       319.542792
03/23/2008 22:00:00,       319.201485
03/23/2008 23:00:00,       319.769559
03/24/2008 00:00:00,       319.905879
03/24/2008 01:00:00,       319.873264
03/24/2008 02:00:00,       319.798214
03/24/2008 03:00:00,       319.319102
03/24/2008 04:00:00,       314.399108
03/24/2008 05:00:00,       310.443270
03/24/2008 06:00:00,       293.474252
03/24/2008 07:00:00,       276.428986
03/24/2008 08:00:00,       277.026019
03/24/2008 09:00:00,       271.043092
03/24/2008 10:00:00,       255.278684
03/24/2008 11:00:00,       255.617492
03/24/2008 12:00:00,       241.036548
03/24/2008 13:00:00,       193.784667
03/24/2008 14:00:00,       126.081896
03/24/2008 15:00:00,        47.524852
03/24/2008 16:00:00,        41.302496
03/24/2008 17:00:00,        73.801464
03/24/2008 18:00:00,        99.443635
03/24/2008 19:00:00,        85.116372
03/24/2008 20:00:00,       100.758269
03/24/2008 21:00:00,       303.846767
03/24/2008 22:00:00,       310.187794
03/24/2008 23:00:00,       269.351306
03/25/2008 00:00:00,       239.730850
03/25/2008 01:00:00,       130.349269
03/25/2008 02:00:00,       138.502560
03/25/2008 03:00:00,       133.344236
03/25/2008 04:00:00,       113.458431
03/25/2008 05:00:00,        79.368987
03/25/2008 06:00:00,        30.625026
03/25/2008 07:00:00,         0.771319
03/25/2008 08:00:00,         0.544775
03/25/2008 09:00:00,         2.106033
03/25/2008 10:00:00,        19.667173
03/25/2008 11:00:00,        30.839516
03/25/2008 12:00:00,        51.737875
03/25/2008 13:00:00,        60.436886
03/25/2008 14:00:00,        58.154043
03/25/2008 15:00:00,        59.433236
03/25/2008 16:00:00,        14.961788
03/25/2008 17:00:00,         8.558957
03/25/2008 18:00:00,         0.701983
03/25/2008 19:00:00,         0.365765
03/25/2008 20:00:00,         0.893651
03/25/2008 21:00:00,         9.078384
03/25/2008 22:00:00,        27.853958
03/25/2008 23:00:00,        48.019428
03/26/2008 00:00:00,        97.511847
03/26/2008 01:00:00,       125.510860
03/26/2008 02:00:00,       241.538898
03/26/2008 03:00:00,       314.674934
03/26/2008 04:00:00,       319.646969
03/26/2008 05:00:00,       319.854788
03/26/2008 06:00:00,       319.957935
03/26/2008 07:00:00,       319.989415
03/26/2008 08:00:00,       319.994020
03/26/2008 09:00:00,       319.994001
03/26/2008 10:00:00,       319.992690
03/26/2008 11:00:00,       319.991050
03/26/2008 12:00:00,       319.990812
03/26/2008 13:00:00,       319.981124
03/26/2008 14:00:00,       319.953029
03/26/2008 15:00:00,       319.857640
03/26/2008 16:00:00,       318.594860
03/26/2008 17:00:00,       310.735812
03/26/2008 18:00:00,       289.560018
03/26/2008 19:00:00,       215.805976
03/26/2008 20:00:00,       137.898907
03/26/2008 21:00:00,       109.079559
03/26/2008 22:00:00,       167.010713
03/26/2008 23:00:00,       303.764322
03/27/2008 00:00:00,       317.270123
03/27/2008 01:00:00,       319.835297
03/27/2008 02:00:00,       319.761098
03/27/2008 03:00:00,       319.489293
03/27/2008 04:00:00,       319.587543
03/27/2008 05:00:00,       319.646113
03/27/2008 06:00:00,       319.742690
03/27/2008 07:00:00,       319.835269
03/27/2008 08:00:00,       318.523104
03/27/2008 09:00:00,       296.578368
03/27/2008 10:00:00,       162.112673
03/27/2008 11:00:00,       107.936339
03/27/2008 12:00:00,        53.374830
03/27/2008 13:00:00,        15.850008
03/27/2008 14:00:00,         1.020650
03/27/2008 15:00:00,         0.517470
03/27/2008 16:00:00,         0.516664
03/27/2008 17:00:00,         0.958845
03/27/2008 18:00:00,         1.158371
03/27/2008 19:00:00,         0.215520
03/27/2008 20:00:00,         2.219291
03/27/2008 21:00:00,        11.471983
03/27/2008 22:00:00,         2.248885
03/27/2008 23:00:00,         0.219508
03/28/2008 00:00:00,         0.000000
03/28/2008 01:00:00,         0.000000
03/28/2008 02:00:00,         0.398388
03/28/2008 03:00:00,         1.351494
03/28/2008 04:00:00,        22.962986
03/28/2008 05:00:00,        65.971889
03/28/2008 06:00:00,        64.992117
03/28/2008 07:00:00,        45.188394
03/28/2008 08:00:00,        28.790793
03/28/2008 09:00:00,        25.449809
03/28/2008 10:00:00,        33.365604
03/28/2008 11:00:00,        27.241276
03/28/2008 12:00:00,        11.865938
03/28/2008 13:00:00,         2.080818
03/28/2008 14:00:00,         0.314302
03/28/2008 15:00:00,         0.002969
03/28/2008 16:00:00,         0.100844
03/28/2008 17:00:00,         0.569255
03/28/2008 18:00:00,         3.082305
03/28/2008 19:00:00,         2.774956
03/28/2008 20:00:00,         1.884215
03/28/2008 21:00:00,         0.868330
03/28/2008 22:00:00,         0.178850
03/28/2008 23:00:00,         0.000000
03/29/2008 00:00:00,         0.356248
03/29/2008 01:00:00,        20.456489
03/29/2008 02:00:00,        77.167684
03/29/2008 03:00:00,        85.553794
03/29/2008 04:00:00,        87.736339
03/29/2008 05:00:00,        81.903756
03/29/2008 06:00:00,        46.511653
03/29/2008 07:00:00,        46.898317
03/29/2008 08:00:00,        44.110033
03/29/2008 09:00:00,        45.151489
03/29/2008 10:00:00,        49.611214
03/29/2008 11:00:00,        39.967959
03/29/2008 12:00:00,        53.981982
03/29/2008 13:00:00,        92.111236
03/29/2008 14:00:00,       100.495354
03/29/2008 15:00:00,       118.714741
03/29/2008 16:00:00,       128.360919
03/29/2008 17:00:00,       125.439621
03/29/2008 18:00:00,       169.613952
03/29/2008 19:00:00,       165.807363
03/29/2008 20:00:00,       163.643734
03/29/2008 21:00:00,       149.034182
03/29/2008 22:00:00,       131.650872
03/29/2008 23:00:00,       145.286932
03/30/2008 00:00:00,        86.504272
03/30/2008 01:00:00,        81.600322
03/30/2008 02:00:00,       277.394843
03/30/2008 03:00:00,       245.250902
03/30/2008 04:00:00,       211.582652
03/30/2008 05:00:00,       197.312151
03/30/2008 06:00:00,       184.287342
03/30/2008 07:00:00,       190.679754
03/30/2008 08:00:00,       210.050861
03/30/2008 09:00:00,       154.972785
03/30/2008 10:00:00,        85.424993
03/30/2008 11:00:00,        62.597217
03/30/2008 12:00:00,        58.739333
03/30/2008 13:00:00,        48.060501
03/30/2008 14:00:00,        35.365256
03/30/2008 15:00:00,        23.709201
03/30/2008 16:00:00,        12.311708
03/30/2008 17:00:00,         6.251486
03/30/2008 18:00:00,         1.130817
03/30/2008 19:00:00,         0.068584
03/30/2008 20:00:00,         0.000000
03/30/2008 21:00:00,         0.845627
03/30/2008 22:00:00,         1.891911
03/30/2008 23:00:00,         2.281528
03/31/2008 00:00:00,        31.066058
03/31/2008 01:00:00,        85.125362
03/31/2008 02:00:00,       134.944749
03/31/2008 03:00:00,       148.011038
03/31/2008 04:00:00,       100.318095
03/31/2008 05:00:00,        66.936378
03/31/2008 06:00:00,        56.979695
03/31/2008 07:00:00,       101.682020
03/31/2008 08:00:00,       123.928115
03/31/2008 09:00:00,       107.061325
03/31/2008 10:00:00,       115.332780
03/31/2008 11:00:00,       102.060010
03/31/2008 12:00:00,       139.289883
03/31/2008 13:00:00,       226.374864
03/31/2008 14:00:00,       267.402937
03/31/2008 15:00:00,       303.293158
03/31/2008 16:00:00,       294.529900
03/31/2008 17:00:00,       268.310759
03/31/2008 18:00:00,       205.378847
03/31/2008 19:00:00,       183.924843
03/31/2008 20:00:00,       183.222348
03/31/2008 21:00:00,       157.602792
03/31/2008 22:00:00,        26.166952
03/31/2008 23:00:00,        22.442526
04/01/2008 00:00:00,         9.797121
04/01/2008 01:00:00,         2.547977
04/01/2008 02:00:00,        86.209283
04/01/2008 03:00:00,        73.289188
04/01/2008 04:00:00,        46.386422
04/01/2008 05:00:00,        52.314269
04/01/2008 06:00:00,        68.980682
04/01/2008 07:00:00,        55.717312
04/01/2008 08:00:00,        46.708683
04/01/2008 09:00:00,        70.550079
04/01/2008 10:00:00,       142.753344
04/01/2008 11:00:00,       188.293899
04/01/2008 12:00:00,       178.799276
04/01/2008 13:00:00,       199.426520
04/01/2008 14:00:00,       210.014236
04/01/2008 15:00:00,       131.668609
04/01/2008 16:00:00,        67.517922
04/01/2008 17:00:00,        79.676102
04/01/2008 18:00:00,       156.029034
04/01/2008 19:00:00,       230.464179
04/01/2008 20:00:00,       308.156922
04/01/2008 21:00:00,       306.393945
04/01/2008 22:00:00,       296.993114
04/01/2008 23:00:00,       318.719447
04/02/2008 00:00:00,       319.974322
04/02/2008 01:00:00,       319.961356
04/02/2008 02:00:00,       320.000000
04/02/2008 03:00:00,       320.000000
04/02/2008 04:00:00,       320.000000
04/02/2008 05:00:00,       319.809357
04/02/2008 06:00:00,       314.689082
04/02/2008 07:00:00,       319.185421
04/02/2008 08:00:00,       318.353915
04/02/2008 09:00:00,       279.249378
04/02/2008 10:00:00,       319.469663
04/02/2008 11:00:00,       320.000000
04/02/2008 12:00:00,       320.000000
04/02/2008 13:00:00,       320.000000
04/02/2008 14:00:00,       320.000000
04/02/2008 15:00:00,       320.000000
04/02/2008 16:00:00,       320.000000
04/02/2008 17:00:00,       320.000000
04/02/2008 18:00:00,       320.000000
04/02/2008 19:00:00,       320.000000
04/02/2008 20:00:00,       320.000000
04/02/2008 21:00:00,       320.000000
04/02/2008 22:00:00,       320.000000
04/02/2008 23:00:00,       320.000000
04/03/2008 00:00:00,       320.000000
04/03/2008 01:00:00,       320.000000
04/03/2008 02:00:00,       320.000000
04/03/2008 03:00:00,       320.000000
04/03/2008 04:00:00,       320.000000
04/03/2008 05:00:00,       320.000000
04/03/2008 06:00:00,       320.000000
04/03/2008 07:00:00,       320.000000
04/03/2008 08:00:00,       320.000000
04/03/2008 09:00:00,       320.000000
04/03/2008 10:00:00,       320.000000
04/03/2008 11:00:00,       320.000000
04/03/2008 12:00:00,       320.000000
04/03/2008 13:00:00,       320.000000
04/03/2008 14:00:00,       320.000000
04/03/2008 15:00:00,       320.000000
04/03/2008 16:00:00,       320.000000
04/03/2008 17:00:00,       320.000000
04/03/2008 18:00:00,       320.000000
04/03/2008 19:00:00,       320.000000
04/03/2008 20:00:00,       319.998857
04/03/2008 21:00:00,       319.991940
04/03/2008 22:00:00,       319.978402
04/03/2008 23:00:00,       318.865005
04/04/2008 00:00:00,       295.777183
04/04/2008 01:00:00,       244.277629
04/04/2008 02:00:00,       212.776945
04/04/2008 03:00:00,       166.571644
04/04/2008 04:00:00,       146.871198
04/04/2008 05:00:00,       114.906183
04/04/2008 06:00:00,       143.337381
04/04/2008 07:00:00,        66.517941
04/04/2008 08:00:00,        59.571413
04/04/2008 09:00:00,         0.000000
04/04/2008 10:00:00,         0.000000
04/04/2008 11:00:00,         0.000000
04/04/2008 12:00:00,         0.000000
04/04/2008 13:00:00,       230.813723
04/04/2008 14:00:00,       235.884549
04/04/2008 15:00:00,       278.192267
04/04/2008 16:00:00,       239.028610
04/04/2008 17:00:00,       240.882753
04/04/2008 18:00:00,       207.820271
04/04/2008 19:00:00,       167.730492
04/04/2008 20:00:00,        80.611600
04/04/2008 21:00:00,        13.655502
04/04/2008 22:00:00,         0.935084
04/04/2008 23:00:00,         0.000000
04/05/2008 00:00:00,         0.292155
04/05/2008 01:00:00,         2.141071
04/05/2008 02:00:00,        12.713483
04/05/2008 03:00:00,        13.234380
04/05/2008 04:00:00,        20.615896
04/05/2008 05:00:00,        71.049924
04/05/2008 06:00:00,       143.773867
04/05/2008 07:00:00,       190.377723
04/05/2008 08:00:00,       143.315493
04/05/2008 09:00:00,        96.352988
04/05/2008 10:00:00,         7.104369
04/05/2008 11:00:00,        56.367817
04/05/2008 12:00:00,        38.378995
04/05/2008 13:00:00,        50.058612
04/05/2008 14:00:00,         7.069450
04/05/2008 15:00:00,         8.629889
04/05/2008 16:00:00,         3.745235
04/05/2008 17:00:00,        17.759676
04/05/2008 18:00:00,        43.443721
04/05/2008 19:00:00,        58.227276
04/05/2008 20:00:00,        71.394533
04/05/2008 21:00:00,        47.596833
04/05/2008 22:00:00,        57.476986
04/05/2008 23:00:00,        27.576314
04/06/2008 00:00:00,        20.961272
04/06/2008 01:00:00,        21.563771
04/06/2008 02:00:00,         5.273089
04/06/2008 03:00:00,        39.810089
04/06/2008 04:00:00,        67.079572
04/06/2008 05:00:00,       144.481395
04/06/2008 06:00:00,       149.249644
04/06/2008 07:00:00,        82.368404
04/06/2008 08:00:00,        21.627189
04/06/2008 09:00:00,        14.253853
04/06/2008 10:00:00,       103.793289
04/06/2008 11:00:00,       290.685060
04/06/2008 12:00:00,       221.988693
04/06/2008 13:00:00,       159.165086
04/06/2008 14:00:00,       251.629435
04/06/2008 15:00:00,       188.497617
04/06/2008 16:00:00,       104.721411
04/06/2008 17:00:00,        64.092707
04/06/2008 18:00:00,        62.081226
04/06/2008 19:00:00,        79.628211
04/06/2008 20:00:00,        70.829591
04/06/2008 21:00:00,        54.668699
04/06/2008 22:00:00,        42.827855
04/06/2008 23:00:00,        38.165265
04/07/2008 00:00:00,        32.180559
04/07/2008 01:00:00,        25.482488
04/07/2008 02:00:00,        32.745768
04/07/2008 03:00:00,        89.577581
04/07/2008 04:00:00,       151.460705
04/07/2008 05:00:00,       202.595537
04/07/2008 06:00:00,       227.580345
04/07/2008 07:00:00,       248.195055
04/07/2008 08:00:00,       259.340607
04/07/2008 09:00:00,       268.606184
04/07/2008 10:00:00,       238.418392
04/07/2008 11:00:00,       207.448857
04/07/2008 12:00:00,       164.012507
04/07/2008 13:00:00,       123.685735
04/07/2008 14:00:00,        40.141433
04/07/2008 15:00:00,         7.959124
04/07/2008 16:00:00,        24.641121
04/07/2008 17:00:00,        63.121456
04/07/2008 18:00:00,        86.159147
04/07/2008 19:00:00,        85.188312
04/07/2008 20:00:00,        84.285698
04/07/2008 21:00:00,        66.348498
04/07/2008 22:00:00,        46.846453
04/07/2008 23:00:00,        25.466633
04/08/2008 00:00:00,        18.641403
04/08/2008 01:00:00,        51.324189
04/08/2008 02:00:00,        96.092418
04/08/2008 03:00:00,       137.801823
04/08/2008 04:00:00,       208.472689
04/08/2008 05:00:00,       253.296433
04/08/2008 06:00:00,       261.861568
04/08/2008 07:00:00,       295.155609
04/08/2008 08:00:00,       308.115396
04/08/2008 09:00:00,       307.014445
04/08/2008 10:00:00,       301.074988
04/08/2008 11:00:00,       287.772682
04/08/2008 12:00:00,       288.405724
04/08/2008 13:00:00,       286.770998
04/08/2008 14:00:00,       260.652668
04/08/2008 15:00:00,       142.691516
04/08/2008 16:00:00,        64.272529
04/08/2008 17:00:00,        34.494922
04/08/2008 18:00:00,        46.553851
04/08/2008 19:00:00,        61.933662
04/08/2008 20:00:00,        57.134075
04/08/2008 21:00:00,        55.974811
04/08/2008 22:00:00,        55.752567
04/08/2008 23:00:00,        73.856539
04/09/2008 00:00:00,        91.276978
04/09/2008 01:00:00,       133.209798
04/09/2008 02:00:00,       165.524233
04/09/2008 03:00:00,       219.795320
04/09/2008 04:00:00,       241.903121
04/09/2008 05:00:00,       205.146702
04/09/2008 06:00:00,       235.203355
04/09/2008 07:00:00,       133.906365
04/09/2008 08:00:00,        72.911573
04/09/2008 09:00:00,        32.203138
04/09/2008 10:00:00,        10.240534
04/09/2008 11:00:00,         2.274405
04/09/2008 12:00:00,         2.045581
04/09/2008 13:00:00,        13.074625
04/09/2008 14:00:00,         5.746066
04/09/2008 15:00:00,         0.621194
04/09/2008 16:00:00,         8.399073
04/09/2008 17:00:00,        12.696772
04/09/2008 18:00:00,        11.344234
04/09/2008 19:00:00,         2.656194
04/09/2008 20:00:00,         0.386185
04/09/2008 21:00:00,         0.360318
04/09/2008 22:00:00,         1.119878
04/09/2008 23:00:00,         7.932616
04/10/2008 00:00:00,        59.430931
04/10/2008 01:00:00,       197.165709
04/10/2008 02:00:00,       250.421125
04/10/2008 03:00:00,       270.810384
04/10/2008 04:00:00,       297.451015
04/10/2008 05:00:00,       304.308948
04/10/2008 06:00:00,       292.232102
04/10/2008 07:00:00,       246.792857
04/10/2008 08:00:00,       183.870752
04/10/2008 09:00:00,       143.795966
04/10/2008 10:00:00,       162.012475
04/10/2008 11:00:00,       212.088161
04/10/2008 12:00:00,       265.042092
04/10/2008 13:00:00,       279.582826
04/10/2008 14:00:00,       295.745358
04/10/2008 15:00:00,       289.169247
04/10/2008 16:00:00,       260.991934
04/10/2008 17:00:00,       259.989553
04/10/2008 18:00:00,       311.032988
04/10/2008 19:00:00,       315.166942
04/10/2008 20:00:00,       314.949297
04/10/2008 21:00:00,       299.951537
04/10/2008 22:00:00,       308.907001
04/10/2008 23:00:00,       317.431290
04/11/2008 00:00:00,       318.696797
04/11/2008 01:00:00,       318.435632
04/11/2008 02:00:00,       318.518268
04/11/2008 03:00:00,       317.656359
04/11/2008 04:00:00,       317.961257
04/11/2008 05:00:00,       318.481083
04/11/2008 06:00:00,       318.946256
04/11/2008 07:00:00,       319.447952
04/11/2008 08:00:00,       317.829081
04/11/2008 09:00:00,       313.007754
04/11/2008 10:00:00,       300.695331
04/11/2008 11:00:00,       303.283571
04/11/2008 12:00:00,       310.261271
04/11/2008 13:00:00,       310.213561
04/11/2008 14:00:00,       306.037801
04/11/2008 15:00:00,       285.418363
04/11/2008 16:00:00,       251.177179
04/11/2008 17:00:00,       199.094921
04/11/2008 18:00:00,       132.699067
04/11/2008 19:00:00,        94.856553
04/11/2008 20:00:00,        87.667794
04/11/2008 21:00:00,        93.621432
04/11/2008 22:00:00,        92.474717
04/11/2008 23:00:00,        37.882300
04/12/2008 00:00:00,         0.024104
04/12/2008 01:00:00,         0.005388
04/12/2008 02:00:00,         1.100246
04/12/2008 03:00:00,         9.428790
04/12/2008 04:00:00,        12.471982
04/12/2008 05:00:00,        96.321576
04/12/2008 06:00:00,       129.815444
04/12/2008 07:00:00,       120.930047
04/12/2008 08:00:00,        83.660919
04/12/2008 09:00:00,        61.907313
04/12/2008 10:00:00,        56.573662
04/12/2008 11:00:00,        50.509222
04/12/2008 12:00:00,        24.921048
04/12/2008 13:00:00,         5.832129
04/12/2008 14:00:00,         0.000000
04/12/2008 15:00:00,        19.254233
04/12/2008 16:00:00,       187.035649
04/12/2008 17:00:00,       232.200958
04/12/2008 18:00:00,       292.828355
04/12/2008 19:00:00,       297.319820
04/12/2008 20:00:00,       315.341411
04/12/2008 21:00:00,       308.095314
04/12/2008 22:00:00,       183.544999
04/12/2008 23:00:00,       114.072359
04/13/2008 00:00:00,        71.542969
04/13/2008 01:00:00,        59.207821
04/13/2008 02:00:00,         0.000000
04/13/2008 03:00:00,         0.000000
04/13/2008 04:00:00,         0.000000
04/13/2008 05:00:00,         0.000000
04/13/2008 06:00:00,         0.000000
04/13/2008 07:00:00,         0.000000
04/13/2008 08:00:00,         0.000000
04/13/2008 09:00:00,         0.000000
04/13/2008 10:00:00,         0.000000
04/13/2008 11:00:00,         0.000000
04/13/2008 12:00:00,         0.000000
04/13/2008 13:00:00,         0.000000
04/13/2008 14:00:00,         0.000000
04/13/2008 15:00:00,         0.000000
04/13/2008 16:00:00,         0.000000
04/13/2008 17:00:00,         0.000000
04/13/2008 18:00:00,         0.000000
04/13/2008 19:00:00,         0.000000
04/13/2008 20:00:00,        15.892246
04/13/2008 21:00:00,         0.000000
04/13/2008 22:00:00,         0.000000
04/13/2008 23:00:00,         0.000000
04/14/2008 00:00:00,         0.000000
04/14/2008 01:00:00,        26.679597
04/14/2008 02:00:00,        78.726714
04/14/2008 03:00:00,         2.676381
04/14/2008 04:00:00,        51.170629
04/14/2008 05:00:00,        74.629261
04/14/2008 06:00:00,        97.130342
04/14/2008 07:00:00,       145.334780
04/14/2008 08:00:00,       151.393238
04/14/2008 09:00:00,       130.912361
04/14/2008 10:00:00,       141.447659
04/14/2008 11:00:00,       163.379668
04/14/2008 12:00:00,       175.541914
04/14/2008 13:00:00,       172.531384
04/14/2008 14:00:00,       153.274561
04/14/2008 15:00:00,       140.838580
04/14/2008 16:00:00,       167.041114
04/14/2008 17:00:00,       206.364845
04/14/2008 18:00:00,       211.429845
04/14/2008 19:00:00,       212.888035
04/14/2008 20:00:00,       236.855370
04/14/2008 21:00:00,       251.504601
04/14/2008 22:00:00,       265.407322
04/14/2008 23:00:00,       272.587454
04/15/2008 00:00:00,       295.631924
04/15/2008 01:00:00,       310.646729
04/15/2008 02:00:00,       312.472239
04/15/2008 03:00:00,       306.914412
04/15/2008 04:00:00,       263.139020
04/15/2008 05:00:00,       248.318845
04/15/2008 06:00:00,       251.247949
04/15/2008 07:00:00,       220.307487
04/15/2008 08:00:00,       198.204282
04/15/2008 09:00:00,       201.244965
04/15/2008 10:00:00,       225.031431
04/15/2008 11:00:00,       225.617639
04/15/2008 12:00:00,       190.328052
04/15/2008 13:00:00,       167.650541
04/15/2008 14:00:00,       122.856380
04/15/2008 15:00:00,       100.887306
04/15/2008 16:00:00,        90.044488
04/15/2008 17:00:00,        92.784487
04/15/2008 18:00:00,       104.745978
04/15/2008 19:00:00,        97.652895
04/15/2008 20:00:00,       102.755614
04/15/2008 21:00:00,       105.744147
04/15/2008 22:00:00,       126.321178
04/15/2008 23:00:00,       207.009291
04/16/2008 00:00:00,       178.030210
04/16/2008 01:00:00,       173.393220
04/16/2008 02:00:00,       173.208353
04/16/2008 03:00:00,       228.980342
04/16/2008 04:00:00,       268.865068
04/16/2008 05:00:00,       269.720732
04/16/2008 06:00:00,       285.030590
04/16/2008 07:00:00,       290.701805
04/16/2008 08:00:00,       269.149185
04/16/2008 09:00:00,       287.287122
04/16/2008 10:00:00,       310.077458
04/16/2008 11:00:00,       316.321228
04/16/2008 12:00:00,       317.304199
04/16/2008 13:00:00,       318.641721
04/16/2008 14:00:00,       307.462251
04/16/2008 15:00:00,       231.704206
04/16/2008 16:00:00,       178.766322
04/16/2008 17:00:00,       199.987788
04/16/2008 18:00:00,       197.569552
04/16/2008 19:00:00,       249.362147
04/16/2008 20:00:00,       268.980196
04/16/2008 21:00:00,       284.949118
04/16/2008 22:00:00,       298.668989
04/16/2008 23:00:00,       310.848594
04/17/2008 00:00:00,       316.449170
04/17/2008 01:00:00,       319.382350
04/17/2008 02:00:00,       319.764493
04/17/2008 03:00:00,       319.656282
04/17/2008 04:00:00,       319.230674
04/17/2008 05:00:00,       318.779956
04/17/2008 06:00:00,       317.716926
04/17/2008 07:00:00,       313.927299
04/17/2008 08:00:00,       313.511086
04/17/2008 09:00:00,       315.136393
04/17/2008 10:00:00,       313.183856
04/17/2008 11:00:00,       310.936887
04/17/2008 12:00:00,       301.710741
04/17/2008 13:00:00,       277.932157
04/17/2008 14:00:00,       181.277805
04/17/2008 15:00:00,       110.303648
04/17/2008 16:00:00,       105.730212
04/17/2008 17:00:00,       121.867094
04/17/2008 18:00:00,       113.401957
04/17/2008 19:00:00,       116.518522
04/17/2008 20:00:00,       102.710244
04/17/2008 21:00:00,        87.058603
04/17/2008 22:00:00,       101.032929
04/17/2008 23:00:00,        68.130493
04/18/2008 00:00:00,        88.194175
04/18/2008 01:00:00,       176.216023
04/18/2008 02:00:00,       280.029707
04/18/2008 03:00:00,       294.545987
04/18/2008 04:00:00,       242.715532
04/18/2008 05:00:00,       198.623886
04/18/2008 06:00:00,       128.528976
04/18/2008 07:00:00,        56.199898
04/18/2008 08:00:00,        40.615457
04/18/2008 09:00:00,        15.069196
04/18/2008 10:00:00,         6.639232
04/18/2008 11:00:00,         5.119627
04/18/2008 12:00:00,         6.526701
04/18/2008 13:00:00,        37.688490
04/18/2008 14:00:00,       182.269666
04/18/2008 15:00:00,       213.995040
04/18/2008 16:00:00,       171.603708
04/18/2008 17:00:00,       149.284501
04/18/2008 18:00:00,       101.785171
04/18/2008 19:00:00,        73.407532
04/18/2008 20:00:00,        38.454358
04/18/2008 21:00:00,        35.353006
04/18/2008 22:00:00,        22.086032
04/18/2008 23:00:00,        13.165766
04/19/2008 00:00:00,         9.243638
04/19/2008 01:00:00,        17.152451
04/19/2008 02:00:00,        11.053886
04/19/2008 03:00:00,         7.208348
04/19/2008 04:00:00,        12.986534
04/19/2008 05:00:00,        20.253463
04/19/2008 06:00:00,        19.925166
04/19/2008 07:00:00,        17.511739
04/19/2008 08:00:00,        13.449951
04/19/2008 09:00:00,        28.347338
04/19/2008 10:00:00,        51.092089
04/19/2008 11:00:00,       181.699490
04/19/2008 12:00:00,       251.396094
04/19/2008 13:00:00,       201.526092
04/19/2008 14:00:00,       175.615624
04/19/2008 15:00:00,       212.084064
04/19/2008 16:00:00,       217.198956
04/19/2008 17:00:00,       244.638538
04/19/2008 18:00:00,       228.750570
04/19/2008 19:00:00,       199.524161
04/19/2008 20:00:00,       189.870664
04/19/2008 21:00:00,       153.807017
04/19/2008 22:00:00,       120.605324
04/19/2008 23:00:00,        87.639597
04/20/2008 00:00:00,        56.019959
04/20/2008 01:00:00,        28.190211
04/20/2008 02:00:00,        11.207899
04/20/2008 03:00:00,         0.544940
04/20/2008 04:00:00,        41.734434
04/20/2008 05:00:00,       206.790813
04/20/2008 06:00:00,       299.545791
04/20/2008 07:00:00,       298.101329
04/20/2008 08:00:00,       306.247262
04/20/2008 09:00:00,       295.526968
04/20/2008 10:00:00,       299.749756
04/20/2008 11:00:00,       295.375121
04/20/2008 12:00:00,       270.409227
04/20/2008 13:00:00,       235.573030
04/20/2008 14:00:00,       178.950415
04/20/2008 15:00:00,        76.865420
04/20/2008 16:00:00,        21.214710
04/20/2008 17:00:00,        12.954137
04/20/2008 18:00:00,         9.466030
04/20/2008 19:00:00,        24.767749
04/20/2008 20:00:00,        35.554474
04/20/2008 21:00:00,        43.191284
04/20/2008 22:00:00,        32.739755
04/20/2008 23:00:00,        35.547670
04/21/2008 00:00:00,        30.693246
04/21/2008 01:00:00,        35.630769
04/21/2008 02:00:00,        75.652386
04/21/2008 03:00:00,        94.546383
04/21/2008 04:00:00,       101.801647
04/21/2008 05:00:00,        84.405160
04/21/2008 06:00:00,        75.111276
04/21/2008 07:00:00,        50.400054
04/21/2008 08:00:00,        21.229109
04/21/2008 09:00:00,        16.081321
04/21/2008 10:00:00,        27.227276
04/21/2008 11:00:00,        17.717428
04/21/2008 12:00:00,         6.836601
04/21/2008 13:00:00,         2.379383
04/21/2008 14:00:00,         0.296870
04/21/2008 15:00:00,         0.011438
04/21/2008 16:00:00,         0.415694
04/21/2008 17:00:00,         1.582069
04/21/2008 18:00:00,         5.341159
04/21/2008 19:00:00,        12.700858
04/21/2008 20:00:00,        12.866403
04/21/2008 21:00:00,         2.879725
04/21/2008 22:00:00,         0.403315
04/21/2008 23:00:00,         0.000000
04/22/2008 00:00:00,         0.000000
04/22/2008 01:00:00,         0.000000
04/22/2008 02:00:00,         0.000000
04/22/2008 03:00:00,         0.000000
04/22/2008 04:00:00,         0.401861
04/22/2008 05:00:00,         1.822740
04/22/2008 06:00:00,         8.585787
04/22/2008 07:00:00,        28.935156
04/22/2008 08:00:00,        42.145914
04/22/2008 09:00:00,        38.923227
04/22/2008 10:00:00,        28.843968
04/22/2008 11:00:00,        24.838884
04/22/2008 12:00:00,        44.595226
04/22/2008 13:00:00,        28.607322
04/22/2008 14:00:00,        12.896538
04/22/2008 15:00:00,         8.885902
04/22/2008 16:00:00,        14.385207
04/22/2008 17:00:00,        19.348598
04/22/2008 18:00:00,        14.470899
04/22/2008 19:00:00,         4.143900
04/22/2008 20:00:00,         1.284733
04/22/2008 21:00:00,         1.968860
04/22/2008 22:00:00,         1.012871
04/22/2008 23:00:00,         0.080919
04/23/2008 00:00:00,         0.000000
04/23/2008 01:00:00,         0.000000
04/23/2008 02:00:00,         0.000000
04/23/2008 03:00:00,         0.000000
04/23/2008 04:00:00,         0.000000
04/23/2008 05:00:00,         0.000000
04/23/2008 06:00:00,         0.000000
04/23/2008 07:00:00,         0.100675
04/23/2008 08:00:00,         0.305183
04/23/2008 09:00:00,         3.604181
04/23/2008 10:00:00,        47.820671
04/23/2008 11:00:00,        92.863568
04/23/2008 12:00:00,        69.845103
04/23/2008 13:00:00,       102.190722
04/23/2008 14:00:00,        66.754647
04/23/2008 15:00:00,       153.638068
04/23/2008 16:00:00,       172.585278
04/23/2008 17:00:00,       211.981505
04/23/2008 18:00:00,       216.761706
04/23/2008 19:00:00,       226.164031
04/23/2008 20:00:00,       235.876651
04/23/2008 21:00:00,       203.306337
04/23/2008 22:00:00,       251.078204
04/23/2008 23:00:00,       182.046056
04/24/2008 00:00:00,       141.396540
04/24/2008 01:00:00,        35.618136
04/24/2008 02:00:00,       108.199372
04/24/2008 03:00:00,       168.528060
04/24/2008 04:00:00,       152.922129
04/24/2008 05:00:00,       143.471489
04/24/2008 06:00:00,       151.401402
04/24/2008 07:00:00,       121.592182
04/24/2008 08:00:00,       140.177658
04/24/2008 09:00:00,       116.381757
04/24/2008 10:00:00,        90.552276
04/24/2008 11:00:00,        31.282567
04/24/2008 12:00:00,         0.546488
04/24/2008 13:00:00,         0.596968
04/24/2008 14:00:00,         4.148646
04/24/2008 15:00:00,         0.393373
04/24/2008 16:00:00,         0.000000
04/24/2008 17:00:00,         4.062856
04/24/2008 18:00:00,        12.994760
04/24/2008 19:00:00,         4.486322
04/24/2008 20:00:00,         0.380682
04/24/2008 21:00:00,         0.581280
04/24/2008 22:00:00,         4.545251
04/24/2008 23:00:00,         3.505004
04/25/2008 00:00:00,         0.377521
04/25/2008 01:00:00,         0.003958
04/25/2008 02:00:00,         0.000000
04/25/2008 03:00:00,         0.000000
04/25/2008 04:00:00,         0.000000
04/25/2008 05:00:00,         0.044084
04/25/2008 06:00:00,         0.283248
04/25/2008 07:00:00,         1.346080
04/25/2008 08:00:00,         3.829620
04/25/2008 09:00:00,         6.306689
04/25/2008 10:00:00,         5.527398
04/25/2008 11:00:00,         4.598158
04/25/2008 12:00:00,         3.586321
04/25/2008 13:00:00,         1.344451
04/25/2008 14:00:00,         0.185645
04/25/2008 15:00:00,         0.505732
04/25/2008 16:00:00,         9.613986
04/25/2008 17:00:00,        48.704700
04/25/2008 18:00:00,        42.867100
04/25/2008 19:00:00,        34.595041
04/25/2008 20:00:00,        28.886589
04/25/2008 21:00:00,        31.340366
04/25/2008 22:00:00,        23.211529
04/25/2008 23:00:00,        14.880616
04/26/2008 00:00:00,         5.809511
04/26/2008 01:00:00,         5.537132
04/26/2008 02:00:00,        10.286287
04/26/2008 03:00:00,        16.205570
04/26/2008 04:00:00,         1.956568
04/26/2008 05:00:00,       101.044940
04/26/2008 06:00:00,       150.425823
04/26/2008 07:00:00,       242.399517
04/26/2008 08:00:00,       203.443919
04/26/2008 09:00:00,       170.719182
04/26/2008 10:00:00,       126.518803
04/26/2008 11:00:00,       106.265906
04/26/2008 12:00:00,       102.301883
04/26/2008 13:00:00,       112.390895
04/26/2008 14:00:00,        73.365649
04/26/2008 15:00:00,         9.319711
04/26/2008 16:00:00,        10.336432
04/26/2008 17:00:00,        25.987356
04/26/2008 18:00:00,        42.993771
04/26/2008 19:00:00,        52.682116
04/26/2008 20:00:00,        52.679474
04/26/2008 21:00:00,        43.417363
04/26/2008 22:00:00,        59.612580
04/26/2008 23:00:00,       106.148666
04/27/2008 00:00:00,       191.042029
04/27/2008 01:00:00,       254.792131
04/27/2008 02:00:00,       277.802525
04/27/2008 03:00:00,       290.475522
04/27/2008 04:00:00,       303.591558
04/27/2008 05:00:00,       319.086157
04/27/2008 06:00:00,       319.909895
04/27/2008 07:00:00,       319.842000
04/27/2008 08:00:00,       319.886665
04/27/2008 09:00:00,       319.916685
04/27/2008 10:00:00,       319.884881
04/27/2008 11:00:00,       319.872602
04/27/2008 12:00:00,       319.844623
04/27/2008 13:00:00,       318.852956
04/27/2008 14:00:00,       311.811030
04/27/2008 15:00:00,       292.993811
04/27/2008 16:00:00,       228.200425
04/27/2008 17:00:00,       148.772453
04/27/2008 18:00:00,       103.002917
04/27/2008 19:00:00,        51.679719
04/27/2008 20:00:00,        22.112195
04/27/2008 21:00:00,         5.570158
04/27/2008 22:00:00,         1.479110
04/27/2008 23:00:00,         2.119474
04/28/2008 00:00:00,         9.266943
04/28/2008 01:00:00,        27.114820
04/28/2008 02:00:00,        82.191615
04/28/2008 03:00:00,       220.526609
04/28/2008 04:00:00,       294.842929
04/28/2008 05:00:00,       315.998208
04/28/2008 06:00:00,       317.932410
04/28/2008 07:00:00,       318.447555
04/28/2008 08:00:00,       311.542505
04/28/2008 09:00:00,       317.147386
04/28/2008 10:00:00,       318.399926
04/28/2008 11:00:00,       318.601014
04/28/2008 12:00:00,       318.471348
04/28/2008 13:00:00,       312.469045
04/28/2008 14:00:00,       259.033908
04/28/2008 15:00:00,        95.670616
04/28/2008 16:00:00,        19.133976
04/28/2008 17:00:00,        30.009070
04/28/2008 18:00:00,        74.413901
04/28/2008 19:00:00,        76.300920
04/28/2008 20:00:00,        91.395238
04/28/2008 21:00:00,       108.577535
04/28/2008 22:00:00,        77.865814
04/28/2008 23:00:00,       161.310757
04/29/2008 00:00:00,       194.051399
04/29/2008 01:00:00,       261.111111
04/29/2008 02:00:00,       297.769421
04/29/2008 03:00:00,       292.951402
04/29/2008 04:00:00,       302.713429
04/29/2008 05:00:00,       295.973332
04/29/2008 06:00:00,       279.123711
04/29/2008 07:00:00,       221.830150
04/29/2008 08:00:00,       215.283728
04/29/2008 09:00:00,       249.731381
04/29/2008 10:00:00,       253.636844
04/29/2008 11:00:00,       279.110227
04/29/2008 12:00:00,       272.013484
04/29/2008 13:00:00,       314.940158
04/29/2008 14:00:00,       319.815634
04/29/2008 15:00:00,       319.975081
04/29/2008 16:00:00,       319.983801
04/29/2008 17:00:00,       319.998546
04/29/2008 18:00:00,       319.976603
04/29/2008 19:00:00,       319.574389
04/29/2008 20:00:00,       319.181046
04/29/2008 21:00:00,       319.288452
04/29/2008 22:00:00,       313.174205
04/29/2008 23:00:00,       310.466480
04/30/2008 00:00:00,       308.153985
04/30/2008 01:00:00,       308.270702
04/30/2008 02:00:00,       285.707806
04/30/2008 03:00:00,       290.922863
04/30/2008 04:00:00,       290.169578
04/30/2008 05:00:00,       314.035927
04/30/2008 06:00:00,       314.088736
04/30/2008 07:00:00,       311.755591
04/30/2008 08:00:00,       308.479652
04/30/2008 09:00:00,       290.777879
04/30/2008 10:00:00,       268.605835
04/30/2008 11:00:00,       235.699696
04/30/2008 12:00:00,       178.903769
04/30/2008 13:00:00,        73.630606
04/30/2008 14:00:00,       142.332939
04/30/2008 15:00:00,       115.265766
04/30/2008 16:00:00,       107.572858
04/30/2008 17:00:00,        74.974932
04/30/2008 18:00:00,        76.991756
04/30/2008 19:00:00,       143.033061
04/30/2008 20:00:00,       202.794310
04/30/2008 21:00:00,       221.683437
04/30/2008 22:00:00,       223.074513
04/30/2008 23:00:00,       160.267716
05/01/2008 00:00:00,       126.703122
05/01/2008 01:00:00,       151.828142
05/01/2008 02:00:00,       180.192601
05/01/2008 03:00:00,       198.335788
05/01/2008 04:00:00,       144.780463
05/01/2008 05:00:00,       102.569197
05/01/2008 06:00:00,       107.627993
05/01/2008 07:00:00,        83.284293
05/01/2008 08:00:00,        73.881615
05/01/2008 09:00:00,        67.163690
05/01/2008 10:00:00,        81.742242
05/01/2008 11:00:00,        86.277983
05/01/2008 12:00:00,        98.533597
05/01/2008 13:00:00,        76.525258
05/01/2008 14:00:00,        57.752386
05/01/2008 15:00:00,        55.733954
05/01/2008 16:00:00,        56.754173
05/01/2008 17:00:00,        66.058421
05/01/2008 18:00:00,        76.173562
05/01/2008 19:00:00,        91.279662
05/01/2008 20:00:00,        99.504169
05/01/2008 21:00:00,        98.021189
05/01/2008 22:00:00,        78.540542
05/01/2008 23:00:00,        84.120587
05/02/2008 00:00:00,        64.991597
05/02/2008 01:00:00,        51.442695
05/02/2008 02:00:00,        62.503926
05/02/2008 03:00:00,        82.508819
05/02/2008 04:00:00,       126.002584
05/02/2008 05:00:00,       109.678591
05/02/2008 06:00:00,        35.618937
05/02/2008 07:00:00,        30.198747
05/02/2008 08:00:00,        31.722225
05/02/2008 09:00:00,        18.021375
05/02/2008 10:00:00,         8.464389
05/02/2008 11:00:00,         4.305946
05/02/2008 12:00:00,         4.665986
05/02/2008 13:00:00,         0.763126
05/02/2008 14:00:00,         0.802276
05/02/2008 15:00:00,         1.234712
05/02/2008 16:00:00,         1.411021
05/02/2008 17:00:00,         1.350550
05/02/2008 18:00:00,         0.867633
05/02/2008 19:00:00,         0.793803
05/02/2008 20:00:00,         1.586921
05/02/2008 21:00:00,         2.739326
05/02/2008 22:00:00,         7.765498
05/02/2008 23:00:00,         9.915315
05/03/2008 00:00:00,        15.457988
05/03/2008 01:00:00,        19.392215
05/03/2008 02:00:00,        28.486605
05/03/2008 03:00:00,        29.873430
05/03/2008 04:00:00,        17.790277
05/03/2008 05:00:00,         6.160899
05/03/2008 06:00:00,        10.359997
05/03/2008 07:00:00,        72.160477
05/03/2008 08:00:00,       150.264075
05/03/2008 09:00:00,       150.025527
05/03/2008 10:00:00,       130.339331
05/03/2008 11:00:00,       131.727715
05/03/2008 12:00:00,       104.002454
05/03/2008 13:00:00,        56.799710
05/03/2008 14:00:00,         6.098905
05/03/2008 15:00:00,         1.008446
05/03/2008 16:00:00,        13.517570
05/03/2008 17:00:00,        25.892878
05/03/2008 18:00:00,        53.837572
05/03/2008 19:00:00,        72.411450
05/03/2008 20:00:00,        84.449060
05/03/2008 21:00:00,        79.224784
05/03/2008 22:00:00,        86.469663
05/03/2008 23:00:00,        68.937228
05/04/2008 00:00:00,        43.802874
05/04/2008 01:00:00,        12.886370
05/04/2008 02:00:00,        82.327710
05/04/2008 03:00:00,        80.823837
05/04/2008 04:00:00,       183.583610
05/04/2008 05:00:00,       255.416068
05/04/2008 06:00:00,       276.802679
05/04/2008 07:00:00,       293.334729
05/04/2008 08:00:00,       299.979146
05/04/2008 09:00:00,       301.782245
05/04/2008 10:00:00,       290.971661
05/04/2008 11:00:00,       291.590566
05/04/2008 12:00:00,       285.216917
05/04/2008 13:00:00,       229.893010
05/04/2008 14:00:00,       162.518764
05/04/2008 15:00:00,       197.131537
05/04/2008 16:00:00,       230.088727
05/04/2008 17:00:00,       228.076598
05/04/2008 18:00:00,       168.340429
05/04/2008 19:00:00,       100.473317
05/04/2008 20:00:00,        84.182333
05/04/2008 21:00:00,        80.913309
05/04/2008 22:00:00,        54.373302
05/04/2008 23:00:00,        51.548773
05/05/2008 00:00:00,       100.452054
05/05/2008 01:00:00,       125.208022
05/05/2008 02:00:00,       128.795088
05/05/2008 03:00:00,       100.713748
05/05/2008 04:00:00,        80.553426
05/05/2008 05:00:00,        75.378887
05/05/2008 06:00:00,        69.198798
05/05/2008 07:00:00,        75.089286
05/05/2008 08:00:00,        53.899104
05/05/2008 09:00:00,        49.315781
05/05/2008 10:00:00,        45.704672
05/05/2008 11:00:00,        43.303884
05/05/2008 12:00:00,        40.779289
05/05/2008 13:00:00,        29.324206
05/05/2008 14:00:00,        10.598717
05/05/2008 15:00:00,        32.647847
05/05/2008 16:00:00,        55.999827
05/05/2008 17:00:00,        50.055969
05/05/2008 18:00:00,        33.192003
05/05/2008 19:00:00,        12.835711
05/05/2008 20:00:00,        22.992115
05/05/2008 21:00:00,        27.601927
05/05/2008 22:00:00,        28.626561
05/05/2008 23:00:00,        25.113530
05/06/2008 00:00:00,        12.678399
05/06/2008 01:00:00,         5.858425
05/06/2008 02:00:00,         6.859523
05/06/2008 03:00:00,         7.963248
05/06/2008 04:00:00,         4.157355
05/06/2008 05:00:00,         2.594128
05/06/2008 06:00:00,         2.169413
05/06/2008 07:00:00,         0.830198
05/06/2008 08:00:00,         0.948653
05/06/2008 09:00:00,         0.760215
05/06/2008 10:00:00,         1.181031
05/06/2008 11:00:00,         0.950735
05/06/2008 12:00:00,         0.527484
05/06/2008 13:00:00,         0.067317
05/06/2008 14:00:00,         0.020852
05/06/2008 15:00:00,         0.000000
05/06/2008 16:00:00,         0.000000
05/06/2008 17:00:00,         0.103950
05/06/2008 18:00:00,         0.786161
05/06/2008 19:00:00,         4.087888
05/06/2008 20:00:00,         9.332555
05/06/2008 21:00:00,         9.005398
05/06/2008 22:00:00,        11.778847
05/06/2008 23:00:00,         6.332399
05/07/2008 00:00:00,        12.712264
05/07/2008 01:00:00,        13.632880
05/07/2008 02:00:00,        67.008009
05/07/2008 03:00:00,       248.721208
05/07/2008 04:00:00,         0.087521
05/07/2008 05:00:00,       288.055743
05/07/2008 06:00:00,         0.653695
05/07/2008 07:00:00,       137.225148
05/07/2008 08:00:00,        37.647618
05/07/2008 09:00:00,        23.121176
05/07/2008 10:00:00,        94.340665
05/07/2008 11:00:00,       107.256040
05/07/2008 12:00:00,        92.493362
05/07/2008 13:00:00,       186.335094
05/07/2008 14:00:00,       133.493419
05/07/2008 15:00:00,       156.552333
05/07/2008 16:00:00,       148.645401
05/07/2008 17:00:00,       167.645193
05/07/2008 18:00:00,       180.767719
05/07/2008 19:00:00,       150.763380
05/07/2008 20:00:00,       122.645998
05/07/2008 21:00:00,        83.889974
05/07/2008 22:00:00,        91.963665
05/07/2008 23:00:00,        73.751684
05/08/2008 00:00:00,        35.001694
05/08/2008 01:00:00,        16.691308
05/08/2008 02:00:00,        20.545281
05/08/2008 03:00:00,        15.155373
05/08/2008 04:00:00,         4.299170
05/08/2008 05:00:00,         7.811073
05/08/2008 06:00:00,        19.412522
05/08/2008 07:00:00,        49.641644
05/08/2008 08:00:00,        80.150223
05/08/2008 09:00:00,       150.371824
05/08/2008 10:00:00,       172.170629
05/08/2008 11:00:00,       190.641583
05/08/2008 12:00:00,       317.847714
05/08/2008 13:00:00,       317.775829
05/08/2008 14:00:00,       316.892292
05/08/2008 15:00:00,       319.491741
05/08/2008 16:00:00,       316.974925
05/08/2008 17:00:00,       316.342170
05/08/2008 18:00:00,       307.940729
05/08/2008 19:00:00,       219.648615
05/08/2008 20:00:00,       165.609396
05/08/2008 21:00:00,       127.094351
05/08/2008 22:00:00,        75.090164
05/08/2008 23:00:00,        31.610930
05/09/2008 00:00:00,        24.806442
05/09/2008 01:00:00,        49.271501
05/09/2008 02:00:00,        71.291958
05/09/2008 03:00:00,        94.045736
05/09/2008 04:00:00,       107.241782
05/09/2008 05:00:00,        86.185174
05/09/2008 06:00:00,       179.003588
05/09/2008 07:00:00,       267.124607
05/09/2008 08:00:00,       278.348540
05/09/2008 09:00:00,       276.817430
05/09/2008 10:00:00,       278.992583
05/09/2008 11:00:00,       284.082640
05/09/2008 12:00:00,       265.700640
05/09/2008 13:00:00,       253.808875
05/09/2008 14:00:00,       220.599044
05/09/2008 15:00:00,       183.782694
05/09/2008 16:00:00,       144.798510
05/09/2008 17:00:00,        96.928207
05/09/2008 18:00:00,        75.116350
05/09/2008 19:00:00,        59.315480
05/09/2008 20:00:00,        48.041753
05/09/2008 21:00:00,        30.208300
05/09/2008 22:00:00,        12.364211
05/09/2008 23:00:00,         1.779034
05/10/2008 00:00:00,         0.762931
05/10/2008 01:00:00,         0.112478
05/10/2008 02:00:00,         0.896192
05/10/2008 03:00:00,         2.022526
05/10/2008 04:00:00,         2.511940
05/10/2008 05:00:00,         2.420217
05/10/2008 06:00:00,         3.146130
05/10/2008 07:00:00,         8.923726
05/10/2008 08:00:00,         9.354408
05/10/2008 09:00:00,        33.055464
05/10/2008 10:00:00,        60.060738
05/10/2008 11:00:00,        50.364084
05/10/2008 12:00:00,        38.934307
05/10/2008 13:00:00,        22.074293
05/10/2008 14:00:00,         1.813724
05/10/2008 15:00:00,         4.689782
05/10/2008 16:00:00,         9.750494
05/10/2008 17:00:00,        32.209465
05/10/2008 18:00:00,        67.190782
05/10/2008 19:00:00,       123.606989
05/10/2008 20:00:00,       185.251729
05/10/2008 21:00:00,       185.823647
05/10/2008 22:00:00,       177.032644
05/10/2008 23:00:00,       129.065173
05/11/2008 00:00:00,       108.758032
05/11/2008 01:00:00,        71.496544
05/11/2008 02:00:00,        74.630150
05/11/2008 03:00:00,        64.662434
05/11/2008 04:00:00,        68.658383
05/11/2008 05:00:00,        58.101836
05/11/2008 06:00:00,        19.784901
05/11/2008 07:00:00,         4.617539
05/11/2008 08:00:00,         0.214334
05/11/2008 09:00:00,         0.027561
05/11/2008 10:00:00,         0.000000
05/11/2008 11:00:00,         0.616277
05/11/2008 12:00:00,         6.869848
05/11/2008 13:00:00,         3.724406
05/11/2008 14:00:00,        10.611585
05/11/2008 15:00:00,        26.098121
05/11/2008 16:00:00,       101.372416
05/11/2008 17:00:00,       135.541233
05/11/2008 18:00:00,       164.566647
05/11/2008 19:00:00,       164.882948
05/11/2008 20:00:00,       156.311056
05/11/2008 21:00:00,       159.955482
05/11/2008 22:00:00,       134.609578
05/11/2008 23:00:00,       120.404378
05/12/2008 00:00:00,       114.994974
05/12/2008 01:00:00,        81.269570
05/12/2008 02:00:00,       115.978315
05/12/2008 03:00:00,        78.989663
05/12/2008 04:00:00,        38.283995
05/12/2008 05:00:00,        23.601849
05/12/2008 06:00:00,         4.029228
05/12/2008 07:00:00,        26.205259
05/12/2008 08:00:00,        54.196424
05/12/2008 09:00:00,        63.808207
05/12/2008 10:00:00,        20.987571
05/12/2008 11:00:00,         1.031233
05/12/2008 12:00:00,         4.619573
05/12/2008 13:00:00,         2.854282
05/12/2008 14:00:00,         1.050374
05/12/2008 15:00:00,        11.444122
05/12/2008 16:00:00,        15.320767
05/12/2008 17:00:00,        26.454391
05/12/2008 18:00:00,        48.225458
05/12/2008 19:00:00,        46.327744
05/12/2008 20:00:00,        52.954696
05/12/2008 21:00:00,        77.031217
05/12/2008 22:00:00,        88.050878
05/12/2008 23:00:00,        75.620554
05/13/2008 00:00:00,        45.012043
05/13/2008 01:00:00,        38.493233
05/13/2008 02:00:00,        28.519744
05/13/2008 03:00:00,         4.397000
05/13/2008 04:00:00,         0.874099
05/13/2008 05:00:00,         1.682464
05/13/2008 06:00:00,         0.576575
05/13/2008 07:00:00,         3.454839
05/13/2008 08:00:00,        19.830271
05/13/2008 09:00:00,         5.584296
05/13/2008 10:00:00,         2.914716
05/13/2008 11:00:00,         0.604281
05/13/2008 12:00:00,         0.823295
05/13/2008 13:00:00,         0.491282
05/13/2008 14:00:00,         0.202604
05/13/2008 15:00:00,         0.868264
05/13/2008 16:00:00,         4.700647
05/13/2008 17:00:00,        12.152789
05/13/2008 18:00:00,        10.021961
05/13/2008 19:00:00,         6.831051
05/13/2008 20:00:00,         3.043387
05/13/2008 21:00:00,         0.360560
05/13/2008 22:00:00,         0.092850
05/13/2008 23:00:00,         0.101153
05/14/2008 00:00:00,         0.000000
05/14/2008 01:00:00,         0.000000
05/14/2008 02:00:00,         0.222272
05/14/2008 03:00:00,         0.054377
05/14/2008 04:00:00,         0.000000
05/14/2008 05:00:00,         0.004703
05/14/2008 06:00:00,        42.146003
05/14/2008 07:00:00,       134.551732
05/14/2008 08:00:00,       258.599679
05/14/2008 09:00:00,       294.692752
05/14/2008 10:00:00,       282.964051
05/14/2008 11:00:00,       249.714739
05/14/2008 12:00:00,       211.508856
05/14/2008 13:00:00,        81.575808
05/14/2008 14:00:00,        14.900022
05/14/2008 15:00:00,         7.585591
05/14/2008 16:00:00,         1.734936
05/14/2008 17:00:00,         0.566464
05/14/2008 18:00:00,         0.175045
05/14/2008 19:00:00,         0.240857
05/14/2008 20:00:00,         1.111393
05/14/2008 21:00:00,         6.350039
05/14/2008 22:00:00,        42.096928
05/14/2008 23:00:00,       169.020005
05/15/2008 00:00:00,       184.490289
05/15/2008 01:00:00,       276.857710
05/15/2008 02:00:00,       315.448805
05/15/2008 03:00:00,       317.936767
05/15/2008 04:00:00,       319.513055
05/15/2008 05:00:00,       319.894367
05/15/2008 06:00:00,       319.933749
05/15/2008 07:00:00,       319.956594
05/15/2008 08:00:00,       319.992319
05/15/2008 09:00:00,       319.992845
05/15/2008 10:00:00,       319.992117
05/15/2008 11:00:00,       319.991760
05/15/2008 12:00:00,       311.417039
05/15/2008 13:00:00,       307.196203
05/15/2008 14:00:00,       228.864171
05/15/2008 15:00:00,        63.674205
05/15/2008 16:00:00,        65.557862
05/15/2008 17:00:00,        39.416717
05/15/2008 18:00:00,        30.064650
05/15/2008 19:00:00,        29.238920
05/15/2008 20:00:00,        56.466666
05/15/2008 21:00:00,        53.877930
05/15/2008 22:00:00,        70.676704
05/15/2008 23:00:00,        81.035904
05/16/2008 00:00:00,        86.080062
05/16/2008 01:00:00,        73.150415
05/16/2008 02:00:00,        64.272998
05/16/2008 03:00:00,        42.619388
05/16/2008 04:00:00,        13.256276
05/16/2008 05:00:00,        16.369817
05/16/2008 06:00:00,        11.900487
05/16/2008 07:00:00,         0.826177
05/16/2008 08:00:00,         2.248349
05/16/2008 09:00:00,         0.102115
05/16/2008 10:00:00,         0.826121
05/16/2008 11:00:00,         5.700227
05/16/2008 12:00:00,         5.638096
05/16/2008 13:00:00,         0.532109
05/16/2008 14:00:00,         0.008192
05/16/2008 15:00:00,         0.247033
05/16/2008 16:00:00,         3.510239
05/16/2008 17:00:00,         6.904507
05/16/2008 18:00:00,        18.373574
05/16/2008 19:00:00,        32.001977
05/16/2008 20:00:00,        38.725429
05/16/2008 21:00:00,        16.645385
05/16/2008 22:00:00,         3.433837
05/16/2008 23:00:00,         1.446863
05/17/2008 00:00:00,         0.000000
05/17/2008 01:00:00,         0.000000
05/17/2008 02:00:00,         0.000000
05/17/2008 03:00:00,         0.000000
05/17/2008 04:00:00,         0.000000
05/17/2008 05:00:00,         0.000000
05/17/2008 06:00:00,         0.000000
05/17/2008 07:00:00,         0.000000
05/17/2008 08:00:00,         0.000000
05/17/2008 09:00:00,         0.000000
05/17/2008 10:00:00,         0.000000
05/17/2008 11:00:00,        16.783393
05/17/2008 12:00:00,        25.874352
05/17/2008 13:00:00,        20.778818
05/17/2008 14:00:00,         1.910194
05/17/2008 15:00:00,        14.024815
05/17/2008 16:00:00,        26.437482
05/17/2008 17:00:00,        49.124697
05/17/2008 18:00:00,        92.266870
05/17/2008 19:00:00,       101.536501
05/17/2008 20:00:00,        97.485136
05/17/2008 21:00:00,        70.987385
05/17/2008 22:00:00,        60.006261
05/17/2008 23:00:00,        51.342645
05/18/2008 00:00:00,        34.082266
05/18/2008 01:00:00,        14.373899
05/18/2008 02:00:00,        13.695669
05/18/2008 03:00:00,        12.833639
05/18/2008 04:00:00,        25.234140
05/18/2008 05:00:00,        41.258614
05/18/2008 06:00:00,        49.664109
05/18/2008 07:00:00,        42.295470
05/18/2008 08:00:00,        21.144488
05/18/2008 09:00:00,        14.753729
05/18/2008 10:00:00,        10.747209
05/18/2008 11:00:00,         6.316698
05/18/2008 12:00:00,         0.043889
05/18/2008 13:00:00,         0.000000
05/18/2008 14:00:00,        20.285980
05/18/2008 15:00:00,        61.316900
05/18/2008 16:00:00,        90.080542
05/18/2008 17:00:00,        66.258248
05/18/2008 18:00:00,        28.368971
05/18/2008 19:00:00,        36.014198
05/18/2008 20:00:00,        14.167796
05/18/2008 21:00:00,        11.089193
05/18/2008 22:00:00,        15.543236
05/18/2008 23:00:00,        41.861263
05/19/2008 00:00:00,        54.325015
05/19/2008 01:00:00,        35.268168
05/19/2008 02:00:00,        70.119802
05/19/2008 03:00:00,       148.026077
05/19/2008 04:00:00,       158.306542
05/19/2008 05:00:00,       128.793318
05/19/2008 06:00:00,       140.331700
05/19/2008 07:00:00,        90.745661
05/19/2008 08:00:00,       140.885400
05/19/2008 09:00:00,       186.029987
05/19/2008 10:00:00,       218.718231
05/19/2008 11:00:00,       210.474643
05/19/2008 12:00:00,       269.180499
05/19/2008 13:00:00,       109.559319
05/19/2008 14:00:00,        38.344538
05/19/2008 15:00:00,        27.823909
05/19/2008 16:00:00,        57.060556
05/19/2008 17:00:00,         3.474110
05/19/2008 18:00:00,        65.657670
05/19/2008 19:00:00,       178.660985
05/19/2008 20:00:00,       133.161617
05/19/2008 21:00:00,        31.536905
05/19/2008 22:00:00,         3.971998
05/19/2008 23:00:00,         0.426638
05/20/2008 00:00:00,         1.583996
05/20/2008 01:00:00,        56.298027
05/20/2008 02:00:00,        25.971441
05/20/2008 03:00:00,        24.376618
05/20/2008 04:00:00,         3.988476
05/20/2008 05:00:00,         4.429713
05/20/2008 06:00:00,         7.417156
05/20/2008 07:00:00,         0.621681
05/20/2008 08:00:00,        25.584624
05/20/2008 09:00:00,        96.319957
05/20/2008 10:00:00,       111.895580
05/20/2008 11:00:00,       121.604655
05/20/2008 12:00:00,       134.770721
05/20/2008 13:00:00,       128.640550
05/20/2008 14:00:00,        71.559652
05/20/2008 15:00:00,        51.279084
05/20/2008 16:00:00,       255.945470
05/20/2008 17:00:00,       240.451526
05/20/2008 18:00:00,       226.173038
05/20/2008 19:00:00,       212.749030
05/20/2008 20:00:00,       238.439455
05/20/2008 21:00:00,       240.686962
05/20/2008 22:00:00,       249.781421
05/20/2008 23:00:00,       166.695720
05/21/2008 00:00:00,        88.985379
05/21/2008 01:00:00,        31.696018
05/21/2008 02:00:00,         9.603414
05/21/2008 03:00:00,        30.924356
05/21/2008 04:00:00,        40.845202
05/21/2008 05:00:00,        56.976239
05/21/2008 06:00:00,        37.159599
05/21/2008 07:00:00,        39.955808
05/21/2008 08:00:00,        30.734741
05/21/2008 09:00:00,        57.288837
05/21/2008 10:00:00,        95.867388
05/21/2008 11:00:00,       127.868816
05/21/2008 12:00:00,       126.136831
05/21/2008 13:00:00,        23.601436
05/21/2008 14:00:00,         0.230535
05/21/2008 15:00:00,        18.104537
05/21/2008 16:00:00,        31.501205
05/21/2008 17:00:00,       112.777034
05/21/2008 18:00:00,       170.132205
05/21/2008 19:00:00,       182.097963
05/21/2008 20:00:00,       216.467952
05/21/2008 21:00:00,       196.172470
05/21/2008 22:00:00,       160.449419
05/21/2008 23:00:00,       172.832933
05/22/2008 00:00:00,       125.314622
05/22/2008 01:00:00,        98.936872
05/22/2008 02:00:00,        90.175791
05/22/2008 03:00:00,        77.540007
05/22/2008 04:00:00,        89.644254
05/22/2008 05:00:00,        67.225115
05/22/2008 06:00:00,        52.874991
05/22/2008 07:00:00,        32.941057
05/22/2008 08:00:00,        40.287750
05/22/2008 09:00:00,        29.488124
05/22/2008 10:00:00,        16.765795
05/22/2008 11:00:00,        10.054424
05/22/2008 12:00:00,         8.021269
05/22/2008 13:00:00,         0.221491
05/22/2008 14:00:00,         0.453228
05/22/2008 15:00:00,        19.514883
05/22/2008 16:00:00,        36.413586
05/22/2008 17:00:00,        29.308803
05/22/2008 18:00:00,        20.332416
05/22/2008 19:00:00,         9.629257
05/22/2008 20:00:00,        22.285406
05/22/2008 21:00:00,         9.722176
05/22/2008 22:00:00,         1.942841
05/22/2008 23:00:00,        22.141728
05/23/2008 00:00:00,         1.811880
05/23/2008 01:00:00,         0.019164
05/23/2008 02:00:00,         1.835109
05/23/2008 03:00:00,         4.325953
05/23/2008 04:00:00,         5.288849
05/23/2008 05:00:00,        20.116242
05/23/2008 06:00:00,        14.045882
05/23/2008 07:00:00,        12.002152
05/23/2008 08:00:00,       113.949306
05/23/2008 09:00:00,       171.458859
05/23/2008 10:00:00,       168.610831
05/23/2008 11:00:00,       120.297751
05/23/2008 12:00:00,        82.005581
05/23/2008 13:00:00,        63.455758
05/23/2008 14:00:00,        71.997610
05/23/2008 15:00:00,        51.257519
05/23/2008 16:00:00,        54.404744
05/23/2008 17:00:00,        47.026370
05/23/2008 18:00:00,        51.608091
05/23/2008 19:00:00,        47.195493
05/23/2008 20:00:00,        12.908716
05/23/2008 21:00:00,        11.275272
05/23/2008 22:00:00,         1.275370
05/23/2008 23:00:00,         0.708296
05/24/2008 00:00:00,         0.790452
05/24/2008 01:00:00,         0.023963
05/24/2008 02:00:00,         3.210726
05/24/2008 03:00:00,         2.299699
05/24/2008 04:00:00,        14.702520
05/24/2008 05:00:00,        39.200521
05/24/2008 06:00:00,        75.864114
05/24/2008 07:00:00,       136.129259
05/24/2008 08:00:00,       242.638140
05/24/2008 09:00:00,       243.549446
05/24/2008 10:00:00,       194.480930
05/24/2008 11:00:00,       164.635721
05/24/2008 12:00:00,       148.487993
05/24/2008 13:00:00,       128.594049
05/24/2008 14:00:00,       106.473483
05/24/2008 15:00:00,        43.241346
05/24/2008 16:00:00,        15.837174
05/24/2008 17:00:00,         4.318000
05/24/2008 18:00:00,         2.338436
05/24/2008 19:00:00,         2.805584
05/24/2008 20:00:00,        13.172684
05/24/2008 21:00:00,        24.685776
05/24/2008 22:00:00,        31.506900
05/24/2008 23:00:00,        46.450473
05/25/2008 00:00:00,         9.536582
05/25/2008 01:00:00,        14.287745
05/25/2008 02:00:00,        43.952239
05/25/2008 03:00:00,        77.179596
05/25/2008 04:00:00,        56.767368
05/25/2008 05:00:00,        33.439557
05/25/2008 06:00:00,         8.873019
05/25/2008 07:00:00,         4.938692
05/25/2008 08:00:00,         6.694578
05/25/2008 09:00:00,         5.530073
05/25/2008 10:00:00,         1.376475
05/25/2008 11:00:00,         1.810436
05/25/2008 12:00:00,         2.982886
05/25/2008 13:00:00,        13.830630
05/25/2008 14:00:00,        49.240958
05/25/2008 15:00:00,        43.199277
05/25/2008 16:00:00,        52.887692
05/25/2008 17:00:00,        71.824202
05/25/2008 18:00:00,        64.696846
05/25/2008 19:00:00,        56.689331
05/25/2008 20:00:00,       201.910698
05/25/2008 21:00:00,       112.455531
05/25/2008 22:00:00,       188.729630
05/25/2008 23:00:00,       209.446464
05/26/2008 00:00:00,       192.797248
05/26/2008 01:00:00,       206.615895
05/26/2008 02:00:00,       226.702681
05/26/2008 03:00:00,       289.405245
05/26/2008 04:00:00,       303.701245
05/26/2008 05:00:00,       315.478878
05/26/2008 06:00:00,       307.047320
05/26/2008 07:00:00,       279.395632
05/26/2008 08:00:00,       320.000000
05/26/2008 09:00:00,       318.389341
05/26/2008 10:00:00,       319.972199
05/26/2008 11:00:00,       237.543423
05/26/2008 12:00:00,       319.944760
05/26/2008 13:00:00,       319.610713
05/26/2008 14:00:00,       301.504146
05/26/2008 15:00:00,       312.086236
05/26/2008 16:00:00,       292.290191
05/26/2008 17:00:00,       313.928923
05/26/2008 18:00:00,       291.644783
05/26/2008 19:00:00,       201.827059
05/26/2008 20:00:00,       175.450759
05/26/2008 21:00:00,       142.867700
05/26/2008 22:00:00,        67.706533
05/26/2008 23:00:00,       176.047740
05/27/2008 00:00:00,       157.559893
05/27/2008 01:00:00,       173.320721
05/27/2008 02:00:00,       187.774687
05/27/2008 03:00:00,       143.055080
05/27/2008 04:00:00,        98.658295
05/27/2008 05:00:00,       112.570022
05/27/2008 06:00:00,        71.146459
05/27/2008 07:00:00,        83.537372
05/27/2008 08:00:00,       129.678507
05/27/2008 09:00:00,       124.906785
05/27/2008 10:00:00,       196.036418
05/27/2008 11:00:00,       174.928535
05/27/2008 12:00:00,       165.065551
05/27/2008 13:00:00,       186.455460
05/27/2008 14:00:00,        79.214754
05/27/2008 15:00:00,        69.064873
05/27/2008 16:00:00,        89.322596
05/27/2008 17:00:00,       104.638330
05/27/2008 18:00:00,       119.288823
05/27/2008 19:00:00,       143.839978
05/27/2008 20:00:00,       218.940362
05/27/2008 21:00:00,       295.073275
05/27/2008 22:00:00,       280.980233
05/27/2008 23:00:00,       309.605063
05/28/2008 00:00:00,       273.078896
05/28/2008 01:00:00,       298.114083
05/28/2008 02:00:00,       316.161878
05/28/2008 03:00:00,       319.577898
05/28/2008 04:00:00,       318.489253
05/28/2008 05:00:00,       307.021464
05/28/2008 06:00:00,       271.457672
05/28/2008 07:00:00,       293.107503
05/28/2008 08:00:00,       296.077611
05/28/2008 09:00:00,       305.981462
05/28/2008 10:00:00,       297.502901
05/28/2008 11:00:00,       307.334010
05/28/2008 12:00:00,       299.185117
05/28/2008 13:00:00,       297.875937
05/28/2008 14:00:00,       300.218134
05/28/2008 15:00:00,       312.803989
05/28/2008 16:00:00,       317.727213
05/28/2008 17:00:00,       318.973009
05/28/2008 18:00:00,       318.681776
05/28/2008 19:00:00,       311.447200
05/28/2008 20:00:00,       267.440450
05/28/2008 21:00:00,       262.744529
05/28/2008 22:00:00,       277.022069
05/28/2008 23:00:00,       284.003385
05/29/2008 00:00:00,       295.653603
05/29/2008 01:00:00,       309.211714
05/29/2008 02:00:00,       263.148562
05/29/2008 03:00:00,       262.184095
05/29/2008 04:00:00,       277.800932
05/29/2008 05:00:00,       280.375572
05/29/2008 06:00:00,       283.996151
05/29/2008 07:00:00,       310.711851
05/29/2008 08:00:00,       319.230369
05/29/2008 09:00:00,       319.260420
05/29/2008 10:00:00,       319.900694
05/29/2008 11:00:00,       319.481048
05/29/2008 12:00:00,       319.814215
05/29/2008 13:00:00,       319.890253
05/29/2008 14:00:00,       319.997952
05/29/2008 15:00:00,       320.000000
05/29/2008 16:00:00,       320.000000
05/29/2008 17:00:00,       320.000000
05/29/2008 18:00:00,       319.835526
05/29/2008 19:00:00,       319.983746
05/29/2008 20:00:00,       320.000000
05/29/2008 21:00:00,       320.000000
05/29/2008 22:00:00,       319.954200
05/29/2008 23:00:00,       319.966838
05/30/2008 00:00:00,       319.999756
05/30/2008 01:00:00,       319.837486
05/30/2008 02:00:00,       317.495545
05/30/2008 03:00:00,       311.577032
05/30/2008 04:00:00,       311.428120
05/30/2008 05:00:00,       300.128958
05/30/2008 06:00:00,       269.266083
05/30/2008 07:00:00,       219.885275
05/30/2008 08:00:00,       182.681608
05/30/2008 09:00:00,       157.026088
05/30/2008 10:00:00,       157.120079
05/30/2008 11:00:00,       143.680348
05/30/2008 12:00:00,       130.123678
05/30/2008 13:00:00,       102.056671
05/30/2008 14:00:00,       102.777471
05/30/2008 15:00:00,       108.706651
05/30/2008 16:00:00,        99.690278
05/30/2008 17:00:00,       106.408604
05/30/2008 18:00:00,       122.224391
05/30/2008 19:00:00,       112.049626
05/30/2008 20:00:00,        97.412419
05/30/2008 21:00:00,        89.498915
05/30/2008 22:00:00,        97.594790
05/30/2008 23:00:00,        90.735978
05/31/2008 00:00:00,        70.775210
05/31/2008 01:00:00,        66.405740
05/31/2008 02:00:00,        40.544434
05/31/2008 03:00:00,        48.576884
05/31/2008 04:00:00,        58.624514
05/31/2008 05:00:00,        48.009232
05/31/2008 06:00:00,        60.472003
05/31/2008 07:00:00,        48.658551
05/31/2008 08:00:00,         2.705528
05/31/2008 09:00:00,         0.583137
05/31/2008 10:00:00,        10.634588
05/31/2008 11:00:00,        67.477900
05/31/2008 12:00:00,       152.846178
05/31/2008 13:00:00,       211.702149
05/31/2008 14:00:00,        47.663815
05/31/2008 15:00:00,        20.946869
05/31/2008 16:00:00,        55.879427
05/31/2008 17:00:00,       128.854557
05/31/2008 18:00:00,       163.666763
05/31/2008 19:00:00,       196.654936
05/31/2008 20:00:00,       171.772136
05/31/2008 21:00:00,       133.903069
05/31/2008 22:00:00,        43.394450
05/31/2008 23:00:00,        30.633099
06/01/2008 00:00:00,        51.765633
06/01/2008 01:00:00,        73.033811
06/01/2008 02:00:00,       137.907736
06/01/2008 03:00:00,       142.969549
06/01/2008 04:00:00,        90.249668
06/01/2008 05:00:00,        51.837072
06/01/2008 06:00:00,        46.419449
06/01/2008 07:00:00,        44.117786
06/01/2008 08:00:00,        68.338922
06/01/2008 09:00:00,        74.251044
06/01/2008 10:00:00,        52.433047
06/01/2008 11:00:00,        26.300629
06/01/2008 12:00:00,        22.856206
06/01/2008 13:00:00,         8.317184
06/01/2008 14:00:00,        12.053358
06/01/2008 15:00:00,        13.190058
06/01/2008 16:00:00,         6.978151
06/01/2008 17:00:00,         9.112879
06/01/2008 18:00:00,         9.659186
06/01/2008 19:00:00,        10.058593
06/01/2008 20:00:00,        13.802837
06/01/2008 21:00:00,        13.690793
06/01/2008 22:00:00,        16.288640
06/01/2008 23:00:00,        14.880440
06/02/2008 00:00:00,         9.336329
06/02/2008 01:00:00,         5.499858
06/02/2008 02:00:00,         0.827715
06/02/2008 03:00:00,         0.136992
06/02/2008 04:00:00,         0.320284
06/02/2008 05:00:00,         4.152088
06/02/2008 06:00:00,         8.967998
06/02/2008 07:00:00,         8.435378
06/02/2008 08:00:00,         6.276577
06/02/2008 09:00:00,         2.707214
06/02/2008 10:00:00,         2.831294
06/02/2008 11:00:00,         1.977892
06/02/2008 12:00:00,         2.327456
06/02/2008 13:00:00,        13.807193
06/02/2008 14:00:00,        36.319021
06/02/2008 15:00:00,        26.641517
06/02/2008 16:00:00,        23.713632
06/02/2008 17:00:00,         6.256987
06/02/2008 18:00:00,         5.533230
06/02/2008 19:00:00,         2.584191
06/02/2008 20:00:00,         0.796278
06/02/2008 21:00:00,         0.403348
06/02/2008 22:00:00,         1.679007
06/02/2008 23:00:00,         0.191272
06/03/2008 00:00:00,         0.060096
06/03/2008 01:00:00,         0.000000
06/03/2008 02:00:00,         0.000000
06/03/2008 03:00:00,         0.000000
06/03/2008 04:00:00,         0.003876
06/03/2008 05:00:00,         0.060986
06/03/2008 06:00:00,         0.000000
06/03/2008 07:00:00,         5.956346
06/03/2008 08:00:00,        89.164188
06/03/2008 09:00:00,       102.224153
06/03/2008 10:00:00,        59.014074
06/03/2008 11:00:00,       214.962943
06/03/2008 12:00:00,       200.128049
06/03/2008 13:00:00,       228.821404
06/03/2008 14:00:00,       303.811402
06/03/2008 15:00:00,       265.599593
06/03/2008 16:00:00,       284.471710
06/03/2008 17:00:00,       285.406912
06/03/2008 18:00:00,       269.131027
06/03/2008 19:00:00,       206.353204
06/03/2008 20:00:00,       166.507416
06/03/2008 21:00:00,       159.914956
06/03/2008 22:00:00,       167.999881
06/03/2008 23:00:00,       188.946670
06/04/2008 00:00:00,       160.631020
06/04/2008 01:00:00,       188.838810
06/04/2008 02:00:00,       139.110684
06/04/2008 03:00:00,       122.741999
06/04/2008 04:00:00,        43.826644
06/04/2008 05:00:00,        13.208691
06/04/2008 06:00:00,         9.922967
06/04/2008 07:00:00,         7.939111
06/04/2008 08:00:00,        10.405160
06/04/2008 09:00:00,         5.843562
06/04/2008 10:00:00,         3.228410
06/04/2008 11:00:00,         3.292241
06/04/2008 12:00:00,         1.394170
06/04/2008 13:00:00,         0.740122
06/04/2008 14:00:00,         2.727010
06/04/2008 15:00:00,         7.648965
06/04/2008 16:00:00,         6.784641
06/04/2008 17:00:00,         8.428468
06/04/2008 18:00:00,         4.456045
06/04/2008 19:00:00,         1.846017
06/04/2008 20:00:00,         0.372394
06/04/2008 21:00:00,         0.061163
06/04/2008 22:00:00,         0.000000
06/04/2008 23:00:00,         0.000000
06/05/2008 00:00:00,         0.000000
06/05/2008 01:00:00,         0.000000
06/05/2008 02:00:00,         0.439194
06/05/2008 03:00:00,         0.398974
06/05/2008 04:00:00,         0.693400
06/05/2008 05:00:00,         1.264495
06/05/2008 06:00:00,         4.534217
06/05/2008 07:00:00,        15.713556
06/05/2008 08:00:00,        19.332105
06/05/2008 09:00:00,         8.971897
06/05/2008 10:00:00,         5.815060
06/05/2008 11:00:00,         6.219781
06/05/2008 12:00:00,         3.463986
06/05/2008 13:00:00,         0.745763
06/05/2008 14:00:00,         0.178674
06/05/2008 15:00:00,         2.523254
06/05/2008 16:00:00,        12.687720
06/05/2008 17:00:00,        11.286931
06/05/2008 18:00:00,        14.223812
06/05/2008 19:00:00,        29.040497
06/05/2008 20:00:00,        34.651637
06/05/2008 21:00:00,        27.742147
06/05/2008 22:00:00,        26.999337
06/05/2008 23:00:00,        29.654170
06/06/2008 00:00:00,        19.439043
06/06/2008 01:00:00,        13.250123
06/06/2008 02:00:00,        63.971020
06/06/2008 03:00:00,       149.315602
06/06/2008 04:00:00,       121.660514
06/06/2008 05:00:00,       145.404610
06/06/2008 06:00:00,       207.302286
06/06/2008 07:00:00,       272.148449
06/06/2008 08:00:00,       318.946481
06/06/2008 09:00:00,       319.872088
06/06/2008 10:00:00,       319.442140
06/06/2008 11:00:00,       318.848578
06/06/2008 12:00:00,       315.345494
06/06/2008 13:00:00,       273.728024
06/06/2008 14:00:00,       107.556235
06/06/2008 15:00:00,        38.373519
06/06/2008 16:00:00,        20.647372
06/06/2008 17:00:00,        32.742155
06/06/2008 18:00:00,         9.760785
06/06/2008 19:00:00,         9.212402
06/06/2008 20:00:00,         3.631701
06/06/2008 21:00:00,         3.481919
06/06/2008 22:00:00,         0.199898
06/06/2008 23:00:00,         0.009317
06/07/2008 00:00:00,         0.415324
06/07/2008 01:00:00,        29.660812
06/07/2008 02:00:00,       182.460927
06/07/2008 03:00:00,       296.898611
06/07/2008 04:00:00,       270.191891
06/07/2008 05:00:00,       265.291548
06/07/2008 06:00:00,       250.710698
06/07/2008 07:00:00,       209.171813
06/07/2008 08:00:00,       169.523912
06/07/2008 09:00:00,       155.754474
06/07/2008 10:00:00,       164.998070
06/07/2008 11:00:00,       171.660458
06/07/2008 12:00:00,        37.656433
06/07/2008 13:00:00,         8.997476
06/07/2008 14:00:00,         0.262427
06/07/2008 15:00:00,         0.000000
06/07/2008 16:00:00,         0.229355
06/07/2008 17:00:00,        26.455962
06/07/2008 18:00:00,       113.681883
06/07/2008 19:00:00,       132.588973
06/07/2008 20:00:00,       199.485446
06/07/2008 21:00:00,       144.200921
06/07/2008 22:00:00,        64.030629
06/07/2008 23:00:00,       172.880852
06/08/2008 00:00:00,         8.464105
06/08/2008 01:00:00,        46.780607
06/08/2008 02:00:00,        37.164339
06/08/2008 03:00:00,        76.775536
06/08/2008 04:00:00,         1.621652
06/08/2008 05:00:00,        13.869675
06/08/2008 06:00:00,         6.183431
06/08/2008 07:00:00,         0.055616
06/08/2008 08:00:00,         0.086058
06/08/2008 09:00:00,         0.179502
06/08/2008 10:00:00,         0.462589
06/08/2008 11:00:00,        58.006394
06/08/2008 12:00:00,        21.746103
06/08/2008 13:00:00,       209.547721
06/08/2008 14:00:00,       259.209151
06/08/2008 15:00:00,       303.757686
06/08/2008 16:00:00,       278.830177
06/08/2008 17:00:00,       318.057767
06/08/2008 18:00:00,       263.928332
06/08/2008 19:00:00,       267.348141
06/08/2008 20:00:00,       283.325152
06/08/2008 21:00:00,       257.128155
06/08/2008 22:00:00,       151.480503
06/08/2008 23:00:00,       161.017787
06/09/2008 00:00:00,       144.385962
06/09/2008 01:00:00,        85.194414
06/09/2008 02:00:00,        87.036750
06/09/2008 03:00:00,        50.107234
06/09/2008 04:00:00,        43.792771
06/09/2008 05:00:00,        52.829432
06/09/2008 06:00:00,        67.768544
06/09/2008 07:00:00,        29.962256
06/09/2008 08:00:00,        30.175698
06/09/2008 09:00:00,        23.675547
06/09/2008 10:00:00,        21.824466
06/09/2008 11:00:00,        31.677928
06/09/2008 12:00:00,        42.104201
06/09/2008 13:00:00,        16.123707
06/09/2008 14:00:00,         9.811821
06/09/2008 15:00:00,        40.244143
06/09/2008 16:00:00,        46.521079
06/09/2008 17:00:00,        49.646787
06/09/2008 18:00:00,        38.722644
06/09/2008 19:00:00,        26.882651
06/09/2008 20:00:00,        25.725498
06/09/2008 21:00:00,        25.822546
06/09/2008 22:00:00,        25.756855
06/09/2008 23:00:00,        21.616654
06/10/2008 00:00:00,        17.590609
06/10/2008 01:00:00,        15.297006
06/10/2008 02:00:00,        26.541150
06/10/2008 03:00:00,        28.558701
06/10/2008 04:00:00,         6.995888
06/10/2008 05:00:00,        41.796047
06/10/2008 06:00:00,       315.637892
06/10/2008 07:00:00,       318.682370
06/10/2008 08:00:00,       318.945886
06/10/2008 09:00:00,       319.418448
06/10/2008 10:00:00,       319.585899
06/10/2008 11:00:00,       318.085645
06/10/2008 12:00:00,       318.668530
06/10/2008 13:00:00,       319.318540
06/10/2008 14:00:00,       319.002947
06/10/2008 15:00:00,       318.844236
06/10/2008 16:00:00,       317.920181
06/10/2008 17:00:00,       314.521458
06/10/2008 18:00:00,       306.681409
06/10/2008 19:00:00,       290.793462
06/10/2008 20:00:00,       238.153372
06/10/2008 21:00:00,       259.696613
06/10/2008 22:00:00,       299.428538
06/10/2008 23:00:00,       314.658128
06/11/2008 00:00:00,       318.416166
06/11/2008 01:00:00,       319.945131
06/11/2008 02:00:00,       319.972385
06/11/2008 03:00:00,       319.970595
06/11/2008 04:00:00,       319.942651
06/11/2008 05:00:00,       319.809901
06/11/2008 06:00:00,       319.838773
06/11/2008 07:00:00,       319.902953
06/11/2008 08:00:00,       319.844911
06/11/2008 09:00:00,       318.001241
06/11/2008 10:00:00,       177.968646
06/11/2008 11:00:00,       201.170972
06/11/2008 12:00:00,       144.022629
06/11/2008 13:00:00,       160.817227
06/11/2008 14:00:00,       144.102950
06/11/2008 15:00:00,       275.830722
06/11/2008 16:00:00,       209.253954
06/11/2008 17:00:00,       207.961938
06/11/2008 18:00:00,       215.387766
06/11/2008 19:00:00,       250.103791
06/11/2008 20:00:00,       216.032779
06/11/2008 21:00:00,       213.777357
06/11/2008 22:00:00,       264.756744
06/11/2008 23:00:00,       305.425798
06/12/2008 00:00:00,       214.650969
06/12/2008 01:00:00,       245.263920
06/12/2008 02:00:00,       309.242128
06/12/2008 03:00:00,       185.280551
06/12/2008 04:00:00,       180.694341
06/12/2008 05:00:00,       181.030739
06/12/2008 06:00:00,       254.053621
06/12/2008 07:00:00,       266.053830
06/12/2008 08:00:00,       227.970269
06/12/2008 09:00:00,       169.431598
06/12/2008 10:00:00,       164.597391
06/12/2008 11:00:00,       123.017970
06/12/2008 12:00:00,        97.627919
06/12/2008 13:00:00,       155.263091
06/12/2008 14:00:00,       195.781463
06/12/2008 15:00:00,       237.744141
06/12/2008 16:00:00,       252.900670
06/12/2008 17:00:00,       232.718630
06/12/2008 18:00:00,       228.952229
06/12/2008 19:00:00,       232.020655
06/12/2008 20:00:00,       277.190745
06/12/2008 21:00:00,       298.252848
06/12/2008 22:00:00,       314.527890
06/12/2008 23:00:00,       319.799004
06/13/2008 00:00:00,       319.845941
06/13/2008 01:00:00,       319.870476
06/13/2008 02:00:00,       319.726821
06/13/2008 03:00:00,       316.408864
06/13/2008 04:00:00,       285.064678
06/13/2008 05:00:00,       278.329037
06/13/2008 06:00:00,       299.386248
06/13/2008 07:00:00,       298.422615
06/13/2008 08:00:00,       304.893575
06/13/2008 09:00:00,       283.791716
06/13/2008 10:00:00,       256.575817
06/13/2008 11:00:00,       253.823685
06/13/2008 12:00:00,       227.884684
06/13/2008 13:00:00,       159.609470
06/13/2008 14:00:00,       108.598652
06/13/2008 15:00:00,        53.877103
06/13/2008 16:00:00,        18.887924
06/13/2008 17:00:00,         7.888961
06/13/2008 18:00:00,         4.081589
06/13/2008 19:00:00,         0.193042
06/13/2008 20:00:00,         0.002319
06/13/2008 21:00:00,         0.050291
06/13/2008 22:00:00,         0.009821
06/13/2008 23:00:00,         0.000000
06/14/2008 00:00:00,         0.000000
06/14/2008 01:00:00,         0.000000
06/14/2008 02:00:00,         0.000000
06/14/2008 03:00:00,         0.000000
06/14/2008 04:00:00,         0.000000
06/14/2008 05:00:00,         0.000000
06/14/2008 06:00:00,         0.000000
06/14/2008 07:00:00,         0.000000
06/14/2008 08:00:00,         1.400315
06/14/2008 09:00:00,         3.590293
06/14/2008 10:00:00,         4.070087
06/14/2008 11:00:00,         2.046810
06/14/2008 12:00:00,        11.913802
06/14/2008 13:00:00,        15.021500
06/14/2008 14:00:00,         1.985903
06/14/2008 15:00:00,        28.599624
06/14/2008 16:00:00,        70.354619
06/14/2008 17:00:00,       108.500209
06/14/2008 18:00:00,       155.456669
06/14/2008 19:00:00,       137.812232
06/14/2008 20:00:00,       124.990876
06/14/2008 21:00:00,       104.811427
06/14/2008 22:00:00,        91.375319
06/14/2008 23:00:00,        77.580834
06/15/2008 00:00:00,        86.729713
06/15/2008 01:00:00,        69.741318
06/15/2008 02:00:00,        52.473933
06/15/2008 03:00:00,        29.398227
06/15/2008 04:00:00,        27.592509
06/15/2008 05:00:00,       144.383387
06/15/2008 06:00:00,       266.794925
06/15/2008 07:00:00,       312.435030
06/15/2008 08:00:00,       319.701921
06/15/2008 09:00:00,       319.499321
06/15/2008 10:00:00,       319.297924
06/15/2008 11:00:00,       319.231738
06/15/2008 12:00:00,       314.529512
06/15/2008 13:00:00,        86.416122
06/15/2008 14:00:00,         3.120790
06/15/2008 15:00:00,         2.599000
06/15/2008 16:00:00,         7.684781
06/15/2008 17:00:00,        29.555534
06/15/2008 18:00:00,        55.508303
06/15/2008 19:00:00,        73.053592
06/15/2008 20:00:00,        78.603232
06/15/2008 21:00:00,        80.222040
06/15/2008 22:00:00,        68.814010
06/15/2008 23:00:00,        51.684439
06/16/2008 00:00:00,        42.444795
06/16/2008 01:00:00,        56.288672
06/16/2008 02:00:00,        38.069503
06/16/2008 03:00:00,         8.294572
06/16/2008 04:00:00,        21.601225
06/16/2008 05:00:00,        61.404929
06/16/2008 06:00:00,       130.441969
06/16/2008 07:00:00,       187.074000
06/16/2008 08:00:00,       194.597054
06/16/2008 09:00:00,       170.121928
06/16/2008 10:00:00,       147.368599
06/16/2008 11:00:00,        94.514991
06/16/2008 12:00:00,        65.438045
06/16/2008 13:00:00,        31.061293
06/16/2008 14:00:00,        26.092124
06/16/2008 15:00:00,        16.900671
06/16/2008 16:00:00,        12.485490
06/16/2008 17:00:00,        11.009510
06/16/2008 18:00:00,        24.430120
06/16/2008 19:00:00,        69.770013
06/16/2008 20:00:00,       114.377204
06/16/2008 21:00:00,       119.012575
06/16/2008 22:00:00,       112.638177
06/16/2008 23:00:00,        48.454479
06/17/2008 00:00:00,        25.071680
06/17/2008 01:00:00,        21.442790
06/17/2008 02:00:00,        18.205609
06/17/2008 03:00:00,        47.453905
06/17/2008 04:00:00,       116.593609
06/17/2008 05:00:00,       115.807848
06/17/2008 06:00:00,       119.524421
06/17/2008 07:00:00,       145.982829
06/17/2008 08:00:00,       129.134854
06/17/2008 09:00:00,       116.852058
06/17/2008 10:00:00,       124.124613
06/17/2008 11:00:00,       109.397049
06/17/2008 12:00:00,        63.646150
06/17/2008 13:00:00,        31.393175
06/17/2008 14:00:00,        22.500801
06/17/2008 15:00:00,        32.030630
06/17/2008 16:00:00,        58.741769
06/17/2008 17:00:00,        81.285505
06/17/2008 18:00:00,        79.795608
06/17/2008 19:00:00,        69.458812
06/17/2008 20:00:00,        90.441849
06/17/2008 21:00:00,        92.738502
06/17/2008 22:00:00,        99.688095
06/17/2008 23:00:00,        74.369583
06/18/2008 00:00:00,        72.559725
06/18/2008 01:00:00,        73.271569
06/18/2008 02:00:00,        72.262964
06/18/2008 03:00:00,        94.257150
06/18/2008 04:00:00,        94.725945
06/18/2008 05:00:00,       102.380440
06/18/2008 06:00:00,        84.529358
06/18/2008 07:00:00,        81.961616
06/18/2008 08:00:00,       116.757496
06/18/2008 09:00:00,        61.116123
06/18/2008 10:00:00,        46.512316
06/18/2008 11:00:00,        61.435775
06/18/2008 12:00:00,        66.293916
06/18/2008 13:00:00,        52.321892
06/18/2008 14:00:00,        62.976917
06/18/2008 15:00:00,       125.620542
06/18/2008 16:00:00,       115.880542
06/18/2008 17:00:00,       141.748886
06/18/2008 18:00:00,       134.940746
06/18/2008 19:00:00,       108.905162
06/18/2008 20:00:00,       104.930902
06/18/2008 21:00:00,       111.845848
06/18/2008 22:00:00,       107.687017
06/18/2008 23:00:00,       107.235957
06/19/2008 00:00:00,       143.242977
06/19/2008 01:00:00,       154.515659
06/19/2008 02:00:00,       225.133436
06/19/2008 03:00:00,       258.337829
06/19/2008 04:00:00,       226.687240
06/19/2008 05:00:00,       149.464998
06/19/2008 06:00:00,        69.323346
06/19/2008 07:00:00,       119.437718
06/19/2008 08:00:00,       155.779016
06/19/2008 09:00:00,       112.331398
06/19/2008 10:00:00,        77.264854
06/19/2008 11:00:00,        91.388955
06/19/2008 12:00:00,        48.605033
06/19/2008 13:00:00,        46.114006
06/19/2008 14:00:00,        73.064358
06/19/2008 15:00:00,        55.898077
06/19/2008 16:00:00,        40.182312
06/19/2008 17:00:00,        34.558687
06/19/2008 18:00:00,        18.654885
06/19/2008 19:00:00,        25.672397
06/19/2008 20:00:00,        26.732858
06/19/2008 21:00:00,        28.473948
06/19/2008 22:00:00,        47.096155
06/19/2008 23:00:00,        55.926193
06/20/2008 00:00:00,        36.341492
06/20/2008 01:00:00,        39.483717
06/20/2008 02:00:00,        37.974127
06/20/2008 03:00:00,        52.862779
06/20/2008 04:00:00,       181.855455
06/20/2008 05:00:00,        74.932347
06/20/2008 06:00:00,       110.160961
06/20/2008 07:00:00,       196.946561
06/20/2008 08:00:00,       202.190498
06/20/2008 09:00:00,       263.575818
06/20/2008 10:00:00,       306.706819
06/20/2008 11:00:00,       313.073037
06/20/2008 12:00:00,       309.170502
06/20/2008 13:00:00,       274.373980
06/20/2008 14:00:00,       179.965881
06/20/2008 15:00:00,       100.114739
06/20/2008 16:00:00,        89.019466
06/20/2008 17:00:00,        46.178012
06/20/2008 18:00:00,        13.991286
06/20/2008 19:00:00,         0.405756
06/20/2008 20:00:00,        10.054100
06/20/2008 21:00:00,         4.455674
06/20/2008 22:00:00,         5.817104
06/20/2008 23:00:00,         0.251623
06/21/2008 00:00:00,         1.612524
06/21/2008 01:00:00,        31.729963
06/21/2008 02:00:00,        19.149437
06/21/2008 03:00:00,        19.430249
06/21/2008 04:00:00,        54.074030
06/21/2008 05:00:00,       124.211026
06/21/2008 06:00:00,       141.604188
06/21/2008 07:00:00,       203.769639
06/21/2008 08:00:00,        93.976417
06/21/2008 09:00:00,       197.931514
06/21/2008 10:00:00,        85.687287
06/21/2008 11:00:00,       144.797086
06/21/2008 12:00:00,        69.744812
06/21/2008 13:00:00,        49.784244
06/21/2008 14:00:00,        17.416517
06/21/2008 15:00:00,        13.130949
06/21/2008 16:00:00,         0.091634
06/21/2008 17:00:00,         0.021403
06/21/2008 18:00:00,         0.063603
06/21/2008 19:00:00,         1.512076
06/21/2008 20:00:00,         4.632423
06/21/2008 21:00:00,         1.459789
06/21/2008 22:00:00,         1.698471
06/21/2008 23:00:00,         0.922538
06/22/2008 00:00:00,         0.035139
06/22/2008 01:00:00,         0.262775
06/22/2008 02:00:00,         0.521835
06/22/2008 03:00:00,         0.155517
06/22/2008 04:00:00,         1.355017
06/22/2008 05:00:00,        37.709053
06/22/2008 06:00:00,        65.600218
06/22/2008 07:00:00,        63.368687
06/22/2008 08:00:00,        51.133252
06/22/2008 09:00:00,        49.844777
06/22/2008 10:00:00,        81.971152
06/22/2008 11:00:00,        42.705770
06/22/2008 12:00:00,        28.763135
06/22/2008 13:00:00,         0.958428
06/22/2008 14:00:00,         0.000000
06/22/2008 15:00:00,         2.550369
06/22/2008 16:00:00,         0.015663
06/22/2008 17:00:00,         0.123729
06/22/2008 18:00:00,         6.344827
06/22/2008 19:00:00,        12.815552
06/22/2008 20:00:00,         7.231422
06/22/2008 21:00:00,        10.046028
06/22/2008 22:00:00,        18.976562
06/22/2008 23:00:00,        19.764077
06/23/2008 00:00:00,        32.005461
06/23/2008 01:00:00,        21.949116
06/23/2008 02:00:00,         4.304053
06/23/2008 03:00:00,       119.783977
06/23/2008 04:00:00,       118.463492
06/23/2008 05:00:00,       224.169080
06/23/2008 06:00:00,       157.470134
06/23/2008 07:00:00,        87.075281
06/23/2008 08:00:00,       110.388889
06/23/2008 09:00:00,       123.231092
06/23/2008 10:00:00,       163.191767
06/23/2008 11:00:00,        82.929832
06/23/2008 12:00:00,       101.846487
06/23/2008 13:00:00,        29.339709
06/23/2008 14:00:00,        17.315174
06/23/2008 15:00:00,        12.031731
06/23/2008 16:00:00,         5.189131
06/23/2008 17:00:00,         1.045901
06/23/2008 18:00:00,         1.641219
06/23/2008 19:00:00,         7.614065
06/23/2008 20:00:00,        16.533849
06/23/2008 21:00:00,         0.253344
06/23/2008 22:00:00,         1.401453
06/23/2008 23:00:00,         0.000000
06/24/2008 00:00:00,         0.329158
06/24/2008 01:00:00,         1.870615
06/24/2008 02:00:00,        32.446033
06/24/2008 03:00:00,       221.083017
06/24/2008 04:00:00,       198.662393
06/24/2008 05:00:00,       181.685847
06/24/2008 06:00:00,       189.795360
06/24/2008 07:00:00,        54.536745
06/24/2008 08:00:00,        22.510669
06/24/2008 09:00:00,        66.435359
06/24/2008 10:00:00,        45.553291
06/24/2008 11:00:00,        62.259435
06/24/2008 12:00:00,        83.268585
06/24/2008 13:00:00,        46.482098
06/24/2008 14:00:00,        61.171680
06/24/2008 15:00:00,        72.690634
06/24/2008 16:00:00,       208.839648
06/24/2008 17:00:00,       164.746911
06/24/2008 18:00:00,       192.267231
06/24/2008 19:00:00,       240.931889
06/24/2008 20:00:00,       171.381367
06/24/2008 21:00:00,       178.950729
06/24/2008 22:00:00,       149.348221
06/24/2008 23:00:00,       140.991552
06/25/2008 00:00:00,       218.330902
06/25/2008 01:00:00,        63.998597
06/25/2008 02:00:00,       115.297029
06/25/2008 03:00:00,       136.201419
06/25/2008 04:00:00,        99.635996
06/25/2008 05:00:00,       113.477306
06/25/2008 06:00:00,       176.115830
06/25/2008 07:00:00,       148.311916
06/25/2008 08:00:00,       142.256333
06/25/2008 09:00:00,        72.571755
06/25/2008 10:00:00,        40.041290
06/25/2008 11:00:00,        62.578503
06/25/2008 12:00:00,        87.059743
06/25/2008 13:00:00,        93.438400
06/25/2008 14:00:00,        91.568130
06/25/2008 15:00:00,       102.971881
06/25/2008 16:00:00,        98.747439
06/25/2008 17:00:00,        90.066291
06/25/2008 18:00:00,       110.706290
06/25/2008 19:00:00,       114.708152
06/25/2008 20:00:00,       103.423416
06/25/2008 21:00:00,       110.203135
06/25/2008 22:00:00,       115.425668
06/25/2008 23:00:00,       156.469098
06/26/2008 00:00:00,       199.323265
06/26/2008 01:00:00,       148.863629
06/26/2008 02:00:00,        98.995361
06/26/2008 03:00:00,       319.265813
06/26/2008 04:00:00,       140.961213
06/26/2008 05:00:00,       145.972349
06/26/2008 06:00:00,        62.929452
06/26/2008 07:00:00,        54.828463
06/26/2008 08:00:00,        10.208883
06/26/2008 09:00:00,        29.676707
06/26/2008 10:00:00,        36.858855
06/26/2008 11:00:00,        67.165893
06/26/2008 12:00:00,        10.056926
06/26/2008 13:00:00,         0.163874
06/26/2008 14:00:00,         0.397856
06/26/2008 15:00:00,         0.042960
06/26/2008 16:00:00,         4.645916
06/26/2008 17:00:00,         4.540616
06/26/2008 18:00:00,         2.977944
06/26/2008 19:00:00,        11.024740
06/26/2008 20:00:00,        14.684711
06/26/2008 21:00:00,        14.333720
06/26/2008 22:00:00,        16.805545
06/26/2008 23:00:00,        13.921574
06/27/2008 00:00:00,        18.928963
06/27/2008 01:00:00,        54.088239
06/27/2008 02:00:00,        76.094979
06/27/2008 03:00:00,       167.159700
06/27/2008 04:00:00,       163.145857
06/27/2008 05:00:00,       176.892437
06/27/2008 06:00:00,        76.233553
06/27/2008 07:00:00,        97.235468
06/27/2008 08:00:00,        67.471317
06/27/2008 09:00:00,        96.219310
06/27/2008 10:00:00,        71.097754
06/27/2008 11:00:00,        67.204387
06/27/2008 12:00:00,        38.198913
06/27/2008 13:00:00,        21.067540
06/27/2008 14:00:00,        15.314806
06/27/2008 15:00:00,         1.927061
06/27/2008 16:00:00,        21.157714
06/27/2008 17:00:00,        38.684329
06/27/2008 18:00:00,        82.357008
06/27/2008 19:00:00,       112.707704
06/27/2008 20:00:00,       141.881643
06/27/2008 21:00:00,       176.953256
06/27/2008 22:00:00,       158.521493
06/27/2008 23:00:00,       132.072740
06/28/2008 00:00:00,       109.106028
06/28/2008 01:00:00,        62.241058
06/28/2008 02:00:00,        20.982635
06/28/2008 03:00:00,        22.642187
06/28/2008 04:00:00,       128.166467
06/28/2008 05:00:00,       147.521142
06/28/2008 06:00:00,       242.794864
06/28/2008 07:00:00,       242.640484
06/28/2008 08:00:00,       258.543545
06/28/2008 09:00:00,       240.584767
06/28/2008 10:00:00,       244.943205
06/28/2008 11:00:00,       215.561460
06/28/2008 12:00:00,       233.196275
06/28/2008 13:00:00,       165.637801
06/28/2008 14:00:00,       112.883098
06/28/2008 15:00:00,        46.794987
06/28/2008 16:00:00,        24.963954
06/28/2008 17:00:00,        12.944121
06/28/2008 18:00:00,        29.023293
06/28/2008 19:00:00,        53.188544
06/28/2008 20:00:00,       114.323828
06/28/2008 21:00:00,       128.647408
06/28/2008 22:00:00,       132.633788
06/28/2008 23:00:00,       112.403848
06/29/2008 00:00:00,        73.647352
06/29/2008 01:00:00,        52.459875
06/29/2008 02:00:00,        93.124489
06/29/2008 03:00:00,       144.700036
06/29/2008 04:00:00,       173.282514
06/29/2008 05:00:00,       191.808765
06/29/2008 06:00:00,       224.343806
06/29/2008 07:00:00,       243.756434
06/29/2008 08:00:00,       250.805449
06/29/2008 09:00:00,       263.149644
06/29/2008 10:00:00,       217.422752
06/29/2008 11:00:00,       160.891298
06/29/2008 12:00:00,       149.045021
06/29/2008 13:00:00,       209.755919
06/29/2008 14:00:00,       290.858207
06/29/2008 15:00:00,       205.982491
06/29/2008 16:00:00,       135.803259
06/29/2008 17:00:00,       109.780763
06/29/2008 18:00:00,       160.103379
06/29/2008 19:00:00,       203.291300
06/29/2008 20:00:00,       239.838457
06/29/2008 21:00:00,       223.898610
06/29/2008 22:00:00,       236.670201
06/29/2008 23:00:00,       260.310874
06/30/2008 00:00:00,       268.518959
06/30/2008 01:00:00,       255.846511
06/30/2008 02:00:00,       274.062926
06/30/2008 03:00:00,       275.910610
06/30/2008 04:00:00,       276.106047
06/30/2008 05:00:00,       245.629739
06/30/2008 06:00:00,       216.575680
06/30/2008 07:00:00,       198.299918
06/30/2008 08:00:00,       205.408372
06/30/2008 09:00:00,       215.846281
06/30/2008 10:00:00,       171.958251
06/30/2008 11:00:00,       188.672642
06/30/2008 12:00:00,       180.642040
06/30/2008 13:00:00,        93.109477
06/30/2008 14:00:00,       119.527237
06/30/2008 15:00:00,       104.647867
06/30/2008 16:00:00,       104.903168
06/30/2008 17:00:00,        89.982442
06/30/2008 18:00:00,        69.835072
06/30/2008 19:00:00,        31.938384
06/30/2008 20:00:00,         7.351502
06/30/2008 21:00:00,         2.018028
06/30/2008 22:00:00,         3.155946
06/30/2008 23:00:00,         0.010129
07/01/2008 00:00:00,         1.062132
07/01/2008 01:00:00,         9.168578
07/01/2008 02:00:00,        37.541294
07/01/2008 03:00:00,         6.817561
07/01/2008 04:00:00,         4.527253
07/01/2008 05:00:00,        11.541148
07/01/2008 06:00:00,        36.753736
07/01/2008 07:00:00,       106.016704
07/01/2008 08:00:00,       107.391032
07/01/2008 09:00:00,       146.440178
07/01/2008 10:00:00,        90.860538
07/01/2008 11:00:00,        34.858706
07/01/2008 12:00:00,        38.979483
07/01/2008 13:00:00,        62.423358
07/01/2008 14:00:00,        98.723958
07/01/2008 15:00:00,       124.284591
07/01/2008 16:00:00,       135.741554
07/01/2008 17:00:00,       135.916267
07/01/2008 18:00:00,       148.093792
07/01/2008 19:00:00,       107.974138
07/01/2008 20:00:00,       132.924495
07/01/2008 21:00:00,       133.756600
07/01/2008 22:00:00,       139.166299
07/01/2008 23:00:00,       125.109764
07/02/2008 00:00:00,       161.322665
07/02/2008 01:00:00,       212.246650
07/02/2008 02:00:00,       206.989867
07/02/2008 03:00:00,       161.505750
07/02/2008 04:00:00,       162.864445
07/02/2008 05:00:00,       260.820724
07/02/2008 06:00:00,       284.360965
07/02/2008 07:00:00,       314.442309
07/02/2008 08:00:00,       311.839657
07/02/2008 09:00:00,       313.317573
07/02/2008 10:00:00,       305.720113
07/02/2008 11:00:00,       290.785513
07/02/2008 12:00:00,       261.118236
07/02/2008 13:00:00,       145.807177
07/02/2008 14:00:00,        65.059407
07/02/2008 15:00:00,        54.499002
07/02/2008 16:00:00,        49.982153
07/02/2008 17:00:00,        45.346389
07/02/2008 18:00:00,        54.900330
07/02/2008 19:00:00,        37.915230
07/02/2008 20:00:00,        53.235947
07/02/2008 21:00:00,        38.837861
07/02/2008 22:00:00,        82.723450
07/02/2008 23:00:00,        56.869444
07/03/2008 00:00:00,        81.300641
07/03/2008 01:00:00,       163.730166
07/03/2008 02:00:00,       195.814786
07/03/2008 03:00:00,       254.493305
07/03/2008 04:00:00,       295.154355
07/03/2008 05:00:00,       297.789320
07/03/2008 06:00:00,       288.784081
07/03/2008 07:00:00,       262.465410
07/03/2008 08:00:00,       271.419021
07/03/2008 09:00:00,       311.274087
07/03/2008 10:00:00,       309.375655
07/03/2008 11:00:00,       309.572428
07/03/2008 12:00:00,       305.858374
07/03/2008 13:00:00,       268.892809
07/03/2008 14:00:00,       263.735833
07/03/2008 15:00:00,       291.219456
07/03/2008 16:00:00,       319.050800
07/03/2008 17:00:00,       312.435336
07/03/2008 18:00:00,       299.397641
07/03/2008 19:00:00,       300.942672
07/03/2008 20:00:00,       315.022659
07/03/2008 21:00:00,       318.986545
07/03/2008 22:00:00,       317.919251
07/03/2008 23:00:00,       227.511045
07/04/2008 00:00:00,       276.418096
07/04/2008 01:00:00,       225.310658
07/04/2008 02:00:00,       303.481079
07/04/2008 03:00:00,       291.014366
07/04/2008 04:00:00,       300.250578
07/04/2008 05:00:00,       297.351172
07/04/2008 06:00:00,       296.811825
07/04/2008 07:00:00,       270.377102
07/04/2008 08:00:00,       230.465194
07/04/2008 09:00:00,       191.709681
07/04/2008 10:00:00,       221.613393
07/04/2008 11:00:00,       231.109702
07/04/2008 12:00:00,       228.021948
07/04/2008 13:00:00,       156.042436
07/04/2008 14:00:00,        89.953315
07/04/2008 15:00:00,        97.669814
07/04/2008 16:00:00,        82.690821
07/04/2008 17:00:00,       103.111630
07/04/2008 18:00:00,       160.408541
07/04/2008 19:00:00,       122.758547
07/04/2008 20:00:00,        84.021332
07/04/2008 21:00:00,       134.761583
07/04/2008 22:00:00,       261.876375
07/04/2008 23:00:00,       183.285754
07/05/2008 00:00:00,       288.862863
07/05/2008 01:00:00,       277.181240
07/05/2008 02:00:00,       296.993960
07/05/2008 03:00:00,       275.530821
07/05/2008 04:00:00,       261.398885
07/05/2008 05:00:00,       301.346111
07/05/2008 06:00:00,       200.140513
07/05/2008 07:00:00,       168.453603
07/05/2008 08:00:00,       168.961335
07/05/2008 09:00:00,       139.274268
07/05/2008 10:00:00,       115.115957
07/05/2008 11:00:00,        98.049215
07/05/2008 12:00:00,       126.104036
07/05/2008 13:00:00,        68.450056
07/05/2008 14:00:00,        19.416437
07/05/2008 15:00:00,        19.328556
07/05/2008 16:00:00,        31.312569
07/05/2008 17:00:00,        42.685187
07/05/2008 18:00:00,        41.231181
07/05/2008 19:00:00,        60.907045
07/05/2008 20:00:00,        92.068601
07/05/2008 21:00:00,       166.621988
07/05/2008 22:00:00,       288.651537
07/05/2008 23:00:00,       295.395783
07/06/2008 00:00:00,       301.239154
07/06/2008 01:00:00,       319.173815
07/06/2008 02:00:00,       319.997590
07/06/2008 03:00:00,       319.900907
07/06/2008 04:00:00,       315.579015
07/06/2008 05:00:00,       314.252716
07/06/2008 06:00:00,       311.006636
07/06/2008 07:00:00,       308.454347
07/06/2008 08:00:00,       304.659820
07/06/2008 09:00:00,       258.716781
07/06/2008 10:00:00,       214.655308
07/06/2008 11:00:00,       208.828303
07/06/2008 12:00:00,       184.737749
07/06/2008 13:00:00,       152.738188
07/06/2008 14:00:00,       135.554093
07/06/2008 15:00:00,       139.391776
07/06/2008 16:00:00,       175.761037
07/06/2008 17:00:00,       197.373048
07/06/2008 18:00:00,       165.024127
07/06/2008 19:00:00,       118.682246
07/06/2008 20:00:00,        74.530215
07/06/2008 21:00:00,        80.730219
07/06/2008 22:00:00,        75.582806
07/06/2008 23:00:00,        91.400516
07/07/2008 00:00:00,        68.988323
07/07/2008 01:00:00,        60.430024
07/07/2008 02:00:00,        86.344914
07/07/2008 03:00:00,       192.541801
07/07/2008 04:00:00,       221.819151
07/07/2008 05:00:00,       288.130371
07/07/2008 06:00:00,       312.370089
07/07/2008 07:00:00,       318.058446
07/07/2008 08:00:00,       316.673462
07/07/2008 09:00:00,       310.541494
07/07/2008 10:00:00,       314.928521
07/07/2008 11:00:00,       315.682881
07/07/2008 12:00:00,       308.761254
07/07/2008 13:00:00,       282.069561
07/07/2008 14:00:00,       221.004586
07/07/2008 15:00:00,       250.567690
07/07/2008 16:00:00,       255.031028
07/07/2008 17:00:00,       286.937990
07/07/2008 18:00:00,       278.674920
07/07/2008 19:00:00,       284.635439
07/07/2008 20:00:00,       258.949156
07/07/2008 21:00:00,       246.517683
07/07/2008 22:00:00,       302.368399
07/07/2008 23:00:00,       311.319225
07/08/2008 00:00:00,       318.064250
07/08/2008 01:00:00,       319.580128
07/08/2008 02:00:00,       313.743211
07/08/2008 03:00:00,       220.636897
07/08/2008 04:00:00,       149.825440
07/08/2008 05:00:00,        73.181857
07/08/2008 06:00:00,        85.740165
07/08/2008 07:00:00,        57.075505
07/08/2008 08:00:00,        32.757560
07/08/2008 09:00:00,         8.665753
07/08/2008 10:00:00,         3.067170
07/08/2008 11:00:00,         1.081662
07/08/2008 12:00:00,         0.492567
07/08/2008 13:00:00,         0.555080
07/08/2008 14:00:00,         0.000000
07/08/2008 15:00:00,         0.021880
07/08/2008 16:00:00,         7.040276
07/08/2008 17:00:00,         9.804767
07/08/2008 18:00:00,         5.797849
07/08/2008 19:00:00,         0.792410
07/08/2008 20:00:00,         2.545353
07/08/2008 21:00:00,         1.034921
07/08/2008 22:00:00,         0.569691
07/08/2008 23:00:00,         1.286779
07/09/2008 00:00:00,        11.736138
07/09/2008 01:00:00,         6.731903
07/09/2008 02:00:00,         2.687448
07/09/2008 03:00:00,         2.259961
07/09/2008 04:00:00,         8.870200
07/09/2008 05:00:00,         3.511437
07/09/2008 06:00:00,        42.262434
07/09/2008 07:00:00,        25.515876
07/09/2008 08:00:00,        12.047420
07/09/2008 09:00:00,         0.641311
07/09/2008 10:00:00,         0.034043
07/09/2008 11:00:00,         0.052325
07/09/2008 12:00:00,         0.555286
07/09/2008 13:00:00,         2.590068
07/09/2008 14:00:00,         7.092307
07/09/2008 15:00:00,         6.868644
07/09/2008 16:00:00,         1.627413
07/09/2008 17:00:00,         0.094669
07/09/2008 18:00:00,         0.000000
07/09/2008 19:00:00,         0.000000
07/09/2008 20:00:00,         0.000000
07/09/2008 21:00:00,         0.031069
07/09/2008 22:00:00,         0.694400
07/09/2008 23:00:00,         1.073565
07/10/2008 00:00:00,         2.844179
07/10/2008 01:00:00,         3.145839
07/10/2008 02:00:00,         1.249333
07/10/2008 03:00:00,        12.665276
07/10/2008 04:00:00,        48.629101
07/10/2008 05:00:00,       118.775805
07/10/2008 06:00:00,       136.513156
07/10/2008 07:00:00,       151.557036
07/10/2008 08:00:00,       223.173143
07/10/2008 09:00:00,       194.388072
07/10/2008 10:00:00,        68.263452
07/10/2008 11:00:00,       197.368554
07/10/2008 12:00:00,       109.629132
07/10/2008 13:00:00,       113.707211
07/10/2008 14:00:00,       133.040182
07/10/2008 15:00:00,       175.674038
07/10/2008 16:00:00,       172.226899
07/10/2008 17:00:00,       197.374087
07/10/2008 18:00:00,       211.498093
07/10/2008 19:00:00,       212.829979
07/10/2008 20:00:00,       237.922290
07/10/2008 21:00:00,       271.707113
07/10/2008 22:00:00,       265.904420
07/10/2008 23:00:00,       301.208500
07/11/2008 00:00:00,       318.031467
07/11/2008 01:00:00,       318.147748
07/11/2008 02:00:00,       319.096241
07/11/2008 03:00:00,       319.106023
07/11/2008 04:00:00,       317.254687
07/11/2008 05:00:00,       308.350302
07/11/2008 06:00:00,       309.376486
07/11/2008 07:00:00,       313.158274
07/11/2008 08:00:00,       305.707501
07/11/2008 09:00:00,       304.223104
07/11/2008 10:00:00,       288.116148
07/11/2008 11:00:00,       270.141994
07/11/2008 12:00:00,       255.675656
07/11/2008 13:00:00,       229.656982
07/11/2008 14:00:00,       111.814132
07/11/2008 15:00:00,       102.519400
07/11/2008 16:00:00,       142.080413
07/11/2008 17:00:00,       154.399771
07/11/2008 18:00:00,       144.026369
07/11/2008 19:00:00,       156.846346
07/11/2008 20:00:00,       172.432033
07/11/2008 21:00:00,       196.643638
07/11/2008 22:00:00,       255.501871
07/11/2008 23:00:00,       177.858799
07/12/2008 00:00:00,       206.446415
07/12/2008 01:00:00,       175.348878
07/12/2008 02:00:00,       259.354062
07/12/2008 03:00:00,       227.506235
07/12/2008 04:00:00,       144.383298
07/12/2008 05:00:00,       146.639611
07/12/2008 06:00:00,       124.260303
07/12/2008 07:00:00,       126.743322
07/12/2008 08:00:00,        87.496310
07/12/2008 09:00:00,       125.201892
07/12/2008 10:00:00,       119.282670
07/12/2008 11:00:00,       119.674739
07/12/2008 12:00:00,       110.104594
07/12/2008 13:00:00,        94.242424
07/12/2008 14:00:00,        47.513584
07/12/2008 15:00:00,        43.490536
07/12/2008 16:00:00,        35.129189
07/12/2008 17:00:00,        26.194607
07/12/2008 18:00:00,        25.119811
07/12/2008 19:00:00,        21.610912
07/12/2008 20:00:00,        10.130631
07/12/2008 21:00:00,         5.381206
07/12/2008 22:00:00,         0.364319
07/12/2008 23:00:00,         0.000000
07/13/2008 00:00:00,         0.000000
07/13/2008 01:00:00,         0.000000
07/13/2008 02:00:00,         0.000000
07/13/2008 03:00:00,         0.391378
07/13/2008 04:00:00,         7.480169
07/13/2008 05:00:00,        78.599838
07/13/2008 06:00:00,       275.373766
07/13/2008 07:00:00,       315.165088
07/13/2008 08:00:00,       319.499698
07/13/2008 09:00:00,       319.964622
07/13/2008 10:00:00,       319.990594
07/13/2008 11:00:00,       319.997861
07/13/2008 12:00:00,       320.000000
07/13/2008 13:00:00,       320.000000
07/13/2008 14:00:00,       320.000000
07/13/2008 15:00:00,       320.000000
07/13/2008 16:00:00,       320.000000
07/13/2008 17:00:00,       319.997341
07/13/2008 18:00:00,       319.996132
07/13/2008 19:00:00,       320.000000
07/13/2008 20:00:00,       320.000000
07/13/2008 21:00:00,       319.983500
07/13/2008 22:00:00,       319.956030
07/13/2008 23:00:00,       319.162327
07/14/2008 00:00:00,       319.653410
07/14/2008 01:00:00,       318.043015
07/14/2008 02:00:00,       318.768339
07/14/2008 03:00:00,       319.835225
07/14/2008 04:00:00,       319.047907
07/14/2008 05:00:00,       318.439138
07/14/2008 06:00:00,       274.741632
07/14/2008 07:00:00,       308.836631
07/14/2008 08:00:00,       133.237513
07/14/2008 09:00:00,       176.499471
07/14/2008 10:00:00,       313.647208
07/14/2008 11:00:00,       299.558944
07/14/2008 12:00:00,       280.750250
07/14/2008 13:00:00,       294.556769
07/14/2008 14:00:00,       274.282664
07/14/2008 15:00:00,       182.969505
07/14/2008 16:00:00,       130.641352
07/14/2008 17:00:00,       125.791379
07/14/2008 18:00:00,       110.964252
07/14/2008 19:00:00,        87.816991
07/14/2008 20:00:00,       315.835240
07/14/2008 21:00:00,       112.960990
07/14/2008 22:00:00,        62.749455
07/14/2008 23:00:00,        39.811246
07/15/2008 00:00:00,        55.766629
07/15/2008 01:00:00,        31.670108
07/15/2008 02:00:00,       259.875132
07/15/2008 03:00:00,       259.020116
07/15/2008 04:00:00,       261.019614
07/15/2008 05:00:00,       291.718456
07/15/2008 06:00:00,       282.443281
07/15/2008 07:00:00,       240.410804
07/15/2008 08:00:00,       219.212164
07/15/2008 09:00:00,       188.082307
07/15/2008 10:00:00,       163.170698
07/15/2008 11:00:00,       147.738406
07/15/2008 12:00:00,       152.838265
07/15/2008 13:00:00,        76.053441
07/15/2008 14:00:00,        37.848476
07/15/2008 15:00:00,        49.789353
07/15/2008 16:00:00,       109.351781
07/15/2008 17:00:00,       165.708575
07/15/2008 18:00:00,       255.250872
07/15/2008 19:00:00,       205.812316
07/15/2008 20:00:00,       211.400712
07/15/2008 21:00:00,       218.323639
07/15/2008 22:00:00,       183.674752
07/15/2008 23:00:00,       267.809627
07/16/2008 00:00:00,       193.495706
07/16/2008 01:00:00,       167.220362
07/16/2008 02:00:00,       169.325090
07/16/2008 03:00:00,       163.545208
07/16/2008 04:00:00,       168.333597
07/16/2008 05:00:00,       210.437919
07/16/2008 06:00:00,       214.009057
07/16/2008 07:00:00,       217.211404
07/16/2008 08:00:00,       137.374783
07/16/2008 09:00:00,       112.682439
07/16/2008 10:00:00,       108.755476
07/16/2008 11:00:00,       143.346249
07/16/2008 12:00:00,       139.977719
07/16/2008 13:00:00,        68.820267
07/16/2008 14:00:00,        31.306585
07/16/2008 15:00:00,        25.703368
07/16/2008 16:00:00,        52.851641
07/16/2008 17:00:00,       115.459696
07/16/2008 18:00:00,       222.343679
07/16/2008 19:00:00,       145.264255
07/16/2008 20:00:00,       156.799299
07/16/2008 21:00:00,        92.943825
07/16/2008 22:00:00,       107.251079
07/16/2008 23:00:00,        73.403043
07/17/2008 00:00:00,       179.322308
07/17/2008 01:00:00,       172.148530
07/17/2008 02:00:00,       154.573086
07/17/2008 03:00:00,       134.804934
07/17/2008 04:00:00,       100.665024
07/17/2008 05:00:00,        77.312444
07/17/2008 06:00:00,       112.391464
07/17/2008 07:00:00,       133.941397
07/17/2008 08:00:00,       174.110807
07/17/2008 09:00:00,       220.615825
07/17/2008 10:00:00,       215.363614
07/17/2008 11:00:00,       203.216109
07/17/2008 12:00:00,       202.957001
07/17/2008 13:00:00,       179.204055
07/17/2008 14:00:00,       241.778182
07/17/2008 15:00:00,       237.058623
07/17/2008 16:00:00,       219.019275
07/17/2008 17:00:00,       217.655397
07/17/2008 18:00:00,       179.025959
07/17/2008 19:00:00,       171.659039
07/17/2008 20:00:00,       161.736511
07/17/2008 21:00:00,       127.080065
07/17/2008 22:00:00,       240.733829
07/17/2008 23:00:00,       170.045407
07/18/2008 00:00:00,       278.088810
07/18/2008 01:00:00,       229.325200
07/18/2008 02:00:00,       227.589784
07/18/2008 03:00:00,       193.017924
07/18/2008 04:00:00,       150.445354
07/18/2008 05:00:00,       106.221520
07/18/2008 06:00:00,        68.911061
07/18/2008 07:00:00,        36.651555
07/18/2008 08:00:00,        41.998120
07/18/2008 09:00:00,        22.282644
07/18/2008 10:00:00,         4.135682
07/18/2008 11:00:00,         3.730868
07/18/2008 12:00:00,         0.599312
07/18/2008 13:00:00,         0.000000
07/18/2008 14:00:00,         0.000000
07/18/2008 15:00:00,         0.000000
07/18/2008 16:00:00,         0.141192
07/18/2008 17:00:00,         0.332337
07/18/2008 18:00:00,         1.522501
07/18/2008 19:00:00,         0.716571
07/18/2008 20:00:00,         0.995656
07/18/2008 21:00:00,         1.171264
07/18/2008 22:00:00,         0.956672
07/18/2008 23:00:00,         0.284003
07/19/2008 00:00:00,         0.000000
07/19/2008 01:00:00,         0.000000
07/19/2008 02:00:00,         0.002217
07/19/2008 03:00:00,         0.741577
07/19/2008 04:00:00,         0.554247
07/19/2008 05:00:00,         0.925956
07/19/2008 06:00:00,         1.328694
07/19/2008 07:00:00,         0.590037
07/19/2008 08:00:00,         4.955301
07/19/2008 09:00:00,        13.293622
07/19/2008 10:00:00,         6.511472
07/19/2008 11:00:00,         6.098977
07/19/2008 12:00:00,         4.263425
07/19/2008 13:00:00,         5.295697
07/19/2008 14:00:00,         0.845082
07/19/2008 15:00:00,         0.243214
07/19/2008 16:00:00,         3.002722
07/19/2008 17:00:00,         0.694022
07/19/2008 18:00:00,         0.404201
07/19/2008 19:00:00,         0.405525
07/19/2008 20:00:00,         0.210263
07/19/2008 21:00:00,         0.096950
07/19/2008 22:00:00,         0.128245
07/19/2008 23:00:00,         0.007810
07/20/2008 00:00:00,         3.982937
07/20/2008 01:00:00,         0.000000
07/20/2008 02:00:00,         0.335325
07/20/2008 03:00:00,         0.194771
07/20/2008 04:00:00,         0.192615
07/20/2008 05:00:00,         0.195428
07/20/2008 06:00:00,        31.502550
07/20/2008 07:00:00,        78.504491
07/20/2008 08:00:00,        57.486811
07/20/2008 09:00:00,        50.849023
07/20/2008 10:00:00,        46.023278
07/20/2008 11:00:00,        26.474240
07/20/2008 12:00:00,        21.783100
07/20/2008 13:00:00,        13.185329
07/20/2008 14:00:00,         0.033073
07/20/2008 15:00:00,         0.000000
07/20/2008 16:00:00,         1.814729
07/20/2008 17:00:00,         4.150074
07/20/2008 18:00:00,         6.134444
07/20/2008 19:00:00,         0.000000
07/20/2008 20:00:00,         0.027834
07/20/2008 21:00:00,        41.575064
07/20/2008 22:00:00,         5.115210
07/20/2008 23:00:00,         1.833892
07/21/2008 00:00:00,        10.033734
07/21/2008 01:00:00,        13.460160
07/21/2008 02:00:00,       104.249217
07/21/2008 03:00:00,        79.585089
07/21/2008 04:00:00,        46.806491
07/21/2008 05:00:00,       149.760183
07/21/2008 06:00:00,       237.445566
07/21/2008 07:00:00,       222.534928
07/21/2008 08:00:00,       194.612266
07/21/2008 09:00:00,        14.311489
07/21/2008 10:00:00,        67.634171
07/21/2008 11:00:00,       108.949260
07/21/2008 12:00:00,        28.686242
07/21/2008 13:00:00,        26.620520
07/21/2008 14:00:00,        44.908118
07/21/2008 15:00:00,        40.753071
07/21/2008 16:00:00,       128.131523
07/21/2008 17:00:00,       241.243472
07/21/2008 18:00:00,       155.920509
07/21/2008 19:00:00,       227.424088
07/21/2008 20:00:00,       273.888372
07/21/2008 21:00:00,       251.056378
07/21/2008 22:00:00,       246.434577
07/21/2008 23:00:00,       207.012330
07/22/2008 00:00:00,       162.718735
07/22/2008 01:00:00,       140.125862
07/22/2008 02:00:00,        37.514201
07/22/2008 03:00:00,        19.613936
07/22/2008 04:00:00,        15.318393
07/22/2008 05:00:00,        35.491030
07/22/2008 06:00:00,        14.267775
07/22/2008 07:00:00,        12.792526
07/22/2008 08:00:00,         6.336200
07/22/2008 09:00:00,         4.713562
07/22/2008 10:00:00,         2.371603
07/22/2008 11:00:00,         4.452203
07/22/2008 12:00:00,        13.968124
07/22/2008 13:00:00,         6.796374
07/22/2008 14:00:00,         0.872481
07/22/2008 15:00:00,        26.603028
07/22/2008 16:00:00,        42.653732
07/22/2008 17:00:00,        52.088612
07/22/2008 18:00:00,       124.808363
07/22/2008 19:00:00,       237.549721
07/22/2008 20:00:00,        96.713574
07/22/2008 21:00:00,        69.806585
07/22/2008 22:00:00,        51.279264
07/22/2008 23:00:00,        59.717697
07/23/2008 00:00:00,        64.181723
07/23/2008 01:00:00,        45.381310
07/23/2008 02:00:00,        23.661955
07/23/2008 03:00:00,        17.023729
07/23/2008 04:00:00,         2.262224
07/23/2008 05:00:00,         4.409308
07/23/2008 06:00:00,        11.921253
07/23/2008 07:00:00,        39.415340
07/23/2008 08:00:00,        98.222136
07/23/2008 09:00:00,        99.885253
07/23/2008 10:00:00,       106.165151
07/23/2008 11:00:00,        90.041084
07/23/2008 12:00:00,       118.572780
07/23/2008 13:00:00,        69.509167
07/23/2008 14:00:00,        15.603508
07/23/2008 15:00:00,        27.562216
07/23/2008 16:00:00,        27.837194
07/23/2008 17:00:00,        43.375114
07/23/2008 18:00:00,        59.501675
07/23/2008 19:00:00,       104.372130
07/23/2008 20:00:00,       141.133489
07/23/2008 21:00:00,       158.678912
07/23/2008 22:00:00,       111.627860
07/23/2008 23:00:00,        45.668536
07/24/2008 00:00:00,       126.874895
07/24/2008 01:00:00,       133.349929
07/24/2008 02:00:00,       156.790318
07/24/2008 03:00:00,       243.680165
07/24/2008 04:00:00,       243.814297
07/24/2008 05:00:00,       223.124214
07/24/2008 06:00:00,       281.152463
07/24/2008 07:00:00,       295.653376
07/24/2008 08:00:00,       307.777294
07/24/2008 09:00:00,       305.712826
07/24/2008 10:00:00,       314.884359
07/24/2008 11:00:00,       300.834292
07/24/2008 12:00:00,       303.074975
07/24/2008 13:00:00,       302.860735
07/24/2008 14:00:00,       220.676248
07/24/2008 15:00:00,       234.143931
07/24/2008 16:00:00,       188.143694
07/24/2008 17:00:00,       207.681387
07/24/2008 18:00:00,       143.030032
07/24/2008 19:00:00,       108.202917
07/24/2008 20:00:00,        92.333488
07/24/2008 21:00:00,       153.999497
07/24/2008 22:00:00,       238.685011
07/24/2008 23:00:00,       230.407725
07/25/2008 00:00:00,       260.864174
07/25/2008 01:00:00,       272.849418
07/25/2008 02:00:00,       234.463512
07/25/2008 03:00:00,       285.265991
07/25/2008 04:00:00,       301.724135
07/25/2008 05:00:00,       319.368667
07/25/2008 06:00:00,       319.996355
07/25/2008 07:00:00,       319.950707
07/25/2008 08:00:00,       320.000000
07/25/2008 09:00:00,       319.972689
07/25/2008 10:00:00,       319.978052
07/25/2008 11:00:00,       319.996961
07/25/2008 12:00:00,       318.818152
07/25/2008 13:00:00,       317.240196
07/25/2008 14:00:00,       319.585741
07/25/2008 15:00:00,       319.649688
07/25/2008 16:00:00,       316.435486
07/25/2008 17:00:00,       288.322816
07/25/2008 18:00:00,       240.973892
07/25/2008 19:00:00,       266.904882
07/25/2008 20:00:00,       190.122330
07/25/2008 21:00:00,       163.339396
07/25/2008 22:00:00,       190.798278
07/25/2008 23:00:00,       127.005639
07/26/2008 00:00:00,       120.567455
07/26/2008 01:00:00,       125.792772
07/26/2008 02:00:00,       194.574510
07/26/2008 03:00:00,       234.868735
07/26/2008 04:00:00,       250.374686
07/26/2008 05:00:00,       246.266643
07/26/2008 06:00:00,       212.364454
07/26/2008 07:00:00,       176.933469
07/26/2008 08:00:00,       183.424751
07/26/2008 09:00:00,       245.537571
07/26/2008 10:00:00,       224.361542
07/26/2008 11:00:00,       243.076015
07/26/2008 12:00:00,       215.960402
07/26/2008 13:00:00,       166.612038
07/26/2008 14:00:00,        75.659614
07/26/2008 15:00:00,        45.694656
07/26/2008 16:00:00,        43.913685
07/26/2008 17:00:00,        30.769457
07/26/2008 18:00:00,        28.497125
07/26/2008 19:00:00,        21.774483
07/26/2008 20:00:00,        34.437681
07/26/2008 21:00:00,        62.488218
07/26/2008 22:00:00,        49.013144
07/26/2008 23:00:00,       110.264113
07/27/2008 00:00:00,        80.710485
07/27/2008 01:00:00,        56.703222
07/27/2008 02:00:00,       136.049054
07/27/2008 03:00:00,       268.939000
07/27/2008 04:00:00,       273.073852
07/27/2008 05:00:00,       195.144978
07/27/2008 06:00:00,       259.680905
07/27/2008 07:00:00,       204.915314
07/27/2008 08:00:00,       156.490338
07/27/2008 09:00:00,       238.466869
07/27/2008 10:00:00,       198.120688
07/27/2008 11:00:00,       218.607594
07/27/2008 12:00:00,       267.697223
07/27/2008 13:00:00,       239.789828
07/27/2008 14:00:00,       164.084990
07/27/2008 15:00:00,        78.012454
07/27/2008 16:00:00,        80.408641
07/27/2008 17:00:00,        57.060262
07/27/2008 18:00:00,       195.805941
07/27/2008 19:00:00,        81.285178
07/27/2008 20:00:00,        98.136931
07/27/2008 21:00:00,        92.716140
07/27/2008 22:00:00,       195.658279
07/27/2008 23:00:00,       165.432725
07/28/2008 00:00:00,       139.518380
07/28/2008 01:00:00,       278.217380
07/28/2008 02:00:00,       261.883142
07/28/2008 03:00:00,        92.685306
07/28/2008 04:00:00,       232.415959
07/28/2008 05:00:00,       203.603885
07/28/2008 06:00:00,       139.082526
07/28/2008 07:00:00,       259.331873
07/28/2008 08:00:00,       137.938038
07/28/2008 09:00:00,       137.756913
07/28/2008 10:00:00,       228.031736
07/28/2008 11:00:00,       178.870996
07/28/2008 12:00:00,       174.251687
07/28/2008 13:00:00,       121.487631
07/28/2008 14:00:00,        50.061432
07/28/2008 15:00:00,        38.556973
07/28/2008 16:00:00,        22.538137
07/28/2008 17:00:00,        30.918443
07/28/2008 18:00:00,        12.822740
07/28/2008 19:00:00,         4.713586
07/28/2008 20:00:00,        13.521439
07/28/2008 21:00:00,         1.945517
07/28/2008 22:00:00,        27.033794
07/28/2008 23:00:00,        12.548816
07/29/2008 00:00:00,       144.123146
07/29/2008 01:00:00,        58.837626
07/29/2008 02:00:00,        94.178494
07/29/2008 03:00:00,        66.311495
07/29/2008 04:00:00,       110.163152
07/29/2008 05:00:00,       206.863029
07/29/2008 06:00:00,       153.872578
07/29/2008 07:00:00,       129.212083
07/29/2008 08:00:00,       130.869770
07/29/2008 09:00:00,       124.225005
07/29/2008 10:00:00,       112.685794
07/29/2008 11:00:00,        82.886339
07/29/2008 12:00:00,        59.526143
07/29/2008 13:00:00,        25.499535
07/29/2008 14:00:00,         0.530962
07/29/2008 15:00:00,         1.233917
07/29/2008 16:00:00,        12.807615
07/29/2008 17:00:00,        47.507530
07/29/2008 18:00:00,        18.309863
07/29/2008 19:00:00,        25.325314
07/29/2008 20:00:00,        23.885309
07/29/2008 21:00:00,        19.457351
07/29/2008 22:00:00,        49.989407
07/29/2008 23:00:00,        51.289166
07/30/2008 00:00:00,        14.842930
07/30/2008 01:00:00,        38.339054
07/30/2008 02:00:00,        35.668189
07/30/2008 03:00:00,        69.746510
07/30/2008 04:00:00,       141.438263
07/30/2008 05:00:00,       161.153494
07/30/2008 06:00:00,       210.931965
07/30/2008 07:00:00,        86.649055
07/30/2008 08:00:00,       169.856325
07/30/2008 09:00:00,       155.645844
07/30/2008 10:00:00,       148.224465
07/30/2008 11:00:00,       187.711657
07/30/2008 12:00:00,       184.179698
07/30/2008 13:00:00,       159.567803
07/30/2008 14:00:00,       141.934253
07/30/2008 15:00:00,       138.866029
07/30/2008 16:00:00,       125.154747
07/30/2008 17:00:00,       119.736917
07/30/2008 18:00:00,        77.633355
07/30/2008 19:00:00,        75.962272
07/30/2008 20:00:00,        66.760903
07/30/2008 21:00:00,       115.228372
07/30/2008 22:00:00,       131.304441
07/30/2008 23:00:00,        70.505147
07/31/2008 00:00:00,        67.153867
07/31/2008 01:00:00,        43.282201
07/31/2008 02:00:00,        58.399356
07/31/2008 03:00:00,        51.521707
07/31/2008 04:00:00,        22.807619
07/31/2008 05:00:00,        14.950392
07/31/2008 06:00:00,        20.365975
07/31/2008 07:00:00,        29.556658
07/31/2008 08:00:00,        28.009341
07/31/2008 09:00:00,        25.538372
07/31/2008 10:00:00,        30.498653
07/31/2008 11:00:00,        49.703920
07/31/2008 12:00:00,       141.059333
07/31/2008 13:00:00,       179.673841
07/31/2008 14:00:00,       156.529712
07/31/2008 15:00:00,        66.677369
07/31/2008 16:00:00,        35.199871
07/31/2008 17:00:00,        33.554962
07/31/2008 18:00:00,        71.283145
07/31/2008 19:00:00,        90.210745
07/31/2008 20:00:00,        77.400923
07/31/2008 21:00:00,        80.830292
07/31/2008 22:00:00,       135.403020
07/31/2008 23:00:00,       156.110238
08/01/2008 00:00:00,       196.409341
08/01/2008 01:00:00,       228.175770
08/01/2008 02:00:00,       169.013250
08/01/2008 03:00:00,       167.284661
08/01/2008 04:00:00,       207.605438
08/01/2008 05:00:00,       274.355589
08/01/2008 06:00:00,       248.756806
08/01/2008 07:00:00,       306.361407
08/01/2008 08:00:00,       273.355545
08/01/2008 09:00:00,       240.702091
08/01/2008 10:00:00,       200.352219
08/01/2008 11:00:00,       154.959122
08/01/2008 12:00:00,       173.241722
08/01/2008 13:00:00,        71.524619
08/01/2008 14:00:00,        59.937546
08/01/2008 15:00:00,        52.791622
08/01/2008 16:00:00,        41.712310
08/01/2008 17:00:00,        95.909178
08/01/2008 18:00:00,       112.349807
08/01/2008 19:00:00,        95.746745
08/01/2008 20:00:00,       168.738441
08/01/2008 21:00:00,       181.765111
08/01/2008 22:00:00,       175.917528
08/01/2008 23:00:00,       201.835094
08/02/2008 00:00:00,       257.322768
08/02/2008 01:00:00,       217.810001
08/02/2008 02:00:00,       253.452762
08/02/2008 03:00:00,       281.055838
08/02/2008 04:00:00,       263.005239
08/02/2008 05:00:00,       205.053004
08/02/2008 06:00:00,       180.900303
08/02/2008 07:00:00,       131.195790
08/02/2008 08:00:00,       246.395400
08/02/2008 09:00:00,       231.911808
08/02/2008 10:00:00,       247.684338
08/02/2008 11:00:00,       251.440891
08/02/2008 12:00:00,       225.044010
08/02/2008 13:00:00,       245.542195
08/02/2008 14:00:00,       245.647227
08/02/2008 15:00:00,       247.174938
08/02/2008 16:00:00,       249.810002
08/02/2008 17:00:00,       301.092978
08/02/2008 18:00:00,       262.258239
08/02/2008 19:00:00,       232.225376
08/02/2008 20:00:00,       161.695511
08/02/2008 21:00:00,       206.931700
08/02/2008 22:00:00,       166.177872
08/02/2008 23:00:00,       171.589418
08/03/2008 00:00:00,       115.048809
08/03/2008 01:00:00,       123.302089
08/03/2008 02:00:00,       205.928951
08/03/2008 03:00:00,       141.079284
08/03/2008 04:00:00,       112.298822
08/03/2008 05:00:00,       104.233038
08/03/2008 06:00:00,        85.807540
08/03/2008 07:00:00,        92.239302
08/03/2008 08:00:00,        75.240932
08/03/2008 09:00:00,        86.277998
08/03/2008 10:00:00,        88.175625
08/03/2008 11:00:00,        92.134451
08/03/2008 12:00:00,        93.856360
08/03/2008 13:00:00,        86.381447
08/03/2008 14:00:00,        87.493393
08/03/2008 15:00:00,        95.997061
08/03/2008 16:00:00,        75.295088
08/03/2008 17:00:00,        90.147077
08/03/2008 18:00:00,        94.743640
08/03/2008 19:00:00,        83.105997
08/03/2008 20:00:00,        84.726875
08/03/2008 21:00:00,        80.571347
08/03/2008 22:00:00,        81.342864
08/03/2008 23:00:00,        78.457813
08/04/2008 00:00:00,        96.591877
08/04/2008 01:00:00,       103.064473
08/04/2008 02:00:00,       111.552941
08/04/2008 03:00:00,       107.653722
08/04/2008 04:00:00,        85.742008
08/04/2008 05:00:00,        97.568312
08/04/2008 06:00:00,       115.862826
08/04/2008 07:00:00,       157.123836
08/04/2008 08:00:00,       167.138595
08/04/2008 09:00:00,       159.340957
08/04/2008 10:00:00,       183.214192
08/04/2008 11:00:00,       195.408476
08/04/2008 12:00:00,       158.187335
08/04/2008 13:00:00,       174.388452
08/04/2008 14:00:00,       184.569038
08/04/2008 15:00:00,       142.378596
08/04/2008 16:00:00,       139.999374
08/04/2008 17:00:00,       144.073110
08/04/2008 18:00:00,       178.900412
08/04/2008 19:00:00,       198.313763
08/04/2008 20:00:00,       233.999441
08/04/2008 21:00:00,       190.000577
08/04/2008 22:00:00,       171.789268
08/04/2008 23:00:00,       185.254372
08/05/2008 00:00:00,       157.636507
08/05/2008 01:00:00,       125.001147
08/05/2008 02:00:00,       104.657255
08/05/2008 03:00:00,       104.554229
08/05/2008 04:00:00,        93.027421
08/05/2008 05:00:00,        82.693913
08/05/2008 06:00:00,       107.636238
08/05/2008 07:00:00,        70.024483
08/05/2008 08:00:00,        71.932730
08/05/2008 09:00:00,        89.130283
08/05/2008 10:00:00,       103.262363
08/05/2008 11:00:00,        87.734527
08/05/2008 12:00:00,        97.608305
08/05/2008 13:00:00,        60.693196
08/05/2008 14:00:00,         4.225099
08/05/2008 15:00:00,         5.610703
08/05/2008 16:00:00,         6.217179
08/05/2008 17:00:00,        11.001783
08/05/2008 18:00:00,        11.031061
08/05/2008 19:00:00,        18.026849
08/05/2008 20:00:00,        15.346580
08/05/2008 21:00:00,         9.095694
08/05/2008 22:00:00,         7.142064
08/05/2008 23:00:00,         6.168683
08/06/2008 00:00:00,         2.976104
08/06/2008 01:00:00,         2.100232
08/06/2008 02:00:00,         0.863092
08/06/2008 03:00:00,         1.735474
08/06/2008 04:00:00,        17.898527
08/06/2008 05:00:00,        22.293923
08/06/2008 06:00:00,        13.835223
08/06/2008 07:00:00,        15.935166
08/06/2008 08:00:00,       149.892106
08/06/2008 09:00:00,       222.766325
08/06/2008 10:00:00,       258.016989
08/06/2008 11:00:00,       258.581511
08/06/2008 12:00:00,       219.451194
08/06/2008 13:00:00,       164.212295
08/06/2008 14:00:00,        63.585440
08/06/2008 15:00:00,         7.539789
08/06/2008 16:00:00,         1.972201
08/06/2008 17:00:00,        14.171640
08/06/2008 18:00:00,        42.809460
08/06/2008 19:00:00,        73.316830
08/06/2008 20:00:00,       129.338769
08/06/2008 21:00:00,       121.375083
08/06/2008 22:00:00,        96.046121
08/06/2008 23:00:00,        81.562677
08/07/2008 00:00:00,        95.264557
08/07/2008 01:00:00,        67.537575
08/07/2008 02:00:00,        63.972574
08/07/2008 03:00:00,        24.057838
08/07/2008 04:00:00,         6.101234
08/07/2008 05:00:00,         1.287909
08/07/2008 06:00:00,        64.327236
08/07/2008 07:00:00,       119.835657
08/07/2008 08:00:00,       181.318515
08/07/2008 09:00:00,       212.268056
08/07/2008 10:00:00,       204.975135
08/07/2008 11:00:00,       158.301729
08/07/2008 12:00:00,       165.145841
08/07/2008 13:00:00,        98.210772
08/07/2008 14:00:00,        55.631626
08/07/2008 15:00:00,         5.086837
08/07/2008 16:00:00,         0.000000
08/07/2008 17:00:00,         2.886622
08/07/2008 18:00:00,         7.546635
08/07/2008 19:00:00,         9.356366
08/07/2008 20:00:00,         1.361223
08/07/2008 21:00:00,         4.952799
08/07/2008 22:00:00,        12.513934
08/07/2008 23:00:00,        42.283561
08/08/2008 00:00:00,         4.122575
08/08/2008 01:00:00,        14.181406
08/08/2008 02:00:00,        31.238212
08/08/2008 03:00:00,       142.060877
08/08/2008 04:00:00,       191.282188
08/08/2008 05:00:00,       231.388976
08/08/2008 06:00:00,       264.420717
08/08/2008 07:00:00,       291.758842
08/08/2008 08:00:00,       283.054677
08/08/2008 09:00:00,       260.812757
08/08/2008 10:00:00,       256.548266
08/08/2008 11:00:00,       261.614737
08/08/2008 12:00:00,       243.169606
08/08/2008 13:00:00,       224.752386
08/08/2008 14:00:00,        87.281744
08/08/2008 15:00:00,        14.819743
08/08/2008 16:00:00,         0.722231
08/08/2008 17:00:00,         0.080236
08/08/2008 18:00:00,         3.438947
08/08/2008 19:00:00,        20.376689
08/08/2008 20:00:00,        30.581149
08/08/2008 21:00:00,        13.279606
08/08/2008 22:00:00,        10.741658
08/08/2008 23:00:00,         1.667559
08/09/2008 00:00:00,         6.017938
08/09/2008 01:00:00,         0.516501
08/09/2008 02:00:00,         2.796358
08/09/2008 03:00:00,         0.157055
08/09/2008 04:00:00,         0.136029
08/09/2008 05:00:00,        26.999880
08/09/2008 06:00:00,        27.904519
08/09/2008 07:00:00,       111.059110
08/09/2008 08:00:00,       120.690741
08/09/2008 09:00:00,       128.677347
08/09/2008 10:00:00,       106.393199
08/09/2008 11:00:00,       122.177746
08/09/2008 12:00:00,        64.901215
08/09/2008 13:00:00,         9.149369
08/09/2008 14:00:00,         5.354915
08/09/2008 15:00:00,         0.588078
08/09/2008 16:00:00,         0.415268
08/09/2008 17:00:00,         1.674377
08/09/2008 18:00:00,        24.942876
08/09/2008 19:00:00,        19.763515
08/09/2008 20:00:00,        26.624553
08/09/2008 21:00:00,        21.641854
08/09/2008 22:00:00,        37.170337
08/09/2008 23:00:00,        34.916619
08/10/2008 00:00:00,        31.673573
08/10/2008 01:00:00,        19.304502
08/10/2008 02:00:00,         7.576405
08/10/2008 03:00:00,        11.197312
08/10/2008 04:00:00,        29.481566
08/10/2008 05:00:00,        74.958222
08/10/2008 06:00:00,        68.920456
08/10/2008 07:00:00,        30.840822
08/10/2008 08:00:00,        20.039862
08/10/2008 09:00:00,        40.149599
08/10/2008 10:00:00,        61.000595
08/10/2008 11:00:00,        96.443237
08/10/2008 12:00:00,       150.383191
08/10/2008 13:00:00,       145.082847
08/10/2008 14:00:00,        99.612125
08/10/2008 15:00:00,        32.928641
08/10/2008 16:00:00,        10.704464
08/10/2008 17:00:00,         3.125036
08/10/2008 18:00:00,        11.067866
08/10/2008 19:00:00,        74.327303
08/10/2008 20:00:00,        13.942803
08/10/2008 21:00:00,        43.374629
08/10/2008 22:00:00,        27.400077
08/10/2008 23:00:00,        43.013073
08/11/2008 00:00:00,        42.950156
08/11/2008 01:00:00,        21.666623
08/11/2008 02:00:00,        14.475144
08/11/2008 03:00:00,       104.967678
08/11/2008 04:00:00,       226.988218
08/11/2008 05:00:00,       289.765448
08/11/2008 06:00:00,       290.377884
08/11/2008 07:00:00,       295.686762
08/11/2008 08:00:00,       290.730808
08/11/2008 09:00:00,       279.216038
08/11/2008 10:00:00,       227.164201
08/11/2008 11:00:00,       179.679541
08/11/2008 12:00:00,       155.882684
08/11/2008 13:00:00,       111.907351
08/11/2008 14:00:00,        52.270919
08/11/2008 15:00:00,        10.779830
08/11/2008 16:00:00,         1.201499
08/11/2008 17:00:00,         0.251747
08/11/2008 18:00:00,         1.137687
08/11/2008 19:00:00,        14.099393
08/11/2008 20:00:00,         5.803989
08/11/2008 21:00:00,         2.043170
08/11/2008 22:00:00,         7.151640
08/11/2008 23:00:00,         6.032483
08/12/2008 00:00:00,         1.517365
08/12/2008 01:00:00,         5.751697
08/12/2008 02:00:00,        18.225384
08/12/2008 03:00:00,        58.896976
08/12/2008 04:00:00,        54.696021
08/12/2008 05:00:00,        46.707223
08/12/2008 06:00:00,        49.299938
08/12/2008 07:00:00,        31.458568
08/12/2008 08:00:00,        88.393378
08/12/2008 09:00:00,        29.809197
08/12/2008 10:00:00,        37.036161
08/12/2008 11:00:00,        55.636668
08/12/2008 12:00:00,        16.824755
08/12/2008 13:00:00,        14.178864
08/12/2008 14:00:00,         0.175817
08/12/2008 15:00:00,         0.377669
08/12/2008 16:00:00,         0.052205
08/12/2008 17:00:00,         0.850691
08/12/2008 18:00:00,         2.268512
08/12/2008 19:00:00,         0.284442
08/12/2008 20:00:00,        16.958117
08/12/2008 21:00:00,        18.976313
08/12/2008 22:00:00,         4.363587
08/12/2008 23:00:00,         6.670376
08/13/2008 00:00:00,        19.565845
08/13/2008 01:00:00,         6.965831
08/13/2008 02:00:00,        22.139565
08/13/2008 03:00:00,        14.196842
08/13/2008 04:00:00,        12.996032
08/13/2008 05:00:00,        20.122455
08/13/2008 06:00:00,        11.556106
08/13/2008 07:00:00,         6.858069
08/13/2008 08:00:00,         0.353680
08/13/2008 09:00:00,         0.506818
08/13/2008 10:00:00,         8.898698
08/13/2008 11:00:00,        22.707673
08/13/2008 12:00:00,        44.228647
08/13/2008 13:00:00,        12.901023
08/13/2008 14:00:00,        15.640143
08/13/2008 15:00:00,         7.776178
08/13/2008 16:00:00,         7.841683
08/13/2008 17:00:00,        24.398001
08/13/2008 18:00:00,        26.426716
08/13/2008 19:00:00,         2.268885
08/13/2008 20:00:00,         4.896350
08/13/2008 21:00:00,         0.821876
08/13/2008 22:00:00,         0.863933
08/13/2008 23:00:00,         0.000000
08/14/2008 00:00:00,         0.000000
08/14/2008 01:00:00,         0.291951
08/14/2008 02:00:00,         0.101348
08/14/2008 03:00:00,         0.000000
08/14/2008 04:00:00,         2.035696
08/14/2008 05:00:00,         1.029097
08/14/2008 06:00:00,        35.265310
08/14/2008 07:00:00,        11.158702
08/14/2008 08:00:00,        72.064607
08/14/2008 09:00:00,        40.709769
08/14/2008 10:00:00,        31.943107
08/14/2008 11:00:00,        66.212173
08/14/2008 12:00:00,       160.050854
08/14/2008 13:00:00,       106.718004
08/14/2008 14:00:00,        22.979670
08/14/2008 15:00:00,         3.659298
08/14/2008 16:00:00,         0.417547
08/14/2008 17:00:00,        33.870789
08/14/2008 18:00:00,        42.849714
08/14/2008 19:00:00,        95.743773
08/14/2008 20:00:00,       110.518474
08/14/2008 21:00:00,       175.271255
08/14/2008 22:00:00,       131.570069
08/14/2008 23:00:00,        95.213850
08/15/2008 00:00:00,        99.292854
08/15/2008 01:00:00,        62.776412
08/15/2008 02:00:00,        73.149265
08/15/2008 03:00:00,        39.635090
08/15/2008 04:00:00,        48.205353
08/15/2008 05:00:00,        19.568973
08/15/2008 06:00:00,        11.377861
08/15/2008 07:00:00,         2.031367
08/15/2008 08:00:00,         0.208219
08/15/2008 09:00:00,         0.000000
08/15/2008 10:00:00,         0.382555
08/15/2008 11:00:00,         6.868434
08/15/2008 12:00:00,         9.751612
08/15/2008 13:00:00,        20.277322
08/15/2008 14:00:00,        36.849277
08/15/2008 15:00:00,        35.751108
08/15/2008 16:00:00,        41.434745
08/15/2008 17:00:00,        47.852217
08/15/2008 18:00:00,        36.502062
08/15/2008 19:00:00,        43.604124
08/15/2008 20:00:00,        45.301547
08/15/2008 21:00:00,        56.689366
08/15/2008 22:00:00,        35.134167
08/15/2008 23:00:00,        35.911492
08/16/2008 00:00:00,        42.953105
08/16/2008 01:00:00,        50.898378
08/16/2008 02:00:00,        73.912656
08/16/2008 03:00:00,       116.675013
08/16/2008 04:00:00,       133.041297
08/16/2008 05:00:00,       182.393113
08/16/2008 06:00:00,       156.767200
08/16/2008 07:00:00,       142.172078
08/16/2008 08:00:00,       132.452785
08/16/2008 09:00:00,       132.034010
08/16/2008 10:00:00,       142.104142
08/16/2008 11:00:00,       101.091821
08/16/2008 12:00:00,        79.514752
08/16/2008 13:00:00,        63.079924
08/16/2008 14:00:00,        14.217693
08/16/2008 15:00:00,         1.301949
08/16/2008 16:00:00,         2.174711
08/16/2008 17:00:00,        11.571327
08/16/2008 18:00:00,        91.693888
08/16/2008 19:00:00,        93.137674
08/16/2008 20:00:00,        61.593510
08/16/2008 21:00:00,       115.650022
08/16/2008 22:00:00,       130.922459
08/16/2008 23:00:00,       112.173321
08/17/2008 00:00:00,       127.949077
08/17/2008 01:00:00,       133.475013
08/17/2008 02:00:00,       286.690806
08/17/2008 03:00:00,       254.712006
08/17/2008 04:00:00,       286.814301
08/17/2008 05:00:00,       244.627570
08/17/2008 06:00:00,       261.184248
08/17/2008 07:00:00,       285.383525
08/17/2008 08:00:00,       302.111319
08/17/2008 09:00:00,       307.793795
08/17/2008 10:00:00,       314.479574
08/17/2008 11:00:00,       295.115591
08/17/2008 12:00:00,       268.656153
08/17/2008 13:00:00,       242.193749
08/17/2008 14:00:00,       217.923221
08/17/2008 15:00:00,       269.367161
08/17/2008 16:00:00,       294.034683
08/17/2008 17:00:00,       316.490570
08/17/2008 18:00:00,       306.888059
08/17/2008 19:00:00,       270.921071
08/17/2008 20:00:00,       219.526423
08/17/2008 21:00:00,       297.982532
08/17/2008 22:00:00,       291.918131
08/17/2008 23:00:00,       274.664663
08/18/2008 00:00:00,       238.804744
08/18/2008 01:00:00,       246.184051
08/18/2008 02:00:00,       181.068695
08/18/2008 03:00:00,       158.621770
08/18/2008 04:00:00,        98.433022
08/18/2008 05:00:00,       188.194917
08/18/2008 06:00:00,       229.917848
08/18/2008 07:00:00,       204.052845
08/18/2008 08:00:00,       196.808831
08/18/2008 09:00:00,       164.463475
08/18/2008 10:00:00,       124.240150
08/18/2008 11:00:00,       143.400015
08/18/2008 12:00:00,       139.045835
08/18/2008 13:00:00,       234.015050
08/18/2008 14:00:00,       164.072986
08/18/2008 15:00:00,       172.121283
08/18/2008 16:00:00,        98.808647
08/18/2008 17:00:00,        47.859932
08/18/2008 18:00:00,        49.941318
08/18/2008 19:00:00,        17.411336
08/18/2008 20:00:00,        11.153271
08/18/2008 21:00:00,         1.890072
08/18/2008 22:00:00,         6.664310
08/18/2008 23:00:00,       113.077681
08/19/2008 00:00:00,       103.801178
08/19/2008 01:00:00,       196.270735
08/19/2008 02:00:00,       296.916789
08/19/2008 03:00:00,       300.931973
08/19/2008 04:00:00,       308.209768
08/19/2008 05:00:00,       312.716444
08/19/2008 06:00:00,       296.713077
08/19/2008 07:00:00,       298.038613
08/19/2008 08:00:00,       294.122418
08/19/2008 09:00:00,       306.549179
08/19/2008 10:00:00,       312.292660
08/19/2008 11:00:00,       311.097014
08/19/2008 12:00:00,       303.588290
08/19/2008 13:00:00,       277.948349
08/19/2008 14:00:00,       297.070964
08/19/2008 15:00:00,       298.758111
08/19/2008 16:00:00,       305.156916
08/19/2008 17:00:00,       308.669573
08/19/2008 18:00:00,       309.798878
08/19/2008 19:00:00,       301.865752
08/19/2008 20:00:00,       297.829608
08/19/2008 21:00:00,       310.840249
08/19/2008 22:00:00,       273.972062
08/19/2008 23:00:00,       316.267230
08/20/2008 00:00:00,       317.635709
08/20/2008 01:00:00,       312.477915
08/20/2008 02:00:00,       316.566931
08/20/2008 03:00:00,       311.039335
08/20/2008 04:00:00,       297.720220
08/20/2008 05:00:00,       294.058852
08/20/2008 06:00:00,       302.079644
08/20/2008 07:00:00,       270.169913
08/20/2008 08:00:00,       268.420558
08/20/2008 09:00:00,       260.133634
08/20/2008 10:00:00,       240.378362
08/20/2008 11:00:00,       225.800328
08/20/2008 12:00:00,       285.562685
08/20/2008 13:00:00,       280.889424
08/20/2008 14:00:00,       278.383857
08/20/2008 15:00:00,       275.707884
08/20/2008 16:00:00,       279.940597
08/20/2008 17:00:00,       263.632911
08/20/2008 18:00:00,       243.416902
08/20/2008 19:00:00,       188.044952
08/20/2008 20:00:00,       216.792803
08/20/2008 21:00:00,       295.570498
08/20/2008 22:00:00,       245.203911
08/20/2008 23:00:00,       232.827080
08/21/2008 00:00:00,       247.188540
08/21/2008 01:00:00,       240.668929
08/21/2008 02:00:00,       237.944090
08/21/2008 03:00:00,       248.098181
08/21/2008 04:00:00,       261.911295
08/21/2008 05:00:00,       229.592485
08/21/2008 06:00:00,       167.231439
08/21/2008 07:00:00,       168.559340
08/21/2008 08:00:00,       206.176789
08/21/2008 09:00:00,       211.586448
08/21/2008 10:00:00,       225.015141
08/21/2008 11:00:00,       198.818208
08/21/2008 12:00:00,       181.366889
08/21/2008 13:00:00,       206.691382
08/21/2008 14:00:00,       158.023094
08/21/2008 15:00:00,       138.099208
08/21/2008 16:00:00,       136.032565
08/21/2008 17:00:00,       156.504003
08/21/2008 18:00:00,       166.873133
08/21/2008 19:00:00,       170.913649
08/21/2008 20:00:00,       127.542076
08/21/2008 21:00:00,       113.587941
08/21/2008 22:00:00,       136.131835
08/21/2008 23:00:00,       138.426110
08/22/2008 00:00:00,       144.142072
08/22/2008 01:00:00,       163.611946
08/22/2008 02:00:00,       178.403996
08/22/2008 03:00:00,       196.696945
08/22/2008 04:00:00,       266.148025
08/22/2008 05:00:00,       294.735746
08/22/2008 06:00:00,       287.878363
08/22/2008 07:00:00,       273.380035
08/22/2008 08:00:00,       250.529259
08/22/2008 09:00:00,       259.144672
08/22/2008 10:00:00,       269.915035
08/22/2008 11:00:00,       285.860616
08/22/2008 12:00:00,       286.861336
08/22/2008 13:00:00,       246.103681
08/22/2008 14:00:00,       110.876994
08/22/2008 15:00:00,        69.800209
08/22/2008 16:00:00,        71.552889
08/22/2008 17:00:00,        78.255740
08/22/2008 18:00:00,       101.639197
08/22/2008 19:00:00,       125.855218
08/22/2008 20:00:00,       119.225867
08/22/2008 21:00:00,        93.549883
08/22/2008 22:00:00,        77.999677
08/22/2008 23:00:00,        70.099000
08/23/2008 00:00:00,        93.812140
08/23/2008 01:00:00,       136.967982
08/23/2008 02:00:00,       176.489748
08/23/2008 03:00:00,       202.030088
08/23/2008 04:00:00,       204.097721
08/23/2008 05:00:00,       206.647486
08/23/2008 06:00:00,       227.546256
08/23/2008 07:00:00,       224.270853
08/23/2008 08:00:00,       194.700175
08/23/2008 09:00:00,       211.393483
08/23/2008 10:00:00,       197.944076
08/23/2008 11:00:00,       174.253712
08/23/2008 12:00:00,       170.229236
08/23/2008 13:00:00,       160.229507
08/23/2008 14:00:00,        84.493797
08/23/2008 15:00:00,        46.709438
08/23/2008 16:00:00,        46.994679
08/23/2008 17:00:00,        44.410871
08/23/2008 18:00:00,        51.978689
08/23/2008 19:00:00,        57.876040
08/23/2008 20:00:00,        70.027827
08/23/2008 21:00:00,        55.203524
08/23/2008 22:00:00,        56.039377
08/23/2008 23:00:00,        50.509688
08/24/2008 00:00:00,        47.755778
08/24/2008 01:00:00,       105.691398
08/24/2008 02:00:00,       170.137366
08/24/2008 03:00:00,       262.812662
08/24/2008 04:00:00,       277.626710
08/24/2008 05:00:00,       277.331801
08/24/2008 06:00:00,       304.391382
08/24/2008 07:00:00,       302.933254
08/24/2008 08:00:00,       288.110374
08/24/2008 09:00:00,       279.459723
08/24/2008 10:00:00,       274.150555
08/24/2008 11:00:00,       278.060870
08/24/2008 12:00:00,       291.605329
08/24/2008 13:00:00,       278.494546
08/24/2008 14:00:00,       235.453783
08/24/2008 15:00:00,       158.357684
08/24/2008 16:00:00,       146.199411
08/24/2008 17:00:00,       160.623736
08/24/2008 18:00:00,       155.342674
08/24/2008 19:00:00,       129.068009
08/24/2008 20:00:00,       136.845494
08/24/2008 21:00:00,       137.186647
08/24/2008 22:00:00,       157.906553
08/24/2008 23:00:00,       190.022694
08/25/2008 00:00:00,       185.752799
08/25/2008 01:00:00,        74.922347
08/25/2008 02:00:00,       315.117754
08/25/2008 03:00:00,       305.101649
08/25/2008 04:00:00,       282.484318
08/25/2008 05:00:00,       272.669047
08/25/2008 06:00:00,       315.732622
08/25/2008 07:00:00,       312.656771
08/25/2008 08:00:00,       307.318283
08/25/2008 09:00:00,       283.158021
08/25/2008 10:00:00,       270.146068
08/25/2008 11:00:00,       167.914915
08/25/2008 12:00:00,       125.106262
08/25/2008 13:00:00,       161.269843
08/25/2008 14:00:00,        82.228554
08/25/2008 15:00:00,        52.728435
08/25/2008 16:00:00,        36.510067
08/25/2008 17:00:00,        45.889730
08/25/2008 18:00:00,        50.566842
08/25/2008 19:00:00,        23.552960
08/25/2008 20:00:00,        30.191314
08/25/2008 21:00:00,        53.844761
08/25/2008 22:00:00,       179.259645
08/25/2008 23:00:00,       199.614782
08/26/2008 00:00:00,       270.955964
08/26/2008 01:00:00,       250.621375
08/26/2008 02:00:00,       296.820600
08/26/2008 03:00:00,       307.232202
08/26/2008 04:00:00,       263.516857
08/26/2008 05:00:00,       237.235096
08/26/2008 06:00:00,       223.691312
08/26/2008 07:00:00,       205.610927
08/26/2008 08:00:00,       178.171840
08/26/2008 09:00:00,       155.939934
08/26/2008 10:00:00,       143.463419
08/26/2008 11:00:00,       123.619576
08/26/2008 12:00:00,       113.145310
08/26/2008 13:00:00,       122.749426
08/26/2008 14:00:00,       121.152556
08/26/2008 15:00:00,        94.698358
08/26/2008 16:00:00,        64.050565
08/26/2008 17:00:00,        55.122091
08/26/2008 18:00:00,        48.867898
08/26/2008 19:00:00,        30.701519
08/26/2008 20:00:00,        12.754671
08/26/2008 21:00:00,        14.499165
08/26/2008 22:00:00,        14.796569
08/26/2008 23:00:00,        22.254912
08/27/2008 00:00:00,        17.446399
08/27/2008 01:00:00,        10.516102
08/27/2008 02:00:00,         2.338971
08/27/2008 03:00:00,         2.781681
08/27/2008 04:00:00,        12.929904
08/27/2008 05:00:00,        26.893716
08/27/2008 06:00:00,        29.271570
08/27/2008 07:00:00,        32.934565
08/27/2008 08:00:00,        32.934110
08/27/2008 09:00:00,        28.017734
08/27/2008 10:00:00,        39.297042
08/27/2008 11:00:00,        56.104053
08/27/2008 12:00:00,        94.009189
08/27/2008 13:00:00,       113.550790
08/27/2008 14:00:00,        99.034947
08/27/2008 15:00:00,        80.962411
08/27/2008 16:00:00,        62.123967
08/27/2008 17:00:00,        44.011229
08/27/2008 18:00:00,        35.346570
08/27/2008 19:00:00,        26.398972
08/27/2008 20:00:00,        21.432938
08/27/2008 21:00:00,        12.715595
08/27/2008 22:00:00,        10.549837
08/27/2008 23:00:00,        18.598899
08/28/2008 00:00:00,        42.193845
08/28/2008 01:00:00,        58.820799
08/28/2008 02:00:00,        63.967291
08/28/2008 03:00:00,        53.334306
08/28/2008 04:00:00,        30.849875
08/28/2008 05:00:00,        23.678420
08/28/2008 06:00:00,        19.793958
08/28/2008 07:00:00,         7.251893
08/28/2008 08:00:00,         0.788992
08/28/2008 09:00:00,         0.649951
08/28/2008 10:00:00,        27.626554
08/28/2008 11:00:00,       219.428545
08/28/2008 12:00:00,       162.388194
08/28/2008 13:00:00,       164.433988
08/28/2008 14:00:00,       116.505440
08/28/2008 15:00:00,        14.421366
08/28/2008 16:00:00,         9.883416
08/28/2008 17:00:00,        24.747650
08/28/2008 18:00:00,        61.270736
08/28/2008 19:00:00,       127.306117
08/28/2008 20:00:00,       149.586252
08/28/2008 21:00:00,       124.279219
08/28/2008 22:00:00,       122.884997
08/28/2008 23:00:00,        89.957422
08/29/2008 00:00:00,        49.838464
08/29/2008 01:00:00,        25.114001
08/29/2008 02:00:00,         5.197523
08/29/2008 03:00:00,         7.902950
08/29/2008 04:00:00,        21.500440
08/29/2008 05:00:00,        37.849321
08/29/2008 06:00:00,        43.305047
08/29/2008 07:00:00,        54.516277
08/29/2008 08:00:00,        86.283763
08/29/2008 09:00:00,        81.058388
08/29/2008 10:00:00,        93.665586
08/29/2008 11:00:00,       116.006922
08/29/2008 12:00:00,       208.139620
08/29/2008 13:00:00,       210.586182
08/29/2008 14:00:00,        51.503540
08/29/2008 15:00:00,         2.393945
08/29/2008 16:00:00,         0.046123
08/29/2008 17:00:00,         0.347568
08/29/2008 18:00:00,         3.728308
08/29/2008 19:00:00,        20.142418
08/29/2008 20:00:00,        27.308711
08/29/2008 21:00:00,        33.049374
08/29/2008 22:00:00,        36.503637
08/29/2008 23:00:00,        29.195275
08/30/2008 00:00:00,        29.915918
08/30/2008 01:00:00,        30.413784
08/30/2008 02:00:00,        15.521487
08/30/2008 03:00:00,         7.341438
08/30/2008 04:00:00,         1.738990
08/30/2008 05:00:00,         0.654946
08/30/2008 06:00:00,         0.000000
08/30/2008 07:00:00,         0.000000
08/30/2008 08:00:00,         0.000000
08/30/2008 09:00:00,         0.000000
08/30/2008 10:00:00,         0.000000
08/30/2008 11:00:00,         0.000000
08/30/2008 12:00:00,         0.079022
08/30/2008 13:00:00,         9.346970
08/30/2008 14:00:00,         5.789798
08/30/2008 15:00:00,         0.105827
08/30/2008 16:00:00,         0.118318
08/30/2008 17:00:00,         0.257153
08/30/2008 18:00:00,         1.216215
08/30/2008 19:00:00,         2.066394
08/30/2008 20:00:00,         0.208315
08/30/2008 21:00:00,         0.976732
08/30/2008 22:00:00,         9.115541
08/30/2008 23:00:00,        30.804810
08/31/2008 00:00:00,        47.083909
08/31/2008 01:00:00,        50.465690
08/31/2008 02:00:00,        19.371470
08/31/2008 03:00:00,        85.883537
08/31/2008 04:00:00,       202.131937
08/31/2008 05:00:00,       244.231935
08/31/2008 06:00:00,       231.520122
08/31/2008 07:00:00,       155.784491
08/31/2008 08:00:00,       117.613630
08/31/2008 09:00:00,       162.003297
08/31/2008 10:00:00,       152.152568
08/31/2008 11:00:00,       140.106232
08/31/2008 12:00:00,       178.239054
08/31/2008 13:00:00,       187.558836
08/31/2008 14:00:00,       214.564570
08/31/2008 15:00:00,       181.540316
08/31/2008 16:00:00,       174.358851
08/31/2008 17:00:00,       149.514300
08/31/2008 18:00:00,       167.351460
08/31/2008 19:00:00,       166.314571
08/31/2008 20:00:00,       168.940535
08/31/2008 21:00:00,       193.704586
08/31/2008 22:00:00,       292.972467
08/31/2008 23:00:00,       289.637398
09/01/2008 00:00:00,       221.341284
09/01/2008 01:00:00,       200.588278
09/01/2008 02:00:00,       253.060671
09/01/2008 03:00:00,       255.064140
09/01/2008 04:00:00,       121.569522
09/01/2008 05:00:00,        93.298253
09/01/2008 06:00:00,        85.779252
09/01/2008 07:00:00,        73.138807
09/01/2008 08:00:00,        77.984052
09/01/2008 09:00:00,        77.141227
09/01/2008 10:00:00,        64.964472
09/01/2008 11:00:00,        64.552262
09/01/2008 12:00:00,        86.546682
09/01/2008 13:00:00,       108.389279
09/01/2008 14:00:00,       101.047156
09/01/2008 15:00:00,        70.579392
09/01/2008 16:00:00,        39.885128
09/01/2008 17:00:00,        18.816127
09/01/2008 18:00:00,         4.913201
09/01/2008 19:00:00,         3.702295
09/01/2008 20:00:00,         7.029639
09/01/2008 21:00:00,         3.957606
09/01/2008 22:00:00,         1.461019
09/01/2008 23:00:00,         0.376700
09/02/2008 00:00:00,         0.110952
09/02/2008 01:00:00,         0.000000
09/02/2008 02:00:00,         0.000000
09/02/2008 03:00:00,         0.103475
09/02/2008 04:00:00,         1.568292
09/02/2008 05:00:00,         1.140302
09/02/2008 06:00:00,         0.943891
09/02/2008 07:00:00,         0.326725
09/02/2008 08:00:00,         0.000000
09/02/2008 09:00:00,         0.000000
09/02/2008 10:00:00,         0.000000
09/02/2008 11:00:00,         0.742843
09/02/2008 12:00:00,        17.305678
09/02/2008 13:00:00,        43.178316
09/02/2008 14:00:00,        37.746568
09/02/2008 15:00:00,         0.784982
09/02/2008 16:00:00,         0.121475
09/02/2008 17:00:00,         0.613926
09/02/2008 18:00:00,         1.211279
09/02/2008 19:00:00,         5.740255
09/02/2008 20:00:00,         1.972300
09/02/2008 21:00:00,         0.000000
09/02/2008 22:00:00,         0.000000
09/02/2008 23:00:00,         0.000000
09/03/2008 00:00:00,         0.490688
09/03/2008 01:00:00,         2.205710
09/03/2008 02:00:00,         0.673796
09/03/2008 03:00:00,       146.199771
09/03/2008 04:00:00,       202.306588
09/03/2008 05:00:00,       201.827061
09/03/2008 06:00:00,       190.189907
09/03/2008 07:00:00,       167.450793
09/03/2008 08:00:00,       212.514181
09/03/2008 09:00:00,       234.795362
09/03/2008 10:00:00,       219.199069
09/03/2008 11:00:00,       230.871776
09/03/2008 12:00:00,       256.414876
09/03/2008 13:00:00,       239.178972
09/03/2008 14:00:00,       131.092163
09/03/2008 15:00:00,        27.437232
09/03/2008 16:00:00,         0.993901
09/03/2008 17:00:00,         0.304220
09/03/2008 18:00:00,         1.965961
09/03/2008 19:00:00,         8.247307
09/03/2008 20:00:00,        13.204251
09/03/2008 21:00:00,        19.780917
09/03/2008 22:00:00,        23.068802
09/03/2008 23:00:00,        21.085950
09/04/2008 00:00:00,        22.300004
09/04/2008 01:00:00,       128.178717
09/04/2008 02:00:00,       202.652134
09/04/2008 03:00:00,       260.468282
09/04/2008 04:00:00,       291.207851
09/04/2008 05:00:00,       291.545624
09/04/2008 06:00:00,       304.220932
09/04/2008 07:00:00,       298.864389
09/04/2008 08:00:00,       277.848863
09/04/2008 09:00:00,       270.478686
09/04/2008 10:00:00,       225.880129
09/04/2008 11:00:00,       182.996228
09/04/2008 12:00:00,       203.678504
09/04/2008 13:00:00,       110.864511
09/04/2008 14:00:00,        87.579305
09/04/2008 15:00:00,        31.913712
09/04/2008 16:00:00,        16.426409
09/04/2008 17:00:00,        91.456289
09/04/2008 18:00:00,       130.435080
09/04/2008 19:00:00,       137.423886
09/04/2008 20:00:00,       110.050776
09/04/2008 21:00:00,       127.090964
09/04/2008 22:00:00,       106.357569
09/04/2008 23:00:00,       222.134930
09/05/2008 00:00:00,       262.141929
09/05/2008 01:00:00,       266.163616
09/05/2008 02:00:00,       229.453789
09/05/2008 03:00:00,       188.849544
09/05/2008 04:00:00,       176.054619
09/05/2008 05:00:00,       148.333756
09/05/2008 06:00:00,        95.651410
09/05/2008 07:00:00,        70.097760
09/05/2008 08:00:00,        85.059355
09/05/2008 09:00:00,        73.671668
09/05/2008 10:00:00,        61.301381
09/05/2008 11:00:00,        22.144728
09/05/2008 12:00:00,         8.215532
09/05/2008 13:00:00,         0.000788
09/05/2008 14:00:00,         0.000000
09/05/2008 15:00:00,         0.093495
09/05/2008 16:00:00,         0.015442
09/05/2008 17:00:00,         0.169602
09/05/2008 18:00:00,         0.762631
09/05/2008 19:00:00,         5.413137
09/05/2008 20:00:00,         6.183656
09/05/2008 21:00:00,         3.997502
09/05/2008 22:00:00,         3.313677
09/05/2008 23:00:00,         3.458376
09/06/2008 00:00:00,         2.097849
09/06/2008 01:00:00,         3.879070
09/06/2008 02:00:00,        57.267929
09/06/2008 03:00:00,       224.360333
09/06/2008 04:00:00,       204.570645
09/06/2008 05:00:00,        35.302393
09/06/2008 06:00:00,        81.939211
09/06/2008 07:00:00,       115.857970
09/06/2008 08:00:00,       126.234862
09/06/2008 09:00:00,       158.536550
09/06/2008 10:00:00,       187.057370
09/06/2008 11:00:00,       198.549932
09/06/2008 12:00:00,       306.808674
09/06/2008 13:00:00,       310.239866
09/06/2008 14:00:00,       312.149977
09/06/2008 15:00:00,       310.646555
09/06/2008 16:00:00,       268.371955
09/06/2008 17:00:00,       256.961563
09/06/2008 18:00:00,       213.546139
09/06/2008 19:00:00,       183.631592
09/06/2008 20:00:00,       148.859045
09/06/2008 21:00:00,       139.401720
09/06/2008 22:00:00,       163.155055
09/06/2008 23:00:00,        88.817142
09/07/2008 00:00:00,        58.492342
09/07/2008 01:00:00,        16.332482
09/07/2008 02:00:00,        26.668513
09/07/2008 03:00:00,        41.595465
09/07/2008 04:00:00,        30.040854
09/07/2008 05:00:00,        33.309110
09/07/2008 06:00:00,        32.930849
09/07/2008 07:00:00,        25.537700
09/07/2008 08:00:00,        31.203131
09/07/2008 09:00:00,        12.469875
09/07/2008 10:00:00,        24.868882
09/07/2008 11:00:00,         2.799853
09/07/2008 12:00:00,         5.200522
09/07/2008 13:00:00,         0.168794
09/07/2008 14:00:00,         1.162674
09/07/2008 15:00:00,        34.352860
09/07/2008 16:00:00,        75.222407
09/07/2008 17:00:00,        81.837317
09/07/2008 18:00:00,        91.331946
09/07/2008 19:00:00,       102.688576
09/07/2008 20:00:00,       116.680420
09/07/2008 21:00:00,       142.206371
09/07/2008 22:00:00,       136.774701
09/07/2008 23:00:00,       119.528625
09/08/2008 00:00:00,       103.216971
09/08/2008 01:00:00,        45.796977
09/08/2008 02:00:00,        22.628301
09/08/2008 03:00:00,        10.029121
09/08/2008 04:00:00,         0.136152
09/08/2008 05:00:00,         3.269166
09/08/2008 06:00:00,        57.993663
09/08/2008 07:00:00,        76.864512
09/08/2008 08:00:00,        47.145795
09/08/2008 09:00:00,        37.418839
09/08/2008 10:00:00,        39.645350
09/08/2008 11:00:00,       107.687151
09/08/2008 12:00:00,       221.908674
09/08/2008 13:00:00,       232.837696
09/08/2008 14:00:00,       184.525166
09/08/2008 15:00:00,       142.299983
09/08/2008 16:00:00,       158.239534
09/08/2008 17:00:00,       147.131758
09/08/2008 18:00:00,       163.614145
09/08/2008 19:00:00,       191.806429
09/08/2008 20:00:00,       183.920935
09/08/2008 21:00:00,       198.688825
09/08/2008 22:00:00,       195.363530
09/08/2008 23:00:00,       128.219471
09/09/2008 00:00:00,       135.626507
09/09/2008 01:00:00,       134.161810
09/09/2008 02:00:00,       126.209687
09/09/2008 03:00:00,       228.542236
09/09/2008 04:00:00,       295.539569
09/09/2008 05:00:00,       288.753233
09/09/2008 06:00:00,       258.106556
09/09/2008 07:00:00,       271.681092
09/09/2008 08:00:00,       283.230097
09/09/2008 09:00:00,       301.953083
09/09/2008 10:00:00,       291.936934
09/09/2008 11:00:00,       265.445975
09/09/2008 12:00:00,       251.613699
09/09/2008 13:00:00,       231.343048
09/09/2008 14:00:00,       172.794212
09/09/2008 15:00:00,        65.388996
09/09/2008 16:00:00,        34.726581
09/09/2008 17:00:00,        22.155280
09/09/2008 18:00:00,         3.236322
09/09/2008 19:00:00,         0.720048
09/09/2008 20:00:00,         0.437044
09/09/2008 21:00:00,         0.000000
09/09/2008 22:00:00,         0.262299
09/09/2008 23:00:00,         0.057628
09/10/2008 00:00:00,         0.000000
09/10/2008 01:00:00,        35.264648
09/10/2008 02:00:00,        42.234352
09/10/2008 03:00:00,        57.273051
09/10/2008 04:00:00,       146.668261
09/10/2008 05:00:00,       170.056068
09/10/2008 06:00:00,       172.911304
09/10/2008 07:00:00,       188.741280
09/10/2008 08:00:00,       222.384914
09/10/2008 09:00:00,       248.493638
09/10/2008 10:00:00,       271.731291
09/10/2008 11:00:00,       266.205714
09/10/2008 12:00:00,       260.281319
09/10/2008 13:00:00,       254.276251
09/10/2008 14:00:00,       247.442307
09/10/2008 15:00:00,       247.555405
09/10/2008 16:00:00,       256.517538
09/10/2008 17:00:00,       264.609305
09/10/2008 18:00:00,       249.567810
09/10/2008 19:00:00,       221.451354
09/10/2008 20:00:00,       224.880599
09/10/2008 21:00:00,       247.767794
09/10/2008 22:00:00,       241.117068
09/10/2008 23:00:00,       258.149498
09/11/2008 00:00:00,       251.417727
09/11/2008 01:00:00,       195.390227
09/11/2008 02:00:00,       154.423093
09/11/2008 03:00:00,       186.073642
09/11/2008 04:00:00,       161.195816
09/11/2008 05:00:00,       127.446387
09/11/2008 06:00:00,       122.503086
09/11/2008 07:00:00,       172.788901
09/11/2008 08:00:00,       162.771311
09/11/2008 09:00:00,       155.736089
09/11/2008 10:00:00,       164.876450
09/11/2008 11:00:00,       216.840946
09/11/2008 12:00:00,       221.614329
09/11/2008 13:00:00,       196.784199
09/11/2008 14:00:00,       137.663597
09/11/2008 15:00:00,        43.740684
09/11/2008 16:00:00,        38.013903
09/11/2008 17:00:00,        19.567613
09/11/2008 18:00:00,        58.366550
09/11/2008 19:00:00,        77.495522
09/11/2008 20:00:00,        92.902730
09/11/2008 21:00:00,       111.045389
09/11/2008 22:00:00,       136.650527
09/11/2008 23:00:00,       173.358579
09/12/2008 00:00:00,       222.552930
09/12/2008 01:00:00,       247.083961
09/12/2008 02:00:00,       246.063279
09/12/2008 03:00:00,       256.520115
09/12/2008 04:00:00,       285.564178
09/12/2008 05:00:00,       291.193814
09/12/2008 06:00:00,       292.725297
09/12/2008 07:00:00,       287.658156
09/12/2008 08:00:00,       288.403177
09/12/2008 09:00:00,       262.134766
09/12/2008 10:00:00,       245.119032
09/12/2008 11:00:00,       209.398898
09/12/2008 12:00:00,       186.054712
09/12/2008 13:00:00,        99.052300
09/12/2008 14:00:00,        52.759679
09/12/2008 15:00:00,        27.251037
09/12/2008 16:00:00,        22.554419
09/12/2008 17:00:00,        27.331489
09/12/2008 18:00:00,        28.289303
09/12/2008 19:00:00,        37.426979
09/12/2008 20:00:00,        33.900722
09/12/2008 21:00:00,        14.254396
09/12/2008 22:00:00,        13.743624
09/12/2008 23:00:00,         0.351993
09/13/2008 00:00:00,         0.000000
09/13/2008 01:00:00,         0.000000
09/13/2008 02:00:00,         0.088992
09/13/2008 03:00:00,         0.009543
09/13/2008 04:00:00,         0.104176
09/13/2008 05:00:00,         0.043085
09/13/2008 06:00:00,         0.005762
09/13/2008 07:00:00,         0.000000
09/13/2008 08:00:00,         0.000000
09/13/2008 09:00:00,         0.000000
09/13/2008 10:00:00,         0.000000
09/13/2008 11:00:00,         0.000000
09/13/2008 12:00:00,         0.000000
09/13/2008 13:00:00,         0.000000
09/13/2008 14:00:00,         0.000000
09/13/2008 15:00:00,         0.000000
09/13/2008 16:00:00,         0.000000
09/13/2008 17:00:00,         0.121615
09/13/2008 18:00:00,         0.906561
09/13/2008 19:00:00,         1.718833
09/13/2008 20:00:00,         1.124219
09/13/2008 21:00:00,         1.726350
09/13/2008 22:00:00,         2.670402
09/13/2008 23:00:00,         2.494829
09/14/2008 00:00:00,         1.440500
09/14/2008 01:00:00,         5.906109
09/14/2008 02:00:00,        13.222067
09/14/2008 03:00:00,        22.370623
09/14/2008 04:00:00,        24.815857
09/14/2008 05:00:00,        50.377866
09/14/2008 06:00:00,        71.116206
09/14/2008 07:00:00,        68.078677
09/14/2008 08:00:00,        74.473079
09/14/2008 09:00:00,        94.942301
09/14/2008 10:00:00,       152.327365
09/14/2008 11:00:00,       268.930418
09/14/2008 12:00:00,       303.950779
09/14/2008 13:00:00,       318.288448
09/14/2008 14:00:00,       316.284139
09/14/2008 15:00:00,       313.800555
09/14/2008 16:00:00,       299.159045
09/14/2008 17:00:00,       290.753651
09/14/2008 18:00:00,       314.917821
09/14/2008 19:00:00,       319.865838
09/14/2008 20:00:00,       319.961946
09/14/2008 21:00:00,       319.853632
09/14/2008 22:00:00,       319.984194
09/14/2008 23:00:00,       319.997571
09/15/2008 00:00:00,       319.971670
09/15/2008 01:00:00,       319.980386
09/15/2008 02:00:00,       320.000000
09/15/2008 03:00:00,       319.983974
09/15/2008 04:00:00,       319.450753
09/15/2008 05:00:00,       318.100365
09/15/2008 06:00:00,       317.817740
09/15/2008 07:00:00,       319.309489
09/15/2008 08:00:00,       317.722218
09/15/2008 09:00:00,       311.606402
09/15/2008 10:00:00,       319.516473
09/15/2008 11:00:00,       319.014993
09/15/2008 12:00:00,       295.971255
09/15/2008 13:00:00,       319.986146
09/15/2008 14:00:00,       319.005783
09/15/2008 15:00:00,       318.291630
09/15/2008 16:00:00,        72.828410
09/15/2008 17:00:00,        24.045178
09/15/2008 18:00:00,       298.124111
09/15/2008 19:00:00,       139.901722
09/15/2008 20:00:00,       291.880481
09/15/2008 21:00:00,       315.340470
09/15/2008 22:00:00,       263.761857
09/15/2008 23:00:00,       288.323368
09/16/2008 00:00:00,       240.227440
09/16/2008 01:00:00,       160.494558
09/16/2008 02:00:00,        82.067064
09/16/2008 03:00:00,        72.836378
09/16/2008 04:00:00,        96.442979
09/16/2008 05:00:00,        89.942250
09/16/2008 06:00:00,        91.440000
09/16/2008 07:00:00,       108.365245
09/16/2008 08:00:00,       100.939593
09/16/2008 09:00:00,        76.410173
09/16/2008 10:00:00,        51.272032
09/16/2008 11:00:00,        27.348932
09/16/2008 12:00:00,         9.043370
09/16/2008 13:00:00,         1.797959
09/16/2008 14:00:00,         1.479339
09/16/2008 15:00:00,         0.831237
09/16/2008 16:00:00,         0.830397
09/16/2008 17:00:00,         0.908835
09/16/2008 18:00:00,         0.965547
09/16/2008 19:00:00,         0.703150
09/16/2008 20:00:00,         0.000000
09/16/2008 21:00:00,         0.000000
09/16/2008 22:00:00,         0.000000
09/16/2008 23:00:00,         0.000000
09/17/2008 00:00:00,         0.000000
09/17/2008 01:00:00,         0.000000
09/17/2008 02:00:00,         0.000000
09/17/2008 03:00:00,         0.064517
09/17/2008 04:00:00,         4.240500
09/17/2008 05:00:00,        50.557141
09/17/2008 06:00:00,       206.744925
09/17/2008 07:00:00,       155.155642
09/17/2008 08:00:00,       191.109628
09/17/2008 09:00:00,       268.781460
09/17/2008 10:00:00,       276.942830
09/17/2008 11:00:00,       264.553591
09/17/2008 12:00:00,       289.716951
09/17/2008 13:00:00,       295.433195
09/17/2008 14:00:00,       268.322415
09/17/2008 15:00:00,       187.737642
09/17/2008 16:00:00,       130.186369
09/17/2008 17:00:00,       107.784750
09/17/2008 18:00:00,       159.273589
09/17/2008 19:00:00,       199.692424
09/17/2008 20:00:00,       220.383222
09/17/2008 21:00:00,       178.399689
09/17/2008 22:00:00,       273.455369
09/17/2008 23:00:00,       274.453027
09/18/2008 00:00:00,       307.740254
09/18/2008 01:00:00,       217.836970
09/18/2008 02:00:00,       149.623642
09/18/2008 03:00:00,       149.726860
09/18/2008 04:00:00,       180.647988
09/18/2008 05:00:00,       172.458885
09/18/2008 06:00:00,        82.007282
09/18/2008 07:00:00,        65.408001
09/18/2008 08:00:00,        77.515178
09/18/2008 09:00:00,        90.870091
09/18/2008 10:00:00,        99.847848
09/18/2008 11:00:00,        64.421539
09/18/2008 12:00:00,        76.847520
09/18/2008 13:00:00,        93.205221
09/18/2008 14:00:00,       121.109037
09/18/2008 15:00:00,       140.713792
09/18/2008 16:00:00,       152.151200
09/18/2008 17:00:00,       280.453983
09/18/2008 18:00:00,       280.655533
09/18/2008 19:00:00,       293.710173
09/18/2008 20:00:00,       299.348257
09/18/2008 21:00:00,       308.618442
09/18/2008 22:00:00,       187.573275
09/18/2008 23:00:00,       229.923304
09/19/2008 00:00:00,       226.923800
09/19/2008 01:00:00,       228.731877
09/19/2008 02:00:00,       214.396412
09/19/2008 03:00:00,       137.013290
09/19/2008 04:00:00,       104.788579
09/19/2008 05:00:00,       105.672074
09/19/2008 06:00:00,        79.216145
09/19/2008 07:00:00,        69.256342
09/19/2008 08:00:00,        47.973183
09/19/2008 09:00:00,        25.443144
09/19/2008 10:00:00,        29.693942
09/19/2008 11:00:00,        48.357101
09/19/2008 12:00:00,        47.708397
09/19/2008 13:00:00,        49.338070
09/19/2008 14:00:00,        31.142595
09/19/2008 15:00:00,         6.102648
09/19/2008 16:00:00,         3.139092
09/19/2008 17:00:00,         6.467765
09/19/2008 18:00:00,        15.240435
09/19/2008 19:00:00,        35.148245
09/19/2008 20:00:00,        70.768816
09/19/2008 21:00:00,        82.389737
09/19/2008 22:00:00,       142.519383
09/19/2008 23:00:00,       223.887321
09/20/2008 00:00:00,       265.625048
09/20/2008 01:00:00,       297.150959
09/20/2008 02:00:00,       315.247607
09/20/2008 03:00:00,       317.587333
09/20/2008 04:00:00,       317.459160
09/20/2008 05:00:00,       317.117681
09/20/2008 06:00:00,       315.441053
09/20/2008 07:00:00,       315.455102
09/20/2008 08:00:00,       318.571956
09/20/2008 09:00:00,       319.218107
09/20/2008 10:00:00,       319.557393
09/20/2008 11:00:00,       318.817851
09/20/2008 12:00:00,       319.463495
09/20/2008 13:00:00,       319.447985
09/20/2008 14:00:00,       318.865500
09/20/2008 15:00:00,       284.833449
09/20/2008 16:00:00,       268.352171
09/20/2008 17:00:00,       183.979220
09/20/2008 18:00:00,       176.481877
09/20/2008 19:00:00,       197.674209
09/20/2008 20:00:00,       179.653030
09/20/2008 21:00:00,       176.151062
09/20/2008 22:00:00,       236.018789
09/20/2008 23:00:00,       297.477087
09/21/2008 00:00:00,       204.043364
09/21/2008 01:00:00,       213.859228
09/21/2008 02:00:00,        73.440994
09/21/2008 03:00:00,       192.485533
09/21/2008 04:00:00,        77.692060
09/21/2008 05:00:00,        89.811305
09/21/2008 06:00:00,        46.067190
09/21/2008 07:00:00,        45.508009
09/21/2008 08:00:00,        36.380639
09/21/2008 09:00:00,        36.556415
09/21/2008 10:00:00,        42.735472
09/21/2008 11:00:00,        70.144473
09/21/2008 12:00:00,        59.944262
09/21/2008 13:00:00,        52.872733
09/21/2008 14:00:00,        36.735320
09/21/2008 15:00:00,        23.949376
09/21/2008 16:00:00,        14.525640
09/21/2008 17:00:00,        12.768678
09/21/2008 18:00:00,        20.127860
09/21/2008 19:00:00,        19.605180
09/21/2008 20:00:00,        22.806135
09/21/2008 21:00:00,        28.633721
09/21/2008 22:00:00,        43.141659
09/21/2008 23:00:00,        69.781085
09/22/2008 00:00:00,       127.275795
09/22/2008 01:00:00,       158.623844
09/22/2008 02:00:00,       110.248759
09/22/2008 03:00:00,        63.457810
09/22/2008 04:00:00,        23.496268
09/22/2008 05:00:00,        15.613173
09/22/2008 06:00:00,         8.567318
09/22/2008 07:00:00,        11.669178
09/22/2008 08:00:00,        16.144580
09/22/2008 09:00:00,        11.788168
09/22/2008 10:00:00,         9.328740
09/22/2008 11:00:00,         8.853296
09/22/2008 12:00:00,         7.782733
09/22/2008 13:00:00,         7.577720
09/22/2008 14:00:00,        13.930448
09/22/2008 15:00:00,        13.181047
09/22/2008 16:00:00,        21.449988
09/22/2008 17:00:00,        38.758089
09/22/2008 18:00:00,        45.376529
09/22/2008 19:00:00,        48.145249
09/22/2008 20:00:00,        46.056407
09/22/2008 21:00:00,        45.885058
09/22/2008 22:00:00,        58.539529
09/22/2008 23:00:00,        77.119080
09/23/2008 00:00:00,       104.179036
09/23/2008 01:00:00,       145.088130
09/23/2008 02:00:00,       135.726116
09/23/2008 03:00:00,        92.088855
09/23/2008 04:00:00,        48.083514
09/23/2008 05:00:00,        39.115633
09/23/2008 06:00:00,        50.412761
09/23/2008 07:00:00,        68.745769
09/23/2008 08:00:00,        49.479483
09/23/2008 09:00:00,        52.377959
09/23/2008 10:00:00,        89.104529
09/23/2008 11:00:00,       109.616026
09/23/2008 12:00:00,        91.120763
09/23/2008 13:00:00,        57.856992
09/23/2008 14:00:00,        53.887995
09/23/2008 15:00:00,        10.536426
09/23/2008 16:00:00,        15.644480
09/23/2008 17:00:00,        27.860959
09/23/2008 18:00:00,        22.435640
09/23/2008 19:00:00,        22.399279
09/23/2008 20:00:00,        26.189043
09/23/2008 21:00:00,        17.188443
09/23/2008 22:00:00,        10.170321
09/23/2008 23:00:00,         8.040048
09/24/2008 00:00:00,        12.930357
09/24/2008 01:00:00,        10.999301
09/24/2008 02:00:00,        22.028553
09/24/2008 03:00:00,        18.394019
09/24/2008 04:00:00,         4.058236
09/24/2008 05:00:00,         0.238253
09/24/2008 06:00:00,         0.000000
09/24/2008 07:00:00,         0.070452
09/24/2008 08:00:00,         1.051266
09/24/2008 09:00:00,         1.291287
09/24/2008 10:00:00,         4.786727
09/24/2008 11:00:00,        11.275989
09/24/2008 12:00:00,        15.952027
09/24/2008 13:00:00,        10.440681
09/24/2008 14:00:00,         5.930692
09/24/2008 15:00:00,         1.298688
09/24/2008 16:00:00,         0.000000
09/24/2008 17:00:00,         0.415134
09/24/2008 18:00:00,         0.799439
09/24/2008 19:00:00,         1.174148
09/24/2008 20:00:00,         0.729348
09/24/2008 21:00:00,         0.259971
09/24/2008 22:00:00,         0.232300
09/24/2008 23:00:00,         0.027073
09/25/2008 00:00:00,         0.000000
09/25/2008 01:00:00,         0.000000
09/25/2008 02:00:00,         0.208560
09/25/2008 03:00:00,        11.291119
09/25/2008 04:00:00,        15.957342
09/25/2008 05:00:00,        40.263191
09/25/2008 06:00:00,        50.002486
09/25/2008 07:00:00,        79.420144
09/25/2008 08:00:00,        76.034170
09/25/2008 09:00:00,        60.889578
09/25/2008 10:00:00,        58.524068
09/25/2008 11:00:00,        60.703103
09/25/2008 12:00:00,        88.876462
09/25/2008 13:00:00,        86.780231
09/25/2008 14:00:00,        53.684913
09/25/2008 15:00:00,         8.278157
09/25/2008 16:00:00,        10.221884
09/25/2008 17:00:00,        15.998996
09/25/2008 18:00:00,        38.163583
09/25/2008 19:00:00,       136.163819
09/25/2008 20:00:00,       163.737865
09/25/2008 21:00:00,       169.141442
09/25/2008 22:00:00,       162.466573
09/25/2008 23:00:00,       180.078386
09/26/2008 00:00:00,       251.203948
09/26/2008 01:00:00,       291.605462
09/26/2008 02:00:00,       300.865985
09/26/2008 03:00:00,       273.925517
09/26/2008 04:00:00,       239.816078
09/26/2008 05:00:00,       231.860729
09/26/2008 06:00:00,       211.295630
09/26/2008 07:00:00,       176.347446
09/26/2008 08:00:00,       161.540370
09/26/2008 09:00:00,       181.459283
09/26/2008 10:00:00,       217.079853
09/26/2008 11:00:00,        92.678936
09/26/2008 12:00:00,        21.111158
09/26/2008 13:00:00,        32.851805
09/26/2008 14:00:00,        29.950380
09/26/2008 15:00:00,        12.668590
09/26/2008 16:00:00,         7.163117
09/26/2008 17:00:00,         3.494222
09/26/2008 18:00:00,         8.395259
09/26/2008 19:00:00,         3.080383
09/26/2008 20:00:00,        26.856763
09/26/2008 21:00:00,       104.660364
09/26/2008 22:00:00,       108.115702
09/26/2008 23:00:00,        75.455377
09/27/2008 00:00:00,       153.143640
09/27/2008 01:00:00,       233.878011
09/27/2008 02:00:00,       269.210635
09/27/2008 03:00:00,       256.199434
09/27/2008 04:00:00,       254.220823
09/27/2008 05:00:00,       202.268877
09/27/2008 06:00:00,       200.066369
09/27/2008 07:00:00,       170.846731
09/27/2008 08:00:00,        99.796353
09/27/2008 09:00:00,       116.011535
09/27/2008 10:00:00,       168.807726
09/27/2008 11:00:00,       214.930524
09/27/2008 12:00:00,       273.055647
09/27/2008 13:00:00,       299.423995
09/27/2008 14:00:00,       254.716677
09/27/2008 15:00:00,       262.838772
09/27/2008 16:00:00,       226.636482
09/27/2008 17:00:00,       190.420366
09/27/2008 18:00:00,       144.133735
09/27/2008 19:00:00,       163.486599
09/27/2008 20:00:00,       153.902452
09/27/2008 21:00:00,       150.347888
09/27/2008 22:00:00,       193.847619
09/27/2008 23:00:00,       232.929191
09/28/2008 00:00:00,       242.742802
09/28/2008 01:00:00,       250.593246
09/28/2008 02:00:00,       251.929488
09/28/2008 03:00:00,       194.199142
09/28/2008 04:00:00,       126.249488
09/28/2008 05:00:00,        93.174508
09/28/2008 06:00:00,        75.948838
09/28/2008 07:00:00,        38.321547
09/28/2008 08:00:00,        27.773675
09/28/2008 09:00:00,        25.440607
09/28/2008 10:00:00,        17.327428
09/28/2008 11:00:00,         1.551914
09/28/2008 12:00:00,         0.068057
09/28/2008 13:00:00,         0.000000
09/28/2008 14:00:00,         0.000000
09/28/2008 15:00:00,         0.000000
09/28/2008 16:00:00,         0.000000
09/28/2008 17:00:00,         0.000000
09/28/2008 18:00:00,         0.000000
09/28/2008 19:00:00,         0.000000
09/28/2008 20:00:00,         0.133366
09/28/2008 21:00:00,         0.267837
09/28/2008 22:00:00,         0.722214
09/28/2008 23:00:00,         0.527462
09/29/2008 00:00:00,        11.285820
09/29/2008 01:00:00,         2.543738
09/29/2008 02:00:00,         4.072545
09/29/2008 03:00:00,        48.876452
09/29/2008 04:00:00,       145.250885
09/29/2008 05:00:00,       246.159300
09/29/2008 06:00:00,       215.591049
09/29/2008 07:00:00,       156.798464
09/29/2008 08:00:00,       112.897381
09/29/2008 09:00:00,       129.237099
09/29/2008 10:00:00,       237.534433
09/29/2008 11:00:00,       155.459480
09/29/2008 12:00:00,       191.027290
09/29/2008 13:00:00,       211.424511
09/29/2008 14:00:00,       300.148105
09/29/2008 15:00:00,       252.913073
09/29/2008 16:00:00,       202.809811
09/29/2008 17:00:00,       214.042636
09/29/2008 18:00:00,       177.605141
09/29/2008 19:00:00,       195.107800
09/29/2008 20:00:00,       217.566443
09/29/2008 21:00:00,       237.779164
09/29/2008 22:00:00,       186.644407
09/29/2008 23:00:00,       182.619714
09/30/2008 00:00:00,       180.272675
09/30/2008 01:00:00,       158.658116
09/30/2008 02:00:00,       136.122221
09/30/2008 03:00:00,       145.573962
09/30/2008 04:00:00,       133.293629
09/30/2008 05:00:00,       143.870318
09/30/2008 06:00:00,       160.736307
09/30/2008 07:00:00,       149.111500
09/30/2008 08:00:00,       161.245514
09/30/2008 09:00:00,       125.970184
09/30/2008 10:00:00,       123.245280
09/30/2008 11:00:00,       100.358707
09/30/2008 12:00:00,        96.763957
09/30/2008 13:00:00,        81.476871
09/30/2008 14:00:00,        71.581154
09/30/2008 15:00:00,        65.938665
09/30/2008 16:00:00,        50.329583
09/30/2008 17:00:00,        47.559826
09/30/2008 18:00:00,        49.587913
09/30/2008 19:00:00,        54.042055
09/30/2008 20:00:00,        62.518615
09/30/2008 21:00:00,        52.311161
09/30/2008 22:00:00,        51.567297
09/30/2008 23:00:00,        49.639642
10/01/2008 00:00:00,        50.227455
10/01/2008 01:00:00,        44.634383
10/01/2008 02:00:00,        40.535874
10/01/2008 03:00:00,        40.918245
10/01/2008 04:00:00,        31.586196
10/01/2008 05:00:00,        29.707223
10/01/2008 06:00:00,        15.117289
10/01/2008 07:00:00,         5.075802
10/01/2008 08:00:00,         1.458791
10/01/2008 09:00:00,        12.528281
10/01/2008 10:00:00,        26.487172
10/01/2008 11:00:00,        65.197192
10/01/2008 12:00:00,        76.231136
10/01/2008 13:00:00,        92.884594
10/01/2008 14:00:00,        89.028679
10/01/2008 15:00:00,        34.173715
10/01/2008 16:00:00,         0.703024
10/01/2008 17:00:00,         0.522598
10/01/2008 18:00:00,        12.829348
10/01/2008 19:00:00,         5.262704
10/01/2008 20:00:00,         8.498255
10/01/2008 21:00:00,        28.185835
10/01/2008 22:00:00,        73.560979
10/01/2008 23:00:00,       115.493834
10/02/2008 00:00:00,       219.437790
10/02/2008 01:00:00,       227.890822
10/02/2008 02:00:00,       285.211487
10/02/2008 03:00:00,       305.253334
10/02/2008 04:00:00,       313.462099
10/02/2008 05:00:00,       299.492558
10/02/2008 06:00:00,       313.042026
10/02/2008 07:00:00,       313.900129
10/02/2008 08:00:00,       303.000584
10/02/2008 09:00:00,       311.115860
10/02/2008 10:00:00,       310.052262
10/02/2008 11:00:00,       315.247286
10/02/2008 12:00:00,       305.294188
10/02/2008 13:00:00,       315.061528
10/02/2008 14:00:00,       314.177748
10/02/2008 15:00:00,       287.653789
10/02/2008 16:00:00,       273.916625
10/02/2008 17:00:00,       164.827605
10/02/2008 18:00:00,       141.527716
10/02/2008 19:00:00,       157.847933
10/02/2008 20:00:00,       136.188725
10/02/2008 21:00:00,       133.507904
10/02/2008 22:00:00,        59.043517
10/02/2008 23:00:00,        50.405579
10/03/2008 00:00:00,       127.944048
10/03/2008 01:00:00,       308.723925
10/03/2008 02:00:00,       316.627490
10/03/2008 03:00:00,       319.895741
10/03/2008 04:00:00,       319.871746
10/03/2008 05:00:00,       319.925355
10/03/2008 06:00:00,       320.000000
10/03/2008 07:00:00,       320.000000
10/03/2008 08:00:00,       320.000000
10/03/2008 09:00:00,       320.000000
10/03/2008 10:00:00,       319.977548
10/03/2008 11:00:00,       319.890529
10/03/2008 12:00:00,       319.679252
10/03/2008 13:00:00,       319.286594
10/03/2008 14:00:00,       319.063818
10/03/2008 15:00:00,       317.623148
10/03/2008 16:00:00,       318.099344
10/03/2008 17:00:00,       317.980620
10/03/2008 18:00:00,       318.503760
10/03/2008 19:00:00,       318.843307
10/03/2008 20:00:00,       318.914812
10/03/2008 21:00:00,       316.578632
10/03/2008 22:00:00,       317.335211
10/03/2008 23:00:00,       317.891932
10/04/2008 00:00:00,       315.701489
10/04/2008 01:00:00,       312.561922
10/04/2008 02:00:00,       307.833215
10/04/2008 03:00:00,       296.701364
10/04/2008 04:00:00,       306.615337
10/04/2008 05:00:00,       282.184009
10/04/2008 06:00:00,       302.753081
10/04/2008 07:00:00,       316.146051
10/04/2008 08:00:00,       315.239783
10/04/2008 09:00:00,       313.701732
10/04/2008 10:00:00,       315.339763
10/04/2008 11:00:00,       315.187773
10/04/2008 12:00:00,       314.032732
10/04/2008 13:00:00,       313.017567
10/04/2008 14:00:00,       312.993980
10/04/2008 15:00:00,       314.684601
10/04/2008 16:00:00,       314.169085
10/04/2008 17:00:00,       314.919266
10/04/2008 18:00:00,       316.388275
10/04/2008 19:00:00,       316.110075
10/04/2008 20:00:00,       313.180114
10/04/2008 21:00:00,       305.989861
10/04/2008 22:00:00,       298.134422
10/04/2008 23:00:00,       292.731132
10/05/2008 00:00:00,       299.810388
10/05/2008 01:00:00,       286.763038
10/05/2008 02:00:00,       263.656863
10/05/2008 03:00:00,       260.400593
10/05/2008 04:00:00,       250.266417
10/05/2008 05:00:00,       229.430068
10/05/2008 06:00:00,       223.907792
10/05/2008 07:00:00,       231.907089
10/05/2008 08:00:00,       219.638559
10/05/2008 09:00:00,       202.816082
10/05/2008 10:00:00,       179.207548
10/05/2008 11:00:00,       150.085705
10/05/2008 12:00:00,       136.237592
10/05/2008 13:00:00,       125.596960
10/05/2008 14:00:00,       115.292170
10/05/2008 15:00:00,       119.005511
10/05/2008 16:00:00,       125.670156
10/05/2008 17:00:00,       122.661286
10/05/2008 18:00:00,       119.015153
10/05/2008 19:00:00,       101.825171
10/05/2008 20:00:00,        66.856752
10/05/2008 21:00:00,        58.292833
10/05/2008 22:00:00,        51.661901
10/05/2008 23:00:00,        66.202811
10/06/2008 00:00:00,        74.991052
10/06/2008 01:00:00,        94.773264
10/06/2008 02:00:00,        97.748253
10/06/2008 03:00:00,       153.702943
10/06/2008 04:00:00,       120.803838
10/06/2008 05:00:00,        71.405731
10/06/2008 06:00:00,        74.754905
10/06/2008 07:00:00,        89.239288
10/06/2008 08:00:00,       104.307261
10/06/2008 09:00:00,       105.344439
10/06/2008 10:00:00,       100.195619
10/06/2008 11:00:00,        88.050382
10/06/2008 12:00:00,        96.672163
10/06/2008 13:00:00,        93.649757
10/06/2008 14:00:00,        78.620929
10/06/2008 15:00:00,        65.774091
10/06/2008 16:00:00,        70.252682
10/06/2008 17:00:00,        70.881224
10/06/2008 18:00:00,        79.081170
10/06/2008 19:00:00,        92.927797
10/06/2008 20:00:00,       102.251799
10/06/2008 21:00:00,       118.924501
10/06/2008 22:00:00,       155.190609
10/06/2008 23:00:00,       171.965616
10/07/2008 00:00:00,       210.562719
10/07/2008 01:00:00,       270.508501
10/07/2008 02:00:00,       281.932108
10/07/2008 03:00:00,       302.890557
10/07/2008 04:00:00,       296.446434
10/07/2008 05:00:00,       279.965685
10/07/2008 06:00:00,       249.552801
10/07/2008 07:00:00,       252.910254
10/07/2008 08:00:00,       253.825475
10/07/2008 09:00:00,       217.560589
10/07/2008 10:00:00,       237.557361
10/07/2008 11:00:00,       273.674583
10/07/2008 12:00:00,       275.882579
10/07/2008 13:00:00,       287.864542
10/07/2008 14:00:00,       294.682524
10/07/2008 15:00:00,       268.896846
10/07/2008 16:00:00,       244.797599
10/07/2008 17:00:00,       250.780266
10/07/2008 18:00:00,       236.434308
10/07/2008 19:00:00,       213.796988
10/07/2008 20:00:00,       171.086970
10/07/2008 21:00:00,       169.060913
10/07/2008 22:00:00,       185.034829
10/07/2008 23:00:00,       159.723990
10/08/2008 00:00:00,       196.543209
10/08/2008 01:00:00,       233.690003
10/08/2008 02:00:00,       254.205869
10/08/2008 03:00:00,       298.368238
10/08/2008 04:00:00,       311.415111
10/08/2008 05:00:00,       298.775464
10/08/2008 06:00:00,       275.795464
10/08/2008 07:00:00,       258.499996
10/08/2008 08:00:00,       255.219342
10/08/2008 09:00:00,       262.108541
10/08/2008 10:00:00,       280.961870
10/08/2008 11:00:00,       269.333433
10/08/2008 12:00:00,       216.252429
10/08/2008 13:00:00,       182.897414
10/08/2008 14:00:00,       146.310879
10/08/2008 15:00:00,        68.549423
10/08/2008 16:00:00,        17.448870
10/08/2008 17:00:00,        25.265659
10/08/2008 18:00:00,        28.194517
10/08/2008 19:00:00,        14.470867
10/08/2008 20:00:00,         8.094699
10/08/2008 21:00:00,         3.381380
10/08/2008 22:00:00,         5.624371
10/08/2008 23:00:00,        11.307317
10/09/2008 00:00:00,        50.409772
10/09/2008 01:00:00,       123.414375
10/09/2008 02:00:00,       199.450503
10/09/2008 03:00:00,       220.847755
10/09/2008 04:00:00,       201.177344
10/09/2008 05:00:00,       201.961345
10/09/2008 06:00:00,       187.384102
10/09/2008 07:00:00,       121.269244
10/09/2008 08:00:00,        83.347433
10/09/2008 09:00:00,        34.006067
10/09/2008 10:00:00,        22.836660
10/09/2008 11:00:00,        23.561208
10/09/2008 12:00:00,        65.468046
10/09/2008 13:00:00,        88.390654
10/09/2008 14:00:00,       149.439775
10/09/2008 15:00:00,        93.329629
10/09/2008 16:00:00,        67.538203
10/09/2008 17:00:00,        18.160814
10/09/2008 18:00:00,         1.849874
10/09/2008 19:00:00,         0.036161
10/09/2008 20:00:00,         1.611934
10/09/2008 21:00:00,         0.205168
10/09/2008 22:00:00,         0.049204
10/09/2008 23:00:00,         0.000000
10/10/2008 00:00:00,         1.050004
10/10/2008 01:00:00,        52.577151
10/10/2008 02:00:00,       135.583451
10/10/2008 03:00:00,       137.433388
10/10/2008 04:00:00,       136.893410
10/10/2008 05:00:00,       123.290524
10/10/2008 06:00:00,       252.184055
10/10/2008 07:00:00,       309.612552
10/10/2008 08:00:00,       308.514329
10/10/2008 09:00:00,       298.534284
10/10/2008 10:00:00,       301.926040
10/10/2008 11:00:00,       312.908728
10/10/2008 12:00:00,       316.099136
10/10/2008 13:00:00,       314.876231
10/10/2008 14:00:00,       313.459300
10/10/2008 15:00:00,       311.222610
10/10/2008 16:00:00,       289.102926
10/10/2008 17:00:00,       299.315230
10/10/2008 18:00:00,       311.745352
10/10/2008 19:00:00,       316.443547
10/10/2008 20:00:00,       316.080055
10/10/2008 21:00:00,       319.431172
10/10/2008 22:00:00,       302.880728
10/10/2008 23:00:00,       317.676176
10/11/2008 00:00:00,       319.680667
10/11/2008 01:00:00,       319.861310
10/11/2008 02:00:00,       318.668815
10/11/2008 03:00:00,       312.813533
10/11/2008 04:00:00,       313.082684
10/11/2008 05:00:00,       306.473574
10/11/2008 06:00:00,       300.785374
10/11/2008 07:00:00,       291.368434
10/11/2008 08:00:00,       287.586223
10/11/2008 09:00:00,       285.004283
10/11/2008 10:00:00,       276.997399
10/11/2008 11:00:00,       266.026534
10/11/2008 12:00:00,       268.189139
10/11/2008 13:00:00,       272.039285
10/11/2008 14:00:00,       239.207705
10/11/2008 15:00:00,       220.445835
10/11/2008 16:00:00,       209.137678
10/11/2008 17:00:00,       211.350422
10/11/2008 18:00:00,       151.017060
10/11/2008 19:00:00,       130.570688
10/11/2008 20:00:00,       107.338845
10/11/2008 21:00:00,       144.315048
10/11/2008 22:00:00,       144.181505
10/11/2008 23:00:00,       123.344789
10/12/2008 00:00:00,       133.456829
10/12/2008 01:00:00,       164.935794
10/12/2008 02:00:00,       140.485573
10/12/2008 03:00:00,        71.451074
10/12/2008 04:00:00,        42.853451
10/12/2008 05:00:00,        50.376258
10/12/2008 06:00:00,        45.078824
10/12/2008 07:00:00,        73.225798
10/12/2008 08:00:00,        89.836501
10/12/2008 09:00:00,       118.607886
10/12/2008 10:00:00,       166.046728
10/12/2008 11:00:00,       167.354528
10/12/2008 12:00:00,       202.966002
10/12/2008 13:00:00,       226.772101
10/12/2008 14:00:00,       200.084460
10/12/2008 15:00:00,       175.099136
10/12/2008 16:00:00,       119.896086
10/12/2008 17:00:00,       102.986087
10/12/2008 18:00:00,        73.519900
10/12/2008 19:00:00,        50.828654
10/12/2008 20:00:00,        36.452120
10/12/2008 21:00:00,        31.351818
10/12/2008 22:00:00,        35.606336
10/12/2008 23:00:00,        69.916819
10/13/2008 00:00:00,       141.756497
10/13/2008 01:00:00,       177.391850
10/13/2008 02:00:00,       133.018900
10/13/2008 03:00:00,       151.819407
10/13/2008 04:00:00,        69.275987
10/13/2008 05:00:00,        27.959059
10/13/2008 06:00:00,        24.947673
10/13/2008 07:00:00,        36.434576
10/13/2008 08:00:00,        43.750545
10/13/2008 09:00:00,        29.871469
10/13/2008 10:00:00,        20.136478
10/13/2008 11:00:00,         3.905894
10/13/2008 12:00:00,         2.678572
10/13/2008 13:00:00,         1.470167
10/13/2008 14:00:00,         0.939801
10/13/2008 15:00:00,         0.102850
10/13/2008 16:00:00,         0.003677
10/13/2008 17:00:00,         1.350180
10/13/2008 18:00:00,         1.859191
10/13/2008 19:00:00,         0.540313
10/13/2008 20:00:00,         0.121705
10/13/2008 21:00:00,         0.400016
10/13/2008 22:00:00,         0.174210
10/13/2008 23:00:00,         0.034791
10/14/2008 00:00:00,         0.000000
10/14/2008 01:00:00,         0.048570
10/14/2008 02:00:00,         0.010266
10/14/2008 03:00:00,         0.074127
10/14/2008 04:00:00,         1.345151
10/14/2008 05:00:00,        33.896901
10/14/2008 06:00:00,       106.843212
10/14/2008 07:00:00,       140.673507
10/14/2008 08:00:00,       186.048275
10/14/2008 09:00:00,       211.458453
10/14/2008 10:00:00,       290.358289
10/14/2008 11:00:00,       313.012203
10/14/2008 12:00:00,       319.518414
10/14/2008 13:00:00,       319.909206
10/14/2008 14:00:00,       319.983120
10/14/2008 15:00:00,       319.981986
10/14/2008 16:00:00,       319.945365
10/14/2008 17:00:00,       319.433809
10/14/2008 18:00:00,       318.946599
10/14/2008 19:00:00,       317.199413
10/14/2008 20:00:00,       317.291126
10/14/2008 21:00:00,       304.053233
10/14/2008 22:00:00,       259.505110
10/14/2008 23:00:00,       204.233955
10/15/2008 00:00:00,       205.572464
10/15/2008 01:00:00,       316.174989
10/15/2008 02:00:00,       317.646678
10/15/2008 03:00:00,       307.320276
10/15/2008 04:00:00,       260.729671
10/15/2008 05:00:00,       272.181293
10/15/2008 06:00:00,       296.494634
10/15/2008 07:00:00,       300.703713
10/15/2008 08:00:00,       302.795261
10/15/2008 09:00:00,       276.772182
10/15/2008 10:00:00,       256.008906
10/15/2008 11:00:00,       247.837064
10/15/2008 12:00:00,       271.811674
10/15/2008 13:00:00,       241.392490
10/15/2008 14:00:00,       221.690812
10/15/2008 15:00:00,       253.793825
10/15/2008 16:00:00,       160.340367
10/15/2008 17:00:00,       144.772482
10/15/2008 18:00:00,       104.560578
10/15/2008 19:00:00,        58.373607
10/15/2008 20:00:00,        21.001520
10/15/2008 21:00:00,         6.420991
10/15/2008 22:00:00,         1.237432
10/15/2008 23:00:00,         1.633036
10/16/2008 00:00:00,         1.049409
10/16/2008 01:00:00,         0.414530
10/16/2008 02:00:00,         2.723161
10/16/2008 03:00:00,        23.767964
10/16/2008 04:00:00,        24.900477
10/16/2008 05:00:00,        34.929230
10/16/2008 06:00:00,       101.455914
10/16/2008 07:00:00,       164.665376
10/16/2008 08:00:00,       207.072949
10/16/2008 09:00:00,       199.434942
10/16/2008 10:00:00,       233.717761
10/16/2008 11:00:00,       216.974353
10/16/2008 12:00:00,       172.022729
10/16/2008 13:00:00,       137.867886
10/16/2008 14:00:00,       111.068500
10/16/2008 15:00:00,       111.812511
10/16/2008 16:00:00,        98.090576
10/16/2008 17:00:00,        65.858987
10/16/2008 18:00:00,        32.689050
10/16/2008 19:00:00,        16.641739
10/16/2008 20:00:00,        26.816232
10/16/2008 21:00:00,        40.859931
10/16/2008 22:00:00,        87.856022
10/16/2008 23:00:00,       153.898379
10/17/2008 00:00:00,       157.593829
10/17/2008 01:00:00,       273.038050
10/17/2008 02:00:00,       287.198667
10/17/2008 03:00:00,       261.870533
10/17/2008 04:00:00,       237.188774
10/17/2008 05:00:00,       283.527128
10/17/2008 06:00:00,       307.272146
10/17/2008 07:00:00,       298.168926
10/17/2008 08:00:00,       297.798522
10/17/2008 09:00:00,       293.969268
10/17/2008 10:00:00,       296.237674
10/17/2008 11:00:00,       288.909167
10/17/2008 12:00:00,       278.966741
10/17/2008 13:00:00,       284.453225
10/17/2008 14:00:00,       268.632387
10/17/2008 15:00:00,       233.451541
10/17/2008 16:00:00,       268.427181
10/17/2008 17:00:00,       283.341459
10/17/2008 18:00:00,       276.685117
10/17/2008 19:00:00,       246.685132
10/17/2008 20:00:00,       246.751302
10/17/2008 21:00:00,       249.007690
10/17/2008 22:00:00,       267.765834
10/17/2008 23:00:00,       211.050165
10/18/2008 00:00:00,       230.244504
10/18/2008 01:00:00,       284.806766
10/18/2008 02:00:00,       251.171842
10/18/2008 03:00:00,       286.042712
10/18/2008 04:00:00,       249.669846
10/18/2008 05:00:00,       205.403721
10/18/2008 06:00:00,       173.846038
10/18/2008 07:00:00,       166.842574
10/18/2008 08:00:00,       188.716103
10/18/2008 09:00:00,       149.739079
10/18/2008 10:00:00,       234.036448
10/18/2008 11:00:00,       223.955318
10/18/2008 12:00:00,       200.189304
10/18/2008 13:00:00,       148.405068
10/18/2008 14:00:00,       146.092000
10/18/2008 15:00:00,       154.884285
10/18/2008 16:00:00,       151.760519
10/18/2008 17:00:00,       118.900701
10/18/2008 18:00:00,       101.096414
10/18/2008 19:00:00,        66.682461
10/18/2008 20:00:00,        63.716097
10/18/2008 21:00:00,        41.101143
10/18/2008 22:00:00,        41.528691
10/18/2008 23:00:00,        39.588691
10/19/2008 00:00:00,        60.366625
10/19/2008 01:00:00,        57.425631
10/19/2008 02:00:00,        44.580405
10/19/2008 03:00:00,        24.506728
10/19/2008 04:00:00,        10.200720
10/19/2008 05:00:00,         2.624397
10/19/2008 06:00:00,         1.579116
10/19/2008 07:00:00,         3.640313
10/19/2008 08:00:00,        22.666054
10/19/2008 09:00:00,        43.433611
10/19/2008 10:00:00,        63.685133
10/19/2008 11:00:00,        78.302192
10/19/2008 12:00:00,        78.943645
10/19/2008 13:00:00,        56.305270
10/19/2008 14:00:00,        39.740119
10/19/2008 15:00:00,        27.359111
10/19/2008 16:00:00,         1.383662
10/19/2008 17:00:00,         0.539973
10/19/2008 18:00:00,         2.600822
10/19/2008 19:00:00,        17.512078
10/19/2008 20:00:00,        20.054368
10/19/2008 21:00:00,        17.119416
10/19/2008 22:00:00,        13.234237
10/19/2008 23:00:00,         9.453282
10/20/2008 00:00:00,        51.724434
10/20/2008 01:00:00,       164.964851
10/20/2008 02:00:00,       197.384811
10/20/2008 03:00:00,       256.388876
10/20/2008 04:00:00,       279.120505
10/20/2008 05:00:00,       290.461432
10/20/2008 06:00:00,       303.109496
10/20/2008 07:00:00,       307.880598
10/20/2008 08:00:00,       307.908095
10/20/2008 09:00:00,       305.576686
10/20/2008 10:00:00,       303.070688
10/20/2008 11:00:00,       302.670705
10/20/2008 12:00:00,       292.004889
10/20/2008 13:00:00,       255.960564
10/20/2008 14:00:00,       212.240880
10/20/2008 15:00:00,       140.018442
10/20/2008 16:00:00,        56.385004
10/20/2008 17:00:00,         8.747199
10/20/2008 18:00:00,         6.527837
10/20/2008 19:00:00,        16.930462
10/20/2008 20:00:00,        15.151808
10/20/2008 21:00:00,        26.947813
10/20/2008 22:00:00,        33.415617
10/20/2008 23:00:00,        34.833105
10/21/2008 00:00:00,        38.923466
10/21/2008 01:00:00,        34.476715
10/21/2008 02:00:00,        23.811981
10/21/2008 03:00:00,         3.752749
10/21/2008 04:00:00,         0.000000
10/21/2008 05:00:00,         0.000000
10/21/2008 06:00:00,         0.000000
10/21/2008 07:00:00,         0.000000
10/21/2008 08:00:00,         0.000000
10/21/2008 09:00:00,         0.234889
10/21/2008 10:00:00,         2.270077
10/21/2008 11:00:00,         9.594229
10/21/2008 12:00:00,        63.899203
10/21/2008 13:00:00,       184.002052
10/21/2008 14:00:00,       251.920833
10/21/2008 15:00:00,       233.123374
10/21/2008 16:00:00,       227.705090
10/21/2008 17:00:00,       306.223763
10/21/2008 18:00:00,       308.137199
10/21/2008 19:00:00,       303.402108
10/21/2008 20:00:00,       311.307202
10/21/2008 21:00:00,       313.934753
10/21/2008 22:00:00,       311.968078
10/21/2008 23:00:00,       301.411480
10/22/2008 00:00:00,       306.668506
10/22/2008 01:00:00,       314.856459
10/22/2008 02:00:00,       284.140540
10/22/2008 03:00:00,       252.609513
10/22/2008 04:00:00,       222.752019
10/22/2008 05:00:00,       189.947752
10/22/2008 06:00:00,       301.555048
10/22/2008 07:00:00,       184.993022
10/22/2008 08:00:00,       201.738154
10/22/2008 09:00:00,       247.141423
10/22/2008 10:00:00,       283.094110
10/22/2008 11:00:00,       250.913008
10/22/2008 12:00:00,       180.639126
10/22/2008 13:00:00,       128.456559
10/22/2008 14:00:00,        93.348865
10/22/2008 15:00:00,        61.954903
10/22/2008 16:00:00,        99.992984
10/22/2008 17:00:00,       125.403107
10/22/2008 18:00:00,       158.325086
10/22/2008 19:00:00,       194.089686
10/22/2008 20:00:00,       241.761450
10/22/2008 21:00:00,       211.780085
10/22/2008 22:00:00,       138.255826
10/22/2008 23:00:00,        89.202653
10/23/2008 00:00:00,        60.535719
10/23/2008 01:00:00,        37.107624
10/23/2008 02:00:00,        12.954185
10/23/2008 03:00:00,         4.121014
10/23/2008 04:00:00,         3.455483
10/23/2008 05:00:00,         5.761054
10/23/2008 06:00:00,         7.301223
10/23/2008 07:00:00,        14.076892
10/23/2008 08:00:00,        29.529731
10/23/2008 09:00:00,        68.250471
10/23/2008 10:00:00,        80.023714
10/23/2008 11:00:00,       102.265088
10/23/2008 12:00:00,       105.465665
10/23/2008 13:00:00,       115.211799
10/23/2008 14:00:00,       144.500690
10/23/2008 15:00:00,       135.848691
10/23/2008 16:00:00,        90.085736
10/23/2008 17:00:00,        71.626717
10/23/2008 18:00:00,        62.055058
10/23/2008 19:00:00,        50.128220
10/23/2008 20:00:00,        42.226591
10/23/2008 21:00:00,        40.322316
10/23/2008 22:00:00,        54.173738
10/23/2008 23:00:00,       107.058698
10/24/2008 00:00:00,       192.655225
10/24/2008 01:00:00,       259.478216
10/24/2008 02:00:00,       286.533792
10/24/2008 03:00:00,       303.230409
10/24/2008 04:00:00,       310.862320
10/24/2008 05:00:00,       312.744078
10/24/2008 06:00:00,       307.590878
10/24/2008 07:00:00,       306.795320
10/24/2008 08:00:00,       299.943419
10/24/2008 09:00:00,       281.717021
10/24/2008 10:00:00,       272.203144
10/24/2008 11:00:00,       280.912573
10/24/2008 12:00:00,       286.344491
10/24/2008 13:00:00,       288.162367
10/24/2008 14:00:00,       285.196402
10/24/2008 15:00:00,       269.105628
10/24/2008 16:00:00,       196.524653
10/24/2008 17:00:00,       166.601376
10/24/2008 18:00:00,       155.262787
10/24/2008 19:00:00,       143.691151
10/24/2008 20:00:00,       130.611704
10/24/2008 21:00:00,       114.449798
10/24/2008 22:00:00,       100.724053
10/24/2008 23:00:00,        96.770483
10/25/2008 00:00:00,       116.803816
10/25/2008 01:00:00,       128.981671
10/25/2008 02:00:00,       168.628237
10/25/2008 03:00:00,       193.920709
10/25/2008 04:00:00,       186.296029
10/25/2008 05:00:00,       177.504003
10/25/2008 06:00:00,       141.643685
10/25/2008 07:00:00,       110.293846
10/25/2008 08:00:00,        85.275920
10/25/2008 09:00:00,        72.890862
10/25/2008 10:00:00,        79.015594
10/25/2008 11:00:00,       111.226819
10/25/2008 12:00:00,       170.579564
10/25/2008 13:00:00,       179.520479
10/25/2008 14:00:00,       227.332299
10/25/2008 15:00:00,       247.077009
10/25/2008 16:00:00,       207.449266
10/25/2008 17:00:00,       191.571401
10/25/2008 18:00:00,       217.503359
10/25/2008 19:00:00,       210.499220
10/25/2008 20:00:00,       188.707687
10/25/2008 21:00:00,       202.310127
10/25/2008 22:00:00,       282.346083
10/25/2008 23:00:00,       304.412724
10/26/2008 00:00:00,       312.208488
10/26/2008 01:00:00,       311.544660
10/26/2008 02:00:00,       319.855084
10/26/2008 03:00:00,       320.000000
10/26/2008 04:00:00,       320.000000
10/26/2008 05:00:00,       320.000000
10/26/2008 06:00:00,       320.000000
10/26/2008 07:00:00,       320.000000
10/26/2008 08:00:00,       320.000000
10/26/2008 09:00:00,       320.000000
10/26/2008 10:00:00,       320.000000
10/26/2008 11:00:00,       320.000000
10/26/2008 12:00:00,       320.000000
10/26/2008 13:00:00,       320.000000
10/26/2008 14:00:00,       320.000000
10/26/2008 15:00:00,       320.000000
10/26/2008 16:00:00,       320.000000
10/26/2008 17:00:00,       320.000000
10/26/2008 18:00:00,       320.000000
10/26/2008 19:00:00,       320.000000
10/26/2008 20:00:00,       320.000000
10/26/2008 21:00:00,       319.990947
10/26/2008 22:00:00,       319.779220
10/26/2008 23:00:00,       319.262168
10/27/2008 00:00:00,       319.976307
10/27/2008 01:00:00,       319.993054
10/27/2008 02:00:00,       318.038336
10/27/2008 03:00:00,       308.452450
10/27/2008 04:00:00,       309.399983
10/27/2008 05:00:00,       307.272450
10/27/2008 06:00:00,       224.576866
10/27/2008 07:00:00,       210.373102
10/27/2008 08:00:00,       250.161253
10/27/2008 09:00:00,       212.501637
10/27/2008 10:00:00,       188.973101
10/27/2008 11:00:00,       242.445553
10/27/2008 12:00:00,       274.866227
10/27/2008 13:00:00,       288.077053
10/27/2008 14:00:00,       307.189548
10/27/2008 15:00:00,       299.237438
10/27/2008 16:00:00,       166.191820
10/27/2008 17:00:00,        69.762930
10/27/2008 18:00:00,        27.159185
10/27/2008 19:00:00,         5.387012
10/27/2008 20:00:00,         3.385466
10/27/2008 21:00:00,        10.534173
10/27/2008 22:00:00,        12.373453
10/27/2008 23:00:00,        10.618198
10/28/2008 00:00:00,        19.085346
10/28/2008 01:00:00,        29.046026
10/28/2008 02:00:00,        70.526917
10/28/2008 03:00:00,        48.487651
10/28/2008 04:00:00,        67.580549
10/28/2008 05:00:00,        21.296147
10/28/2008 06:00:00,        58.807782
10/28/2008 07:00:00,        46.018411
10/28/2008 08:00:00,        36.468160
10/28/2008 09:00:00,        35.331985
10/28/2008 10:00:00,        58.917098
10/28/2008 11:00:00,       182.121625
10/28/2008 12:00:00,       112.504238
10/28/2008 13:00:00,       107.972666
10/28/2008 14:00:00,        81.527542
10/28/2008 15:00:00,       110.571328
10/28/2008 16:00:00,       108.703655
10/28/2008 17:00:00,        93.934224
10/28/2008 18:00:00,        67.772964
10/28/2008 19:00:00,        90.976869
10/28/2008 20:00:00,       171.136465
10/28/2008 21:00:00,       262.489737
10/28/2008 22:00:00,       254.919031
10/28/2008 23:00:00,       297.046782
10/29/2008 00:00:00,       319.083581
10/29/2008 01:00:00,       319.690415
10/29/2008 02:00:00,       319.995898
10/29/2008 03:00:00,       320.000000
10/29/2008 04:00:00,       320.000000
10/29/2008 05:00:00,       319.986153
10/29/2008 06:00:00,       299.503464
10/29/2008 07:00:00,       306.857589
10/29/2008 08:00:00,       318.203057
10/29/2008 09:00:00,       314.126953
10/29/2008 10:00:00,       318.396199
10/29/2008 11:00:00,       319.689595
10/29/2008 12:00:00,       319.994034
10/29/2008 13:00:00,       320.000000
10/29/2008 14:00:00,       318.557848
10/29/2008 15:00:00,       319.020550
10/29/2008 16:00:00,       319.613569
10/29/2008 17:00:00,       319.966429
10/29/2008 18:00:00,       319.439610
10/29/2008 19:00:00,       317.463958
10/29/2008 20:00:00,       315.619472
10/29/2008 21:00:00,       291.630311
10/29/2008 22:00:00,       301.724776
10/29/2008 23:00:00,       305.116093
10/30/2008 00:00:00,       299.610356
10/30/2008 01:00:00,       299.216046
10/30/2008 02:00:00,       303.421618
10/30/2008 03:00:00,       305.692887
10/30/2008 04:00:00,       300.236387
10/30/2008 05:00:00,       288.481691
10/30/2008 06:00:00,       272.127605
10/30/2008 07:00:00,       248.360904
10/30/2008 08:00:00,       243.928946
10/30/2008 09:00:00,       257.420630
10/30/2008 10:00:00,       251.650537
10/30/2008 11:00:00,       277.400781
10/30/2008 12:00:00,       296.291100
10/30/2008 13:00:00,       315.727177
10/30/2008 14:00:00,       315.554713
10/30/2008 15:00:00,       310.889355
10/30/2008 16:00:00,       306.584209
10/30/2008 17:00:00,       307.102478
10/30/2008 18:00:00,       301.254298
10/30/2008 19:00:00,       275.856181
10/30/2008 20:00:00,       258.279619
10/30/2008 21:00:00,       239.517732
10/30/2008 22:00:00,       223.574147
10/30/2008 23:00:00,       190.259768
10/31/2008 00:00:00,       162.240149
10/31/2008 01:00:00,       139.503568
10/31/2008 02:00:00,       115.114230
10/31/2008 03:00:00,       100.725978
10/31/2008 04:00:00,        74.689210
10/31/2008 05:00:00,        50.625164
10/31/2008 06:00:00,        91.121129
10/31/2008 07:00:00,       158.699111
10/31/2008 08:00:00,       157.155239
10/31/2008 09:00:00,       154.692571
10/31/2008 10:00:00,       141.303866
10/31/2008 11:00:00,       148.872056
10/31/2008 12:00:00,       184.589122
10/31/2008 13:00:00,       199.975637
10/31/2008 14:00:00,       208.586761
10/31/2008 15:00:00,       244.342825
10/31/2008 16:00:00,       144.603967
10/31/2008 17:00:00,        50.321389
10/31/2008 18:00:00,        22.380747
10/31/2008 19:00:00,        33.385830
10/31/2008 20:00:00,        70.757848
10/31/2008 21:00:00,       152.020107
10/31/2008 22:00:00,       220.009878
10/31/2008 23:00:00,       243.212251
11/01/2008 00:00:00,       292.190578
11/01/2008 01:00:00,       302.892250
11/01/2008 02:00:00,       294.130679
11/01/2008 03:00:00,       310.774849
11/01/2008 04:00:00,       310.332598
11/01/2008 05:00:00,       318.302954
11/01/2008 06:00:00,       319.165822
11/01/2008 07:00:00,       319.734397
11/01/2008 08:00:00,       319.989149
11/01/2008 09:00:00,       319.937872
11/01/2008 10:00:00,       319.982674
11/01/2008 11:00:00,       319.973747
11/01/2008 12:00:00,       319.966197
11/01/2008 13:00:00,       319.994494
11/01/2008 14:00:00,       319.038054
11/01/2008 15:00:00,       319.655357
11/01/2008 16:00:00,       319.998740
11/01/2008 17:00:00,       319.919429
11/01/2008 18:00:00,       319.937838
11/01/2008 19:00:00,       319.889503
11/01/2008 20:00:00,       319.914324
11/01/2008 21:00:00,       319.954417
11/01/2008 22:00:00,       319.519932
11/01/2008 23:00:00,       318.748627
11/02/2008 00:00:00,       319.201649
11/02/2008 01:00:00,       306.561429
11/02/2008 02:00:00,       287.250203
11/02/2008 03:00:00,       306.594728
11/02/2008 04:00:00,       235.788428
11/02/2008 05:00:00,       263.973839
11/02/2008 06:00:00,       297.388149
11/02/2008 07:00:00,       259.976843
11/02/2008 08:00:00,       226.102982
11/02/2008 09:00:00,       228.795714
11/02/2008 10:00:00,       236.129322
11/02/2008 11:00:00,       259.475772
11/02/2008 12:00:00,       292.758622
11/02/2008 13:00:00,       300.799534
11/02/2008 14:00:00,       290.078360
11/02/2008 15:00:00,       278.750932
11/02/2008 16:00:00,       265.937534
11/02/2008 17:00:00,       258.310781
11/02/2008 18:00:00,       296.781329
11/02/2008 19:00:00,       274.727108
11/02/2008 20:00:00,       227.892796
11/02/2008 21:00:00,       218.139870
11/02/2008 22:00:00,       240.211025
11/02/2008 23:00:00,       225.666549
11/03/2008 00:00:00,       186.907578
11/03/2008 01:00:00,       134.822611
11/03/2008 02:00:00,        80.899512
11/03/2008 03:00:00,        44.769035
11/03/2008 04:00:00,        70.406149
11/03/2008 05:00:00,       145.523386
11/03/2008 06:00:00,       198.898063
11/03/2008 07:00:00,       247.526247
11/03/2008 08:00:00,       291.999080
11/03/2008 09:00:00,       279.286594
11/03/2008 10:00:00,       277.483703
11/03/2008 11:00:00,       298.604149
11/03/2008 12:00:00,       308.323516
11/03/2008 13:00:00,       311.185559
11/03/2008 14:00:00,       314.969069
11/03/2008 15:00:00,       305.658533
11/03/2008 16:00:00,       282.939167
11/03/2008 17:00:00,       193.407126
11/03/2008 18:00:00,       158.323469
11/03/2008 19:00:00,       149.342745
11/03/2008 20:00:00,       225.684055
11/03/2008 21:00:00,       277.311919
11/03/2008 22:00:00,       263.726747
11/03/2008 23:00:00,       237.896084
11/04/2008 00:00:00,       241.439067
11/04/2008 01:00:00,       268.136697
11/04/2008 02:00:00,       275.893051
11/04/2008 03:00:00,       251.332716
11/04/2008 04:00:00,       243.072167
11/04/2008 05:00:00,       244.399580
11/04/2008 06:00:00,       225.712508
11/04/2008 07:00:00,       205.927899
11/04/2008 08:00:00,       198.838826
11/04/2008 09:00:00,       182.472603
11/04/2008 10:00:00,       153.537403
11/04/2008 11:00:00,       115.588263
11/04/2008 12:00:00,        76.294809
11/04/2008 13:00:00,        37.229463
11/04/2008 14:00:00,        44.992104
11/04/2008 15:00:00,        70.664419
11/04/2008 16:00:00,        76.480679
11/04/2008 17:00:00,        46.553135
11/04/2008 18:00:00,        25.839711
11/04/2008 19:00:00,        10.685629
11/04/2008 20:00:00,         5.446066
11/04/2008 21:00:00,         1.883932
11/04/2008 22:00:00,         0.135271
11/04/2008 23:00:00,        18.211303
11/05/2008 00:00:00,        63.375321
11/05/2008 01:00:00,       185.352647
11/05/2008 02:00:00,       228.649581
11/05/2008 03:00:00,       259.540123
11/05/2008 04:00:00,       285.250551
11/05/2008 05:00:00,       300.964385
11/05/2008 06:00:00,       307.154414
11/05/2008 07:00:00,       310.462133
11/05/2008 08:00:00,       313.672932
11/05/2008 09:00:00,       316.281413
11/05/2008 10:00:00,       317.136676
11/05/2008 11:00:00,       315.885038
11/05/2008 12:00:00,       314.608895
11/05/2008 13:00:00,       305.705295
11/05/2008 14:00:00,       300.189256
11/05/2008 15:00:00,       273.501726
11/05/2008 16:00:00,       234.678452
11/05/2008 17:00:00,       225.699741
11/05/2008 18:00:00,       243.983196
11/05/2008 19:00:00,       283.821506
11/05/2008 20:00:00,       285.652962
11/05/2008 21:00:00,       291.777195
11/05/2008 22:00:00,       309.653805
11/05/2008 23:00:00,       312.869840
11/06/2008 00:00:00,       314.888022
11/06/2008 01:00:00,       315.746542
11/06/2008 02:00:00,       312.552152
11/06/2008 03:00:00,       310.404452
11/06/2008 04:00:00,       315.302846
11/06/2008 05:00:00,       316.214616
11/06/2008 06:00:00,       315.483536
11/06/2008 07:00:00,       315.015388
11/06/2008 08:00:00,       314.968508
11/06/2008 09:00:00,       314.456405
11/06/2008 10:00:00,       315.171393
11/06/2008 11:00:00,       313.502893
11/06/2008 12:00:00,       302.417103
11/06/2008 13:00:00,       295.526148
11/06/2008 14:00:00,       289.440027
11/06/2008 15:00:00,       241.221236
11/06/2008 16:00:00,       155.912575
11/06/2008 17:00:00,       138.618540
11/06/2008 18:00:00,       178.653254
11/06/2008 19:00:00,       249.165565
11/06/2008 20:00:00,       263.437404
11/06/2008 21:00:00,       243.343024
11/06/2008 22:00:00,       194.653779
11/06/2008 23:00:00,       135.404688
11/07/2008 00:00:00,        59.595887
11/07/2008 01:00:00,         8.435086
11/07/2008 02:00:00,         2.333253
11/07/2008 03:00:00,         2.364816
11/07/2008 04:00:00,         0.195687
11/07/2008 05:00:00,         0.000000
11/07/2008 06:00:00,         0.189468
11/07/2008 07:00:00,         4.902797
11/07/2008 08:00:00,        46.864961
11/07/2008 09:00:00,        39.541875
11/07/2008 10:00:00,        28.842588
11/07/2008 11:00:00,        67.522926
11/07/2008 12:00:00,        50.646523
11/07/2008 13:00:00,        99.209547
11/07/2008 14:00:00,       160.439778
11/07/2008 15:00:00,       169.942940
11/07/2008 16:00:00,       182.809943
11/07/2008 17:00:00,       201.882538
11/07/2008 18:00:00,       201.667377
11/07/2008 19:00:00,       203.427166
11/07/2008 20:00:00,       218.418713
11/07/2008 21:00:00,       233.226862
11/07/2008 22:00:00,       248.687512
11/07/2008 23:00:00,       263.778974
11/08/2008 00:00:00,       253.163910
11/08/2008 01:00:00,       268.858907
11/08/2008 02:00:00,       252.747507
11/08/2008 03:00:00,       229.431907
11/08/2008 04:00:00,       206.990803
11/08/2008 05:00:00,       178.265570
11/08/2008 06:00:00,       149.448955
11/08/2008 07:00:00,       122.334656
11/08/2008 08:00:00,       106.460724
11/08/2008 09:00:00,       111.043877
11/08/2008 10:00:00,       102.169222
11/08/2008 11:00:00,        92.152990
11/08/2008 12:00:00,        77.563145
11/08/2008 13:00:00,        50.852091
11/08/2008 14:00:00,        29.344829
11/08/2008 15:00:00,        17.156636
11/08/2008 16:00:00,        22.257474
11/08/2008 17:00:00,        16.503625
11/08/2008 18:00:00,        14.766143
11/08/2008 19:00:00,        18.689889
11/08/2008 20:00:00,        25.350276
11/08/2008 21:00:00,        25.139909
11/08/2008 22:00:00,        26.086509
11/08/2008 23:00:00,        28.937759
11/09/2008 00:00:00,        24.712335
11/09/2008 01:00:00,        55.616375
11/09/2008 02:00:00,        83.916956
11/09/2008 03:00:00,        94.766777
11/09/2008 04:00:00,       154.087277
11/09/2008 05:00:00,        99.711025
11/09/2008 06:00:00,        81.407444
11/09/2008 07:00:00,       109.228102
11/09/2008 08:00:00,       133.104693
11/09/2008 09:00:00,       144.005169
11/09/2008 10:00:00,       161.714324
11/09/2008 11:00:00,       155.701795
11/09/2008 12:00:00,       124.609745
11/09/2008 13:00:00,        88.267870
11/09/2008 14:00:00,        95.342159
11/09/2008 15:00:00,        72.883802
11/09/2008 16:00:00,        78.253244
11/09/2008 17:00:00,        36.745854
11/09/2008 18:00:00,        45.183883
11/09/2008 19:00:00,        40.255887
11/09/2008 20:00:00,        82.393608
11/09/2008 21:00:00,        30.911343
11/09/2008 22:00:00,         0.863184
11/09/2008 23:00:00,         1.687900
11/10/2008 00:00:00,        12.400807
11/10/2008 01:00:00,       195.363618
11/10/2008 02:00:00,       231.883653
11/10/2008 03:00:00,       236.911943
11/10/2008 04:00:00,       301.051381
11/10/2008 05:00:00,       308.093844
11/10/2008 06:00:00,       305.193832
11/10/2008 07:00:00,       289.885921
11/10/2008 08:00:00,       221.407536
11/10/2008 09:00:00,       216.968203
11/10/2008 10:00:00,       234.013357
11/10/2008 11:00:00,       252.477378
11/10/2008 12:00:00,       232.107704
11/10/2008 13:00:00,       217.452242
11/10/2008 14:00:00,       184.858611
11/10/2008 15:00:00,       153.849217
11/10/2008 16:00:00,       117.412353
11/10/2008 17:00:00,       106.158312
11/10/2008 18:00:00,       108.082091
11/10/2008 19:00:00,       108.179309
11/10/2008 20:00:00,       107.892599
11/10/2008 21:00:00,       109.392288
11/10/2008 22:00:00,        86.364599
11/10/2008 23:00:00,        71.475152
11/11/2008 00:00:00,        82.233932
11/11/2008 01:00:00,        84.331231
11/11/2008 02:00:00,        92.199852
11/11/2008 03:00:00,       112.129711
11/11/2008 04:00:00,        82.145305
11/11/2008 05:00:00,        51.709857
11/11/2008 06:00:00,        56.462837
11/11/2008 07:00:00,        52.848951
11/11/2008 08:00:00,        27.983346
11/11/2008 09:00:00,        23.757345
11/11/2008 10:00:00,        16.234400
11/11/2008 11:00:00,        25.433169
11/11/2008 12:00:00,        32.173915
11/11/2008 13:00:00,        37.671716
11/11/2008 14:00:00,        50.896368
11/11/2008 15:00:00,        63.232590
11/11/2008 16:00:00,        57.365243
11/11/2008 17:00:00,        73.163415
11/11/2008 18:00:00,        81.585171
11/11/2008 19:00:00,        98.118304
11/11/2008 20:00:00,       122.751701
11/11/2008 21:00:00,       132.705904
11/11/2008 22:00:00,       132.134279
11/11/2008 23:00:00,       122.774278
11/12/2008 00:00:00,       122.453769
11/12/2008 01:00:00,       155.498073
11/12/2008 02:00:00,       143.362928
11/12/2008 03:00:00,       114.837147
11/12/2008 04:00:00,       136.328401
11/12/2008 05:00:00,       106.181962
11/12/2008 06:00:00,        76.901360
11/12/2008 07:00:00,        91.202146
11/12/2008 08:00:00,        82.308089
11/12/2008 09:00:00,       114.598946
11/12/2008 10:00:00,        80.840813
11/12/2008 11:00:00,       100.737790
11/12/2008 12:00:00,        22.116586
11/12/2008 13:00:00,         0.000000
11/12/2008 14:00:00,         0.000000
11/12/2008 15:00:00,         0.000000
11/12/2008 16:00:00,         0.000000
11/12/2008 17:00:00,        42.044953
11/12/2008 18:00:00,        93.124882
11/12/2008 19:00:00,        94.550549
11/12/2008 20:00:00,        81.718339
11/12/2008 21:00:00,        79.419858
11/12/2008 22:00:00,        75.709297
11/12/2008 23:00:00,       109.041187
11/13/2008 00:00:00,       106.914231
11/13/2008 01:00:00,        91.524722
11/13/2008 02:00:00,        92.228701
11/13/2008 03:00:00,        45.136788
11/13/2008 04:00:00,        12.209470
11/13/2008 05:00:00,         4.801767
11/13/2008 06:00:00,         4.158194
11/13/2008 07:00:00,        22.053146
11/13/2008 08:00:00,        50.319187
11/13/2008 09:00:00,        49.052107
11/13/2008 10:00:00,        59.335971
11/13/2008 11:00:00,        52.057969
11/13/2008 12:00:00,        39.253852
11/13/2008 13:00:00,        32.577436
11/13/2008 14:00:00,        24.319642
11/13/2008 15:00:00,        31.960340
11/13/2008 16:00:00,        85.817300
11/13/2008 17:00:00,        78.129288
11/13/2008 18:00:00,        48.311626
11/13/2008 19:00:00,        62.619128
11/13/2008 20:00:00,        54.549108
11/13/2008 21:00:00,        47.447100
11/13/2008 22:00:00,        86.260372
11/13/2008 23:00:00,       167.790508
11/14/2008 00:00:00,       189.219047
11/14/2008 01:00:00,       190.761375
11/14/2008 02:00:00,       256.957492
11/14/2008 03:00:00,       304.060046
11/14/2008 04:00:00,       312.381586
11/14/2008 05:00:00,       319.583841
11/14/2008 06:00:00,       319.983127
11/14/2008 07:00:00,       319.973637
11/14/2008 08:00:00,       319.987619
11/14/2008 09:00:00,       319.975665
11/14/2008 10:00:00,       319.965147
11/14/2008 11:00:00,       319.929239
11/14/2008 12:00:00,       319.779585
11/14/2008 13:00:00,       319.659808
11/14/2008 14:00:00,       319.281185
11/14/2008 15:00:00,       319.402524
11/14/2008 16:00:00,       318.528679
11/14/2008 17:00:00,       315.822248
11/14/2008 18:00:00,       315.140848
11/14/2008 19:00:00,       316.351289
11/14/2008 20:00:00,       318.269763
11/14/2008 21:00:00,       318.724466
11/14/2008 22:00:00,       315.144957
11/14/2008 23:00:00,       316.409491
11/15/2008 00:00:00,       313.573233
11/15/2008 01:00:00,       319.379206
11/15/2008 02:00:00,       318.765603
11/15/2008 03:00:00,       318.918376
11/15/2008 04:00:00,       316.922914
11/15/2008 05:00:00,       311.317301
11/15/2008 06:00:00,       313.196784
11/15/2008 07:00:00,       319.039601
11/15/2008 08:00:00,       317.505594
11/15/2008 09:00:00,       310.216293
11/15/2008 10:00:00,       300.085825
11/15/2008 11:00:00,       292.574508
11/15/2008 12:00:00,       306.399554
11/15/2008 13:00:00,       309.848592
11/15/2008 14:00:00,       283.266129
11/15/2008 15:00:00,       264.756868
11/15/2008 16:00:00,       224.946147
11/15/2008 17:00:00,       139.643629
11/15/2008 18:00:00,        96.566584
11/15/2008 19:00:00,        70.964366
11/15/2008 20:00:00,        63.965253
11/15/2008 21:00:00,        95.987752
11/15/2008 22:00:00,       117.477546
11/15/2008 23:00:00,       118.628354
11/16/2008 00:00:00,       151.574596
11/16/2008 01:00:00,       103.545015
11/16/2008 02:00:00,        90.706858
11/16/2008 03:00:00,       131.680296
11/16/2008 04:00:00,       244.732179
11/16/2008 05:00:00,       304.749968
11/16/2008 06:00:00,       318.131421
11/16/2008 07:00:00,       319.827423
11/16/2008 08:00:00,       319.943138
11/16/2008 09:00:00,       319.475462
11/16/2008 10:00:00,       319.787138
11/16/2008 11:00:00,       319.661970
11/16/2008 12:00:00,       319.955070
11/16/2008 13:00:00,       319.966933
11/16/2008 14:00:00,       319.742920
11/16/2008 15:00:00,       319.784598
11/16/2008 16:00:00,       319.860017
11/16/2008 17:00:00,       319.999328
11/16/2008 18:00:00,       319.990767
11/16/2008 19:00:00,       320.000000
11/16/2008 20:00:00,       319.460663
11/16/2008 21:00:00,       318.926365
11/16/2008 22:00:00,       299.082010
11/16/2008 23:00:00,       258.517033
11/17/2008 00:00:00,       199.733175
11/17/2008 01:00:00,       282.686152
11/17/2008 02:00:00,       319.500280
11/17/2008 03:00:00,       319.961668
11/17/2008 04:00:00,       319.976340
11/17/2008 05:00:00,       319.985909
11/17/2008 06:00:00,       320.000000
11/17/2008 07:00:00,       320.000000
11/17/2008 08:00:00,       320.000000
11/17/2008 09:00:00,       320.000000
11/17/2008 10:00:00,       320.000000
11/17/2008 11:00:00,       320.000000
11/17/2008 12:00:00,       320.000000
11/17/2008 13:00:00,       320.000000
11/17/2008 14:00:00,       319.993859
11/17/2008 15:00:00,       319.961724
11/17/2008 16:00:00,       319.851432
11/17/2008 17:00:00,       319.826347
11/17/2008 18:00:00,       319.619571
11/17/2008 19:00:00,       319.330640
11/17/2008 20:00:00,       318.487998
11/17/2008 21:00:00,       317.011221
11/17/2008 22:00:00,       311.737300
11/17/2008 23:00:00,       294.331345
11/18/2008 00:00:00,       213.567780
11/18/2008 01:00:00,       147.876332
11/18/2008 02:00:00,       127.716520
11/18/2008 03:00:00,        71.885945
11/18/2008 04:00:00,        73.677552
11/18/2008 05:00:00,        61.093874
11/18/2008 06:00:00,        48.455900
11/18/2008 07:00:00,        49.652590
11/18/2008 08:00:00,        43.897930
11/18/2008 09:00:00,        51.101955
11/18/2008 10:00:00,        54.512805
11/18/2008 11:00:00,        56.860743
11/18/2008 12:00:00,        62.413816
11/18/2008 13:00:00,        52.593606
11/18/2008 14:00:00,        46.186823
11/18/2008 15:00:00,        31.785776
11/18/2008 16:00:00,        29.351002
11/18/2008 17:00:00,        25.684486
11/18/2008 18:00:00,        21.116763
11/18/2008 19:00:00,        20.503982
11/18/2008 20:00:00,        27.062386
11/18/2008 21:00:00,        24.476271
11/18/2008 22:00:00,        17.473524
11/18/2008 23:00:00,        20.062691
11/19/2008 00:00:00,        25.322859
11/19/2008 01:00:00,        28.367118
11/19/2008 02:00:00,        77.248177
11/19/2008 03:00:00,        73.526476
11/19/2008 04:00:00,        63.951342
11/19/2008 05:00:00,        55.876925
11/19/2008 06:00:00,        47.749939
11/19/2008 07:00:00,        51.100305
11/19/2008 08:00:00,        43.434570
11/19/2008 09:00:00,        43.723851
11/19/2008 10:00:00,        37.655263
11/19/2008 11:00:00,        26.692361
11/19/2008 12:00:00,        21.188145
11/19/2008 13:00:00,        12.225755
11/19/2008 14:00:00,         8.997238
11/19/2008 15:00:00,        11.231350
11/19/2008 16:00:00,         5.842291
11/19/2008 17:00:00,         3.673589
11/19/2008 18:00:00,         4.389084
11/19/2008 19:00:00,         2.951712
11/19/2008 20:00:00,         3.975981
11/19/2008 21:00:00,         8.193389
11/19/2008 22:00:00,         8.873282
11/19/2008 23:00:00,        16.069029
11/20/2008 00:00:00,        26.513534
11/20/2008 01:00:00,        33.046249
11/20/2008 02:00:00,       163.823225
11/20/2008 03:00:00,       127.672385
11/20/2008 04:00:00,       115.448397
11/20/2008 05:00:00,       115.476700
11/20/2008 06:00:00,       102.801795
11/20/2008 07:00:00,        92.700907
11/20/2008 08:00:00,        84.494377
11/20/2008 09:00:00,        95.153713
11/20/2008 10:00:00,       129.990209
11/20/2008 11:00:00,       177.307719
11/20/2008 12:00:00,       189.100513
11/20/2008 13:00:00,       209.618158
11/20/2008 14:00:00,       216.574635
11/20/2008 15:00:00,       221.438769
11/20/2008 16:00:00,       225.455454
11/20/2008 17:00:00,       234.029948
11/20/2008 18:00:00,       271.074605
11/20/2008 19:00:00,       292.946255
11/20/2008 20:00:00,       294.510051
11/20/2008 21:00:00,       309.253690
11/20/2008 22:00:00,       309.404493
11/20/2008 23:00:00,       310.274793
11/21/2008 00:00:00,       309.175257
11/21/2008 01:00:00,       312.391644
11/21/2008 02:00:00,       316.210245
11/21/2008 03:00:00,       316.320941
11/21/2008 04:00:00,       315.782512
11/21/2008 05:00:00,       316.018662
11/21/2008 06:00:00,       316.153030
11/21/2008 07:00:00,       316.281147
11/21/2008 08:00:00,       315.654562
11/21/2008 09:00:00,       314.157564
11/21/2008 10:00:00,       310.832165
11/21/2008 11:00:00,       309.469666
11/21/2008 12:00:00,       305.763462
11/21/2008 13:00:00,       299.114044
11/21/2008 14:00:00,       300.903033
11/21/2008 15:00:00,       291.126082
11/21/2008 16:00:00,       272.825929
11/21/2008 17:00:00,       267.220928
11/21/2008 18:00:00,       248.326926
11/21/2008 19:00:00,       224.806620
11/21/2008 20:00:00,       200.798587
11/21/2008 21:00:00,       174.783998
11/21/2008 22:00:00,       132.884152
11/21/2008 23:00:00,        99.908662
11/22/2008 00:00:00,        65.684660
11/22/2008 01:00:00,        63.802036
11/22/2008 02:00:00,        66.536242
11/22/2008 03:00:00,        45.861950
11/22/2008 04:00:00,        11.772415
11/22/2008 05:00:00,         2.145844
11/22/2008 06:00:00,         0.000000
11/22/2008 07:00:00,         0.000000
11/22/2008 08:00:00,         0.000000
11/22/2008 09:00:00,         9.848253
11/22/2008 10:00:00,       149.085572
11/22/2008 11:00:00,       319.721058
11/22/2008 12:00:00,       319.942984
11/22/2008 13:00:00,       319.984440
11/22/2008 14:00:00,       319.995636
11/22/2008 15:00:00,       319.998172
11/22/2008 16:00:00,       319.859468
11/22/2008 17:00:00,       312.938403
11/22/2008 18:00:00,       309.525463
11/22/2008 19:00:00,       319.999651
11/22/2008 20:00:00,       320.000000
11/22/2008 21:00:00,       320.000000
11/22/2008 22:00:00,       320.000000
11/22/2008 23:00:00,       320.000000
11/23/2008 00:00:00,       320.000000
11/23/2008 01:00:00,       320.000000
11/23/2008 02:00:00,       320.000000
11/23/2008 03:00:00,       320.000000
11/23/2008 04:00:00,       320.000000
11/23/2008 05:00:00,       320.000000
11/23/2008 06:00:00,       320.000000
11/23/2008 07:00:00,       320.000000
11/23/2008 08:00:00,       320.000000
11/23/2008 09:00:00,       320.000000
11/23/2008 10:00:00,       320.000000
11/23/2008 11:00:00,       320.000000
11/23/2008 12:00:00,       320.000000
11/23/2008 13:00:00,       320.000000
11/23/2008 14:00:00,       320.000000
11/23/2008 15:00:00,       320.000000
11/23/2008 16:00:00,       320.000000
11/23/2008 17:00:00,       320.000000
11/23/2008 18:00:00,       320.000000
11/23/2008 19:00:00,       320.000000
11/23/2008 20:00:00,       320.000000
11/23/2008 21:00:00,       319.999604
11/23/2008 22:00:00,       319.984892
11/23/2008 23:00:00,       319.953882
11/24/2008 00:00:00,       319.931843
11/24/2008 01:00:00,       319.894564
11/24/2008 02:00:00,       319.827394
11/24/2008 03:00:00,       319.830937
11/24/2008 04:00:00,       319.843786
11/24/2008 05:00:00,       319.756746
11/24/2008 06:00:00,       319.564202
11/24/2008 07:00:00,       318.877081
11/24/2008 08:00:00,       317.529706
11/24/2008 09:00:00,       313.341453
11/24/2008 10:00:00,       308.197042
11/24/2008 11:00:00,       297.902712
11/24/2008 12:00:00,       274.462557
11/24/2008 13:00:00,       244.405949
11/24/2008 14:00:00,       209.130847
11/24/2008 15:00:00,       171.766731
11/24/2008 16:00:00,       145.475002
11/24/2008 17:00:00,       102.885068
11/24/2008 18:00:00,        79.924525
11/24/2008 19:00:00,        75.174672
11/24/2008 20:00:00,        68.975320
11/24/2008 21:00:00,        52.598257
11/24/2008 22:00:00,        39.693030
11/24/2008 23:00:00,        46.189941
11/25/2008 00:00:00,        51.810828
11/25/2008 01:00:00,        46.209256
11/25/2008 02:00:00,        26.728293
11/25/2008 03:00:00,        15.301934
11/25/2008 04:00:00,        15.766800
11/25/2008 05:00:00,        39.230703
11/25/2008 06:00:00,        87.551621
11/25/2008 07:00:00,       140.217260
11/25/2008 08:00:00,       223.229412
11/25/2008 09:00:00,       271.373612
11/25/2008 10:00:00,       306.778373
11/25/2008 11:00:00,       319.283872
11/25/2008 12:00:00,       319.488781
11/25/2008 13:00:00,       318.090223
11/25/2008 14:00:00,       319.683632
11/25/2008 15:00:00,       319.196314
11/25/2008 16:00:00,       293.455861
11/25/2008 17:00:00,       196.744726
11/25/2008 18:00:00,        62.881717
11/25/2008 19:00:00,        48.439288
11/25/2008 20:00:00,        72.938919
11/25/2008 21:00:00,        76.343014
11/25/2008 22:00:00,        92.101266
11/25/2008 23:00:00,       132.995100
11/26/2008 00:00:00,       185.905413
11/26/2008 01:00:00,       208.912318
11/26/2008 02:00:00,       218.127289
11/26/2008 03:00:00,       250.365695
11/26/2008 04:00:00,       237.533802
11/26/2008 05:00:00,       218.334120
11/26/2008 06:00:00,       215.543990
11/26/2008 07:00:00,       169.699149
11/26/2008 08:00:00,       189.675503
11/26/2008 09:00:00,       181.637386
11/26/2008 10:00:00,       179.017634
11/26/2008 11:00:00,       268.578530
11/26/2008 12:00:00,       265.803342
11/26/2008 13:00:00,       295.027772
11/26/2008 14:00:00,       315.068311
11/26/2008 15:00:00,       307.630651
11/26/2008 16:00:00,       312.415946
11/26/2008 17:00:00,       304.137746
11/26/2008 18:00:00,       299.114763
11/26/2008 19:00:00,       316.725753
11/26/2008 20:00:00,       303.997436
11/26/2008 21:00:00,       278.807622
11/26/2008 22:00:00,       260.151254
11/26/2008 23:00:00,       235.834325
11/27/2008 00:00:00,       215.032290
11/27/2008 01:00:00,       195.588026
11/27/2008 02:00:00,       199.515404
11/27/2008 03:00:00,       165.181868
11/27/2008 04:00:00,       123.382968
11/27/2008 05:00:00,       111.210870
11/27/2008 06:00:00,        91.330654
11/27/2008 07:00:00,        43.346137
11/27/2008 08:00:00,        18.324581
11/27/2008 09:00:00,        22.123348
11/27/2008 10:00:00,        31.094297
11/27/2008 11:00:00,        61.367102
11/27/2008 12:00:00,        92.415763
11/27/2008 13:00:00,       146.619443
11/27/2008 14:00:00,       162.424731
11/27/2008 15:00:00,       179.801321
11/27/2008 16:00:00,       161.933561
11/27/2008 17:00:00,       102.913012
11/27/2008 18:00:00,        70.626171
11/27/2008 19:00:00,        28.517141
11/27/2008 20:00:00,        16.236104
11/27/2008 21:00:00,        23.355360
11/27/2008 22:00:00,        38.412270
11/27/2008 23:00:00,        60.127414
11/28/2008 00:00:00,        76.798987
11/28/2008 01:00:00,        92.055973
11/28/2008 02:00:00,       182.791579
11/28/2008 03:00:00,       277.181247
11/28/2008 04:00:00,       252.913584
11/28/2008 05:00:00,       188.054373
11/28/2008 06:00:00,       162.408892
11/28/2008 07:00:00,       202.745253
11/28/2008 08:00:00,       135.592392
11/28/2008 09:00:00,       197.157771
11/28/2008 10:00:00,       174.996182
11/28/2008 11:00:00,       186.866406
11/28/2008 12:00:00,       218.392980
11/28/2008 13:00:00,       219.177698
11/28/2008 14:00:00,       259.368558
11/28/2008 15:00:00,       277.570610
11/28/2008 16:00:00,       293.995952
11/28/2008 17:00:00,       269.914663
11/28/2008 18:00:00,       235.529860
11/28/2008 19:00:00,       227.391416
11/28/2008 20:00:00,       195.312472
11/28/2008 21:00:00,       200.427918
11/28/2008 22:00:00,       230.945540
11/28/2008 23:00:00,       264.541742
11/29/2008 00:00:00,       226.765693
11/29/2008 01:00:00,       280.640638
11/29/2008 02:00:00,       292.575686
11/29/2008 03:00:00,       261.770627
11/29/2008 04:00:00,       264.990332
11/29/2008 05:00:00,       250.687876
11/29/2008 06:00:00,       221.701525
11/29/2008 07:00:00,       212.320385
11/29/2008 08:00:00,       151.105103
11/29/2008 09:00:00,       115.028699
11/29/2008 10:00:00,        70.451811
11/29/2008 11:00:00,        25.514445
11/29/2008 12:00:00,         1.751696
11/29/2008 13:00:00,         1.652422
11/29/2008 14:00:00,         5.425868
11/29/2008 15:00:00,         0.000000
11/29/2008 16:00:00,         0.000000
11/29/2008 17:00:00,         0.000000
11/29/2008 18:00:00,         0.000000
11/29/2008 19:00:00,         0.000000
11/29/2008 20:00:00,         0.000000
11/29/2008 21:00:00,         4.576567
11/29/2008 22:00:00,         0.000000
11/29/2008 23:00:00,         0.000000
11/30/2008 00:00:00,        96.047402
11/30/2008 01:00:00,        32.069991
11/30/2008 02:00:00,        16.195105
11/30/2008 03:00:00,        41.946588
11/30/2008 04:00:00,        86.036465
11/30/2008 05:00:00,        55.316949
11/30/2008 06:00:00,       125.900278
11/30/2008 07:00:00,       144.495188
11/30/2008 08:00:00,       167.165259
11/30/2008 09:00:00,       209.629956
11/30/2008 10:00:00,       242.385283
11/30/2008 11:00:00,       245.083382
11/30/2008 12:00:00,       232.903925
11/30/2008 13:00:00,       161.781914
11/30/2008 14:00:00,        73.570151
11/30/2008 15:00:00,        20.601056
11/30/2008 16:00:00,       127.711193
11/30/2008 17:00:00,       113.435740
11/30/2008 18:00:00,       106.737980
11/30/2008 19:00:00,       131.121134
11/30/2008 20:00:00,       139.637277
11/30/2008 21:00:00,        97.373141
11/30/2008 22:00:00,        71.970566
11/30/2008 23:00:00,        59.041444
12/01/2008 00:00:00,        57.790005
12/01/2008 01:00:00,        51.139011
12/01/2008 02:00:00,       126.131124
12/01/2008 03:00:00,       112.413633
12/01/2008 04:00:00,       124.050000
12/01/2008 05:00:00,        93.748074
12/01/2008 06:00:00,        77.792835
12/01/2008 07:00:00,        65.482557
12/01/2008 08:00:00,        94.523619
12/01/2008 09:00:00,        73.244695
12/01/2008 10:00:00,        19.846607
12/01/2008 11:00:00,        22.614014
12/01/2008 12:00:00,       126.349674
12/01/2008 13:00:00,       119.410859
12/01/2008 14:00:00,       311.350214
12/01/2008 15:00:00,       225.964437
12/01/2008 16:00:00,       285.940325
12/01/2008 17:00:00,       318.478876
12/01/2008 18:00:00,       315.118266
12/01/2008 19:00:00,       317.901025
12/01/2008 20:00:00,       318.834219
12/01/2008 21:00:00,       319.422867
12/01/2008 22:00:00,       319.569709
12/01/2008 23:00:00,       319.428488
12/02/2008 00:00:00,       319.096057
12/02/2008 01:00:00,       319.594239
12/02/2008 02:00:00,       319.638079
12/02/2008 03:00:00,       319.622950
12/02/2008 04:00:00,       318.276134
12/02/2008 05:00:00,       311.621137
12/02/2008 06:00:00,       277.634990
12/02/2008 07:00:00,       286.918377
12/02/2008 08:00:00,       316.764932
12/02/2008 09:00:00,       319.640686
12/02/2008 10:00:00,       318.627078
12/02/2008 11:00:00,       313.044986
12/02/2008 12:00:00,       313.602290
12/02/2008 13:00:00,       233.552264
12/02/2008 14:00:00,       146.487195
12/02/2008 15:00:00,       104.808194
12/02/2008 16:00:00,        32.609950
12/02/2008 17:00:00,         0.000000
12/02/2008 18:00:00,         0.000000
12/02/2008 19:00:00,         0.000000
12/02/2008 20:00:00,         0.000000
12/02/2008 21:00:00,         0.000000
12/02/2008 22:00:00,         0.000000
12/02/2008 23:00:00,        62.236592
12/03/2008 00:00:00,        89.101001
12/03/2008 01:00:00,         8.687665
12/03/2008 02:00:00,       113.225615
12/03/2008 03:00:00,       208.227565
12/03/2008 04:00:00,       175.709728
12/03/2008 05:00:00,        65.341896
12/03/2008 06:00:00,        30.259196
12/03/2008 07:00:00,        43.431828
12/03/2008 08:00:00,        97.758067
12/03/2008 09:00:00,        84.357096
12/03/2008 10:00:00,        82.890202
12/03/2008 11:00:00,       125.933208
12/03/2008 12:00:00,       179.086121
12/03/2008 13:00:00,       206.768012
12/03/2008 14:00:00,       231.310777
12/03/2008 15:00:00,       256.425204
12/03/2008 16:00:00,       266.736243
12/03/2008 17:00:00,       277.889435
12/03/2008 18:00:00,       251.382656
12/03/2008 19:00:00,       247.167445
12/03/2008 20:00:00,       266.272423
12/03/2008 21:00:00,       250.029150
12/03/2008 22:00:00,       271.258566
12/03/2008 23:00:00,       289.471902
12/04/2008 00:00:00,       306.115548
12/04/2008 01:00:00,       310.795077
12/04/2008 02:00:00,       312.701644
12/04/2008 03:00:00,       307.686058
12/04/2008 04:00:00,       298.178466
12/04/2008 05:00:00,       290.508569
12/04/2008 06:00:00,       280.420587
12/04/2008 07:00:00,       288.793665
12/04/2008 08:00:00,       298.943643
12/04/2008 09:00:00,       289.201504
12/04/2008 10:00:00,       285.909292
12/04/2008 11:00:00,       280.434725
12/04/2008 12:00:00,       308.459496
12/04/2008 13:00:00,       312.738520
12/04/2008 14:00:00,       288.731544
12/04/2008 15:00:00,       312.501862
12/04/2008 16:00:00,       189.957307
12/04/2008 17:00:00,         0.000000
12/04/2008 18:00:00,         0.000000
12/04/2008 19:00:00,         0.000000
12/04/2008 20:00:00,         0.000000
12/04/2008 21:00:00,         0.000000
12/04/2008 22:00:00,         0.000000
12/04/2008 23:00:00,         0.000000
12/05/2008 00:00:00,         0.000000
12/05/2008 01:00:00,         0.000000
12/05/2008 02:00:00,         0.000000
12/05/2008 03:00:00,         0.000000
12/05/2008 04:00:00,         0.000000
12/05/2008 05:00:00,         0.000000
12/05/2008 06:00:00,         0.000000
12/05/2008 07:00:00,       156.886603
12/05/2008 08:00:00,       195.561484
12/05/2008 09:00:00,       226.504203
12/05/2008 10:00:00,       238.967041
12/05/2008 11:00:00,       240.141293
12/05/2008 12:00:00,       149.846057
12/05/2008 13:00:00,       245.486642
12/05/2008 14:00:00,       256.369980
12/05/2008 15:00:00,       145.653991
12/05/2008 16:00:00,        95.595370
12/05/2008 17:00:00,       108.974236
12/05/2008 18:00:00,        93.306536
12/05/2008 19:00:00,        91.646363
12/05/2008 20:00:00,       138.756428
12/05/2008 21:00:00,       180.278979
12/05/2008 22:00:00,       198.460179
12/05/2008 23:00:00,       202.880456
12/06/2008 00:00:00,       207.073558
12/06/2008 01:00:00,       175.042806
12/06/2008 02:00:00,       193.610983
12/06/2008 03:00:00,       302.225965
12/06/2008 04:00:00,       239.187949
12/06/2008 05:00:00,       180.539694
12/06/2008 06:00:00,       148.803316
12/06/2008 07:00:00,       143.721452
12/06/2008 08:00:00,       154.516463
12/06/2008 09:00:00,       199.138791
12/06/2008 10:00:00,       206.984504
12/06/2008 11:00:00,       294.689957
12/06/2008 12:00:00,       293.979014
12/06/2008 13:00:00,       314.926508
12/06/2008 14:00:00,       316.878202
12/06/2008 15:00:00,       316.128377
12/06/2008 16:00:00,       317.281288
12/06/2008 17:00:00,       318.666306
12/06/2008 18:00:00,       318.608209
12/06/2008 19:00:00,       316.600016
12/06/2008 20:00:00,       316.156919
12/06/2008 21:00:00,       316.958994
12/06/2008 22:00:00,       317.214705
12/06/2008 23:00:00,       315.761216
12/07/2008 00:00:00,       314.686207
12/07/2008 01:00:00,       314.138303
12/07/2008 02:00:00,       315.231687
12/07/2008 03:00:00,       312.587145
12/07/2008 04:00:00,       301.710138
12/07/2008 05:00:00,       234.066098
12/07/2008 06:00:00,       151.439687
12/07/2008 07:00:00,       146.615973
12/07/2008 08:00:00,       150.663595
12/07/2008 09:00:00,        16.787272
12/07/2008 10:00:00,         3.151265
12/07/2008 11:00:00,         0.716505
12/07/2008 12:00:00,         0.562169
12/07/2008 13:00:00,         5.745253
12/07/2008 14:00:00,        26.367519
12/07/2008 15:00:00,        50.023015
12/07/2008 16:00:00,       165.210297
12/07/2008 17:00:00,       236.361191
12/07/2008 18:00:00,       298.424523
12/07/2008 19:00:00,       317.615923
12/07/2008 20:00:00,       223.064296
12/07/2008 21:00:00,        15.994647
12/07/2008 22:00:00,         0.000000
12/07/2008 23:00:00,         0.000000
12/08/2008 00:00:00,         0.000000
12/08/2008 01:00:00,         0.000000
12/08/2008 02:00:00,         0.000000
12/08/2008 03:00:00,         0.000000
12/08/2008 04:00:00,         0.000000
12/08/2008 05:00:00,         0.000000
12/08/2008 06:00:00,         0.000000
12/08/2008 07:00:00,         0.000000
12/08/2008 08:00:00,         0.000000
12/08/2008 09:00:00,         0.000000
12/08/2008 10:00:00,         0.000000
12/08/2008 11:00:00,         0.000000
12/08/2008 12:00:00,        31.988111
12/08/2008 13:00:00,       319.868440
12/08/2008 14:00:00,       319.584542
12/08/2008 15:00:00,       319.579112
12/08/2008 16:00:00,       300.704868
12/08/2008 17:00:00,       265.754025
12/08/2008 18:00:00,       276.031209
12/08/2008 19:00:00,       303.117720
12/08/2008 20:00:00,       242.092838
12/08/2008 21:00:00,       259.086555
12/08/2008 22:00:00,       305.764395
12/08/2008 23:00:00,       269.303782
12/09/2008 00:00:00,       252.943217
12/09/2008 01:00:00,       293.528750
12/09/2008 02:00:00,       305.011992
12/09/2008 03:00:00,       286.451333
12/09/2008 04:00:00,       213.673275
12/09/2008 05:00:00,       114.133919
12/09/2008 06:00:00,        72.102625
12/09/2008 07:00:00,        84.619200
12/09/2008 08:00:00,       132.454258
12/09/2008 09:00:00,       184.667388
12/09/2008 10:00:00,       203.062985
12/09/2008 11:00:00,       214.560094
12/09/2008 12:00:00,       211.777631
12/09/2008 13:00:00,       187.941964
12/09/2008 14:00:00,       153.444233
12/09/2008 15:00:00,       102.075945
12/09/2008 16:00:00,        71.534262
12/09/2008 17:00:00,        53.630955
12/09/2008 18:00:00,        34.651994
12/09/2008 19:00:00,        15.415004
12/09/2008 20:00:00,         5.862580
12/09/2008 21:00:00,         1.322214
12/09/2008 22:00:00,         6.128702
12/09/2008 23:00:00,        23.557895
12/10/2008 00:00:00,        46.120991
12/10/2008 01:00:00,        72.511702
12/10/2008 02:00:00,        91.437230
12/10/2008 03:00:00,       109.998775
12/10/2008 04:00:00,        78.171772
12/10/2008 05:00:00,        43.608184
12/10/2008 06:00:00,       165.878581
12/10/2008 07:00:00,       135.020284
12/10/2008 08:00:00,        58.834456
12/10/2008 09:00:00,        45.079207
12/10/2008 10:00:00,        42.458105
12/10/2008 11:00:00,        76.461406
12/10/2008 12:00:00,       146.069971
12/10/2008 13:00:00,        96.439225
12/10/2008 14:00:00,        66.502608
12/10/2008 15:00:00,        52.919600
12/10/2008 16:00:00,         0.000000
12/10/2008 17:00:00,         0.000000
12/10/2008 18:00:00,         0.000000
12/10/2008 19:00:00,         0.000000
12/10/2008 20:00:00,         0.000000
12/10/2008 21:00:00,         0.000000
12/10/2008 22:00:00,         0.000000
12/10/2008 23:00:00,         0.000000
12/11/2008 00:00:00,         0.000000
12/11/2008 01:00:00,         0.000000
12/11/2008 02:00:00,         0.000000
12/11/2008 03:00:00,         0.400498
12/11/2008 04:00:00,        10.605308
12/11/2008 05:00:00,         4.414913
12/11/2008 06:00:00,         0.577547
12/11/2008 07:00:00,         0.002181
12/11/2008 08:00:00,         0.000000
12/11/2008 09:00:00,         0.000000
12/11/2008 10:00:00,         0.000000
12/11/2008 11:00:00,         0.152637
12/11/2008 12:00:00,         7.471876
12/11/2008 13:00:00,        91.342102
12/11/2008 14:00:00,       204.152435
12/11/2008 15:00:00,       290.629317
12/11/2008 16:00:00,       303.115798
12/11/2008 17:00:00,       283.358530
12/11/2008 18:00:00,       228.131773
12/11/2008 19:00:00,       214.921543
12/11/2008 20:00:00,       228.704949
12/11/2008 21:00:00,       249.073184
12/11/2008 22:00:00,       263.545495
12/11/2008 23:00:00,       288.498152
12/12/2008 00:00:00,       287.873941
12/12/2008 01:00:00,       260.519368
12/12/2008 02:00:00,       212.882490
12/12/2008 03:00:00,       158.654081
12/12/2008 04:00:00,       131.639019
12/12/2008 05:00:00,        72.762470
12/12/2008 06:00:00,        96.433175
12/12/2008 07:00:00,       124.812148
12/12/2008 08:00:00,       232.420170
12/12/2008 09:00:00,       283.916294
12/12/2008 10:00:00,       237.978878
12/12/2008 11:00:00,        71.778699
12/12/2008 12:00:00,        29.717084
12/12/2008 13:00:00,         7.595130
12/12/2008 14:00:00,       212.443867
12/12/2008 15:00:00,       124.659818
12/12/2008 16:00:00,       204.875474
12/12/2008 17:00:00,       191.196849
12/12/2008 18:00:00,         0.000000
12/12/2008 19:00:00,         0.000000
12/12/2008 20:00:00,         0.000000
12/12/2008 21:00:00,         0.000000
12/12/2008 22:00:00,         0.000000
12/12/2008 23:00:00,         0.000000
12/13/2008 00:00:00,         0.000000
12/13/2008 01:00:00,         0.000000
12/13/2008 02:00:00,         0.000000
12/13/2008 03:00:00,         0.000000
12/13/2008 04:00:00,         0.000000
12/13/2008 05:00:00,         0.000000
12/13/2008 06:00:00,         0.000000
12/13/2008 07:00:00,         0.000000
12/13/2008 08:00:00,         0.000000
12/13/2008 09:00:00,         0.000000
12/13/2008 10:00:00,         0.000000
12/13/2008 11:00:00,        56.593370
12/13/2008 12:00:00,       125.766201
12/13/2008 13:00:00,       120.182622
12/13/2008 14:00:00,        99.595677
12/13/2008 15:00:00,        73.380457
12/13/2008 16:00:00,        53.822858
12/13/2008 17:00:00,        49.753048
12/13/2008 18:00:00,        48.682272
12/13/2008 19:00:00,        60.564853
12/13/2008 20:00:00,       127.207718
12/13/2008 21:00:00,       130.779027
12/13/2008 22:00:00,       141.655488
12/13/2008 23:00:00,       145.489276
12/14/2008 00:00:00,       156.677701
12/14/2008 01:00:00,       111.178994
12/14/2008 02:00:00,       114.563162
12/14/2008 03:00:00,       220.561385
12/14/2008 04:00:00,       300.453929
12/14/2008 05:00:00,       309.858771
12/14/2008 06:00:00,       306.117703
12/14/2008 07:00:00,       298.959682
12/14/2008 08:00:00,       293.463963
12/14/2008 09:00:00,       289.687022
12/14/2008 10:00:00,       284.870366
12/14/2008 11:00:00,       275.333222
12/14/2008 12:00:00,       244.483183
12/14/2008 13:00:00,       247.745765
12/14/2008 14:00:00,       230.908600
12/14/2008 15:00:00,       198.351382
12/14/2008 16:00:00,       186.486204
12/14/2008 17:00:00,       169.184669
12/14/2008 18:00:00,       126.361954
12/14/2008 19:00:00,       102.401291
12/14/2008 20:00:00,        86.334758
12/14/2008 21:00:00,       102.004957
12/14/2008 22:00:00,       167.263089
12/14/2008 23:00:00,       212.017524
12/15/2008 00:00:00,       283.429197
12/15/2008 01:00:00,       310.300834
12/15/2008 02:00:00,       318.693595
12/15/2008 03:00:00,       319.810590
12/15/2008 04:00:00,       319.899682
12/15/2008 05:00:00,       319.876126
12/15/2008 06:00:00,       319.784982
12/15/2008 07:00:00,       277.208213
12/15/2008 08:00:00,       319.599430
12/15/2008 09:00:00,       315.148682
12/15/2008 10:00:00,       319.996161
12/15/2008 11:00:00,       319.971392
12/15/2008 12:00:00,       320.000000
12/15/2008 13:00:00,       320.000000
12/15/2008 14:00:00,       320.000000
12/15/2008 15:00:00,       320.000000
12/15/2008 16:00:00,       320.000000
12/15/2008 17:00:00,       320.000000
12/15/2008 18:00:00,       320.000000
12/15/2008 19:00:00,       320.000000
12/15/2008 20:00:00,       288.000000
12/15/2008 21:00:00,       128.000000
12/15/2008 22:00:00,         0.000000
12/15/2008 23:00:00,         0.000000
12/16/2008 00:00:00,         0.000000
12/16/2008 01:00:00,         0.000000
12/16/2008 02:00:00,         0.000000
12/16/2008 03:00:00,         0.000000
12/16/2008 04:00:00,         0.000000
12/16/2008 05:00:00,         0.000000
12/16/2008 06:00:00,         0.000000
12/16/2008 07:00:00,         0.000000
12/16/2008 08:00:00,         0.000000
12/16/2008 09:00:00,         0.000000
12/16/2008 10:00:00,         0.000000
12/16/2008 11:00:00,         0.000000
12/16/2008 12:00:00,       254.864847
12/16/2008 13:00:00,       316.772467
12/16/2008 14:00:00,       317.028247
12/16/2008 15:00:00,       312.846297
12/16/2008 16:00:00,       293.106329
12/16/2008 17:00:00,       258.055575
12/16/2008 18:00:00,       208.397058
12/16/2008 19:00:00,       194.715677
12/16/2008 20:00:00,       147.574972
12/16/2008 21:00:00,        83.771394
12/16/2008 22:00:00,        38.040187
12/16/2008 23:00:00,        16.091452
12/17/2008 00:00:00,         3.210116
12/17/2008 01:00:00,         1.800159
12/17/2008 02:00:00,         8.987741
12/17/2008 03:00:00,        20.961760
12/17/2008 04:00:00,        35.909685
12/17/2008 05:00:00,        37.549448
12/17/2008 06:00:00,        44.884439
12/17/2008 07:00:00,        55.036124
12/17/2008 08:00:00,        64.949355
12/17/2008 09:00:00,        58.222847
12/17/2008 10:00:00,        42.943150
12/17/2008 11:00:00,        44.699492
12/17/2008 12:00:00,        47.415198
12/17/2008 13:00:00,        65.449654
12/17/2008 14:00:00,        52.417291
12/17/2008 15:00:00,        47.298714
12/17/2008 16:00:00,        31.500649
12/17/2008 17:00:00,        13.485306
12/17/2008 18:00:00,         9.849532
12/17/2008 19:00:00,         9.275098
12/17/2008 20:00:00,        57.995617
12/17/2008 21:00:00,        59.520893
12/17/2008 22:00:00,       101.870876
12/17/2008 23:00:00,       276.125857
12/18/2008 00:00:00,       213.584677
12/18/2008 01:00:00,       287.432306
12/18/2008 02:00:00,       242.383945
12/18/2008 03:00:00,       205.086421
12/18/2008 04:00:00,       221.607406
12/18/2008 05:00:00,       247.337774
12/18/2008 06:00:00,       305.867455
12/18/2008 07:00:00,       315.295300
12/18/2008 08:00:00,       315.421721
12/18/2008 09:00:00,       318.124356
12/18/2008 10:00:00,       319.939527
12/18/2008 11:00:00,       319.848815
12/18/2008 12:00:00,       319.969790
12/18/2008 13:00:00,         0.000000
12/18/2008 14:00:00,         0.000000
12/18/2008 15:00:00,         0.000000
12/18/2008 16:00:00,         0.000000
12/18/2008 17:00:00,         0.000000
12/18/2008 18:00:00,         0.000000
12/18/2008 19:00:00,         0.000000
12/18/2008 20:00:00,         0.000000
12/18/2008 21:00:00,         0.000000
12/18/2008 22:00:00,         0.000000
12/18/2008 23:00:00,         0.000000
12/19/2008 00:00:00,         0.000000
12/19/2008 01:00:00,         0.000000
12/19/2008 02:00:00,         0.000000
12/19/2008 03:00:00,        28.291829
12/19/2008 04:00:00,        58.864888
12/19/2008 05:00:00,        81.998045
12/19/2008 06:00:00,       150.769672
12/19/2008 07:00:00,       131.120211
12/19/2008 08:00:00,       126.784023
12/19/2008 09:00:00,       123.123055
12/19/2008 10:00:00,        86.758014
12/19/2008 11:00:00,        64.497645
12/19/2008 12:00:00,        53.354042
12/19/2008 13:00:00,        52.606048
12/19/2008 14:00:00,        45.126110
12/19/2008 15:00:00,        41.129791
12/19/2008 16:00:00,        44.131390
12/19/2008 17:00:00,        55.591635
12/19/2008 18:00:00,        69.066781
12/19/2008 19:00:00,        93.869241
12/19/2008 20:00:00,       128.733757
12/19/2008 21:00:00,       138.163182
12/19/2008 22:00:00,       140.881522
12/19/2008 23:00:00,       126.535364
12/20/2008 00:00:00,        88.572096
12/20/2008 01:00:00,        60.109677
12/20/2008 02:00:00,        34.780395
12/20/2008 03:00:00,        22.712952
12/20/2008 04:00:00,        15.733077
12/20/2008 05:00:00,        12.228463
12/20/2008 06:00:00,         9.935690
12/20/2008 07:00:00,         5.489235
12/20/2008 08:00:00,         2.162549
12/20/2008 09:00:00,         1.632955
12/20/2008 10:00:00,         1.582233
12/20/2008 11:00:00,         2.974001
12/20/2008 12:00:00,         2.228850
12/20/2008 13:00:00,         2.876102
12/20/2008 14:00:00,         1.980065
12/20/2008 15:00:00,         0.380206
12/20/2008 16:00:00,         0.050986
12/20/2008 17:00:00,         0.046137
12/20/2008 18:00:00,         0.344433
12/20/2008 19:00:00,         0.592946
12/20/2008 20:00:00,         1.106599
12/20/2008 21:00:00,         3.528356
12/20/2008 22:00:00,         7.248992
12/20/2008 23:00:00,         7.209935
12/21/2008 00:00:00,         4.767458
12/21/2008 01:00:00,         5.594652
12/21/2008 02:00:00,        11.752685
12/21/2008 03:00:00,         8.499097
12/21/2008 04:00:00,        24.173143
12/21/2008 05:00:00,       121.372882
12/21/2008 06:00:00,       106.931689
12/21/2008 07:00:00,        50.922517
12/21/2008 08:00:00,        36.368315
12/21/2008 09:00:00,        20.145173
12/21/2008 10:00:00,        23.379828
12/21/2008 11:00:00,        41.563080
12/21/2008 12:00:00,        65.218547
12/21/2008 13:00:00,       119.921535
12/21/2008 14:00:00,       153.589282
12/21/2008 15:00:00,       142.075831
12/21/2008 16:00:00,       174.687386
12/21/2008 17:00:00,       265.482798
12/21/2008 18:00:00,       306.717877
12/21/2008 19:00:00,       314.466006
12/21/2008 20:00:00,       308.011483
12/21/2008 21:00:00,       226.468995
12/21/2008 22:00:00,       307.878151
12/21/2008 23:00:00,       319.907781
12/22/2008 00:00:00,       303.239922
12/22/2008 01:00:00,       320.000000
12/22/2008 02:00:00,       320.000000
12/22/2008 03:00:00,       320.000000
12/22/2008 04:00:00,       319.997201
12/22/2008 05:00:00,       313.729474
12/22/2008 06:00:00,       240.517632
12/22/2008 07:00:00,       283.933988
12/22/2008 08:00:00,       278.501949
12/22/2008 09:00:00,       312.804948
12/22/2008 10:00:00,       307.890306
12/22/2008 11:00:00,       312.517666
12/22/2008 12:00:00,       253.210928
12/22/2008 13:00:00,         0.000000
12/22/2008 14:00:00,       123.685260
12/22/2008 15:00:00,        54.035478
12/22/2008 16:00:00,        29.425659
12/22/2008 17:00:00,       108.868549
12/22/2008 18:00:00,       190.679600
12/22/2008 19:00:00,       287.324012
12/22/2008 20:00:00,       191.755169
12/22/2008 21:00:00,       111.849619
12/22/2008 22:00:00,       191.549175
12/22/2008 23:00:00,        63.910172
12/23/2008 00:00:00,       167.845856
12/23/2008 01:00:00,       166.517113
12/23/2008 02:00:00,         0.000000
12/23/2008 03:00:00,         0.000000
12/23/2008 04:00:00,         0.000000
12/23/2008 05:00:00,        73.357957
12/23/2008 06:00:00,       293.732198
12/23/2008 07:00:00,       293.287816
12/23/2008 08:00:00,       277.896338
12/23/2008 09:00:00,       245.991762
12/23/2008 10:00:00,       203.529509
12/23/2008 11:00:00,       152.132858
12/23/2008 12:00:00,       140.010677
12/23/2008 13:00:00,       105.333749
12/23/2008 14:00:00,       113.464735
12/23/2008 15:00:00,       122.812539
12/23/2008 16:00:00,       152.024541
12/23/2008 17:00:00,       143.800811
12/23/2008 18:00:00,       159.615441
12/23/2008 19:00:00,       156.379324
12/23/2008 20:00:00,       262.158154
12/23/2008 21:00:00,       289.794403
12/23/2008 22:00:00,       308.921414
12/23/2008 23:00:00,       313.554598
12/24/2008 00:00:00,       310.708323
12/24/2008 01:00:00,       302.596848
12/24/2008 02:00:00,       296.013560
12/24/2008 03:00:00,       277.881507
12/24/2008 04:00:00,       239.408734
12/24/2008 05:00:00,       172.389132
12/24/2008 06:00:00,       113.367208
12/24/2008 07:00:00,        89.221183
12/24/2008 08:00:00,        93.038939
12/24/2008 09:00:00,       107.008077
12/24/2008 10:00:00,       124.760835
12/24/2008 11:00:00,       157.242096
12/24/2008 12:00:00,       155.356242
12/24/2008 13:00:00,       134.720199
12/24/2008 14:00:00,       180.279274
12/24/2008 15:00:00,       248.534335
12/24/2008 16:00:00,       289.201077
12/24/2008 17:00:00,       314.472602
12/24/2008 18:00:00,       317.710848
12/24/2008 19:00:00,       290.649520
12/24/2008 20:00:00,       140.967709
12/24/2008 21:00:00,       135.066331
12/24/2008 22:00:00,       168.952998
12/24/2008 23:00:00,        82.730262
12/25/2008 00:00:00,       293.921824
12/25/2008 01:00:00,       319.968207
12/25/2008 02:00:00,       214.454895
12/25/2008 03:00:00,         0.000000
12/25/2008 04:00:00,         0.000000
12/25/2008 05:00:00,         0.000000
12/25/2008 06:00:00,         0.000000
12/25/2008 07:00:00,         0.000000
12/25/2008 08:00:00,         0.000000
12/25/2008 09:00:00,         0.000000
12/25/2008 10:00:00,         0.000000
12/25/2008 11:00:00,         0.000000
12/25/2008 12:00:00,         0.000000
12/25/2008 13:00:00,         0.000000
12/25/2008 14:00:00,         0.000000
12/25/2008 15:00:00,         0.000000
12/25/2008 16:00:00,         0.000000
12/25/2008 17:00:00,         0.000000
12/25/2008 18:00:00,         0.000000
12/25/2008 19:00:00,         0.000000
12/25/2008 20:00:00,         0.000000
12/25/2008 21:00:00,         0.000000
12/25/2008 22:00:00,         0.000000
12/25/2008 23:00:00,         0.000000
12/26/2008 00:00:00,         0.000000
12/26/2008 01:00:00,         0.000000
12/26/2008 02:00:00,         0.000000
12/26/2008 03:00:00,         0.000000
12/26/2008 04:00:00,        32.069168
12/26/2008 05:00:00,        50.452775
12/26/2008 06:00:00,        53.653321
12/26/2008 07:00:00,        76.048667
12/26/2008 08:00:00,        61.046394
12/26/2008 09:00:00,        32.203901
12/26/2008 10:00:00,        24.355038
12/26/2008 11:00:00,        29.837873
12/26/2008 12:00:00,        27.046736
12/26/2008 13:00:00,        20.473330
12/26/2008 14:00:00,        14.634043
12/26/2008 15:00:00,        20.196126
12/26/2008 16:00:00,        41.323945
12/26/2008 17:00:00,        59.148338
12/26/2008 18:00:00,        60.680844
12/26/2008 19:00:00,       102.883527
12/26/2008 20:00:00,       230.315017
12/26/2008 21:00:00,       254.558731
12/26/2008 22:00:00,       260.680592
12/26/2008 23:00:00,       285.874068
12/27/2008 00:00:00,       309.101777
12/27/2008 01:00:00,       312.524773
12/27/2008 02:00:00,       315.869180
12/27/2008 03:00:00,       317.612310
12/27/2008 04:00:00,       317.101294
12/27/2008 05:00:00,       315.263470
12/27/2008 06:00:00,       311.053341
12/27/2008 07:00:00,       301.699743
12/27/2008 08:00:00,       291.316504
12/27/2008 09:00:00,       307.685097
12/27/2008 10:00:00,       318.732795
12/27/2008 11:00:00,       319.886893
12/27/2008 12:00:00,       319.974161
12/27/2008 13:00:00,       319.989849
12/27/2008 14:00:00,       319.930947
12/27/2008 15:00:00,       320.000000
12/27/2008 16:00:00,       320.000000
12/27/2008 17:00:00,       320.000000
12/27/2008 18:00:00,       320.000000
12/27/2008 19:00:00,       320.000000
12/27/2008 20:00:00,       319.998672
12/27/2008 21:00:00,       319.996526
12/27/2008 22:00:00,       319.999346
12/27/2008 23:00:00,       300.449277
12/28/2008 00:00:00,       123.123835
12/28/2008 01:00:00,       171.504155
12/28/2008 02:00:00,       224.477019
12/28/2008 03:00:00,       239.641965
12/28/2008 04:00:00,       260.509255
12/28/2008 05:00:00,       243.274033
12/28/2008 06:00:00,       243.446819
12/28/2008 07:00:00,       267.524094
12/28/2008 08:00:00,       276.924760
12/28/2008 09:00:00,       307.067591
12/28/2008 10:00:00,       302.016409
12/28/2008 11:00:00,       314.957662
12/28/2008 12:00:00,       318.268706
12/28/2008 13:00:00,       318.382393
12/28/2008 14:00:00,       319.356904
12/28/2008 15:00:00,       319.951907
12/28/2008 16:00:00,       320.000000
12/28/2008 17:00:00,       320.000000
12/28/2008 18:00:00,       320.000000
12/28/2008 19:00:00,       320.000000
12/28/2008 20:00:00,       320.000000
12/28/2008 21:00:00,       272.000000
12/28/2008 22:00:00,        32.000000
12/28/2008 23:00:00,         0.000000
12/29/2008 00:00:00,         0.000000
12/29/2008 01:00:00,         0.000000
12/29/2008 02:00:00,         0.000000
12/29/2008 03:00:00,         0.000000
12/29/2008 04:00:00,         0.000000
12/29/2008 05:00:00,         0.000000
12/29/2008 06:00:00,         0.000000
12/29/2008 07:00:00,         0.000000
12/29/2008 08:00:00,         0.000000
12/29/2008 09:00:00,         0.000000
12/29/2008 10:00:00,         0.000000
12/29/2008 11:00:00,         0.000000
12/29/2008 12:00:00,         0.000000
12/29/2008 13:00:00,       131.273088
12/29/2008 14:00:00,       101.666533
12/29/2008 15:00:00,       102.585357
12/29/2008 16:00:00,        80.993889
12/29/2008 17:00:00,        46.441861
12/29/2008 18:00:00,        29.825122
12/29/2008 19:00:00,        14.877493
12/29/2008 20:00:00,         1.093201
12/29/2008 21:00:00,         0.014227
12/29/2008 22:00:00,         0.000000
12/29/2008 23:00:00,         0.000000
12/30/2008 00:00:00,         0.539186
12/30/2008 01:00:00,         3.268478
12/30/2008 02:00:00,         1.900496
12/30/2008 03:00:00,        30.273550
12/30/2008 04:00:00,        27.795214
12/30/2008 05:00:00,        14.408150
12/30/2008 06:00:00,         8.678416
12/30/2008 07:00:00,         8.352452
12/30/2008 08:00:00,        11.683582
12/30/2008 09:00:00,        10.140098
12/30/2008 10:00:00,         3.304944
12/30/2008 11:00:00,         0.739543
12/30/2008 12:00:00,         0.405640
12/30/2008 13:00:00,         1.520897
12/30/2008 14:00:00,        24.365308
12/30/2008 15:00:00,        49.430717
12/30/2008 16:00:00,        91.582896
12/30/2008 17:00:00,       175.021245
12/30/2008 18:00:00,       126.214669
12/30/2008 19:00:00,       108.881840
12/30/2008 20:00:00,        68.831295
12/30/2008 21:00:00,        30.601343
12/30/2008 22:00:00,         0.000000
12/30/2008 23:00:00,         0.000000
12/31/2008 00:00:00,         0.000000
12/31/2008 01:00:00,         0.000000
12/31/2008 02:00:00,         0.000000
12/31/2008 03:00:00,         0.000000
12/31/2008 04:00:00,         0.000000
12/31/2008 05:00:00,         0.000000
12/31/2008 06:00:00,         0.000000
12/31/2008 07:00:00,         0.000000
12/31/2008 08:00:00,         0.000000
12/31/2008 09:00:00,         0.000000
12/31/2008 10:00:00,         0.000000
12/31/2008 11:00:00,        14.772544
12/31/2008 12:00:00,       100.876577
12/31/2008 13:00:00,       130.059914
12/31/2008 14:00:00,        34.363003
12/31/2008 15:00:00,        22.047884
12/31/2008 16:00:00,         7.679937
12/31/2008 17:00:00,        23.532634
12/31/2008 18:00:00,       128.541818
12/31/2008 19:00:00,       256.757695
12/31/2008 20:00:00,       315.089935
12/31/2008 21:00:00,       308.945178
12/31/2008 22:00:00,       282.818289
12/31/2008 23:00:00,       283.674078
01/01/2009 00:00:00,       277.868368
01/01/2009 01:00:00,       193.418075
01/01/2009 02:00:00,       145.959193
01/01/2009 03:00:00,       155.466749
01/01/2009 04:00:00,       182.064730
01/01/2009 05:00:00,       163.353982
01/01/2009 06:00:00,       144.383923
01/01/2009 07:00:00,       129.036651
01/01/2009 08:00:00,       134.198031
01/01/2009 09:00:00,       139.545307
01/01/2009 10:00:00,       169.072076
01/01/2009 11:00:00,       174.445102
01/01/2009 12:00:00,       197.880232
01/01/2009 13:00:00,       192.600974
01/01/2009 14:00:00,       175.958922
01/01/2009 15:00:00,       251.083035
01/01/2009 16:00:00,       301.273249
01/01/2009 17:00:00,       314.805843
01/01/2009 18:00:00,       314.291327
01/01/2009 19:00:00,       318.897983
01/01/2009 20:00:00,       319.053214
01/01/2009 21:00:00,       319.299741
01/01/2009 22:00:00,       318.953313
01/01/2009 23:00:00,       319.009442
01/02/2009 00:00:00,       316.341215
01/02/2009 01:00:00,       318.879993
01/02/2009 02:00:00,       319.620129
01/02/2009 03:00:00,       319.403897
01/02/2009 04:00:00,       319.398228
01/02/2009 05:00:00,       319.235393
01/02/2009 06:00:00,       318.224861
01/02/2009 07:00:00,       317.668695
01/02/2009 08:00:00,       316.815939
01/02/2009 09:00:00,       316.066336
01/02/2009 10:00:00,       315.770677
01/02/2009 11:00:00,       316.812089
01/02/2009 12:00:00,       316.903834
01/02/2009 13:00:00,       316.549057
01/02/2009 14:00:00,       316.035421
01/02/2009 15:00:00,       313.290483
01/02/2009 16:00:00,       308.155791
01/02/2009 17:00:00,       292.957093
01/02/2009 18:00:00,       275.006495
01/02/2009 19:00:00,       257.005789
01/02/2009 20:00:00,       233.836262
01/02/2009 21:00:00,       211.198950
01/02/2009 22:00:00,       211.343966
01/02/2009 23:00:00,       209.126025
01/03/2009 00:00:00,       211.726923
01/03/2009 01:00:00,       192.193309
01/03/2009 02:00:00,       178.483797
01/03/2009 03:00:00,       172.320171
01/03/2009 04:00:00,       194.911659
01/03/2009 05:00:00,       202.536421
01/03/2009 06:00:00,       197.477247
01/03/2009 07:00:00,       180.729260
01/03/2009 08:00:00,       158.898708
01/03/2009 09:00:00,       153.085327
01/03/2009 10:00:00,       174.382825
01/03/2009 11:00:00,       190.144738
01/03/2009 12:00:00,       210.166551
01/03/2009 13:00:00,       214.133882
01/03/2009 14:00:00,       226.968097
01/03/2009 15:00:00,       214.100265
01/03/2009 16:00:00,       228.679548
01/03/2009 17:00:00,       274.877056
01/03/2009 18:00:00,       299.368299
01/03/2009 19:00:00,       308.169703
01/03/2009 20:00:00,       313.080642
01/03/2009 21:00:00,       318.432354
01/03/2009 22:00:00,       319.673245
01/03/2009 23:00:00,       319.977943
01/04/2009 00:00:00,       320.000000
01/04/2009 01:00:00,       320.000000
01/04/2009 02:00:00,       320.000000
01/04/2009 03:00:00,       320.000000
01/04/2009 04:00:00,       320.000000
01/04/2009 05:00:00,       319.998981
01/04/2009 06:00:00,       303.995971
01/04/2009 07:00:00,       303.987777
01/04/2009 08:00:00,       303.848686
01/04/2009 09:00:00,       173.357368
01/04/2009 10:00:00,       270.847733
01/04/2009 11:00:00,       319.858045
01/04/2009 12:00:00,       319.525818
01/04/2009 13:00:00,       319.249417
01/04/2009 14:00:00,       319.404523
01/04/2009 15:00:00,       319.235014
01/04/2009 16:00:00,       319.357417
01/04/2009 17:00:00,       319.311779
01/04/2009 18:00:00,       318.499900
01/04/2009 19:00:00,       317.324786
01/04/2009 20:00:00,       316.191340
01/04/2009 21:00:00,       310.087877
01/04/2009 22:00:00,       311.941545
01/04/2009 23:00:00,       318.740713
01/05/2009 00:00:00,       317.202014
01/05/2009 01:00:00,       285.887980
01/05/2009 02:00:00,       241.898561
01/05/2009 03:00:00,       318.978063
01/05/2009 04:00:00,       319.237792
01/05/2009 05:00:00,       319.020825
01/05/2009 06:00:00,       319.035930
01/05/2009 07:00:00,       319.065100
01/05/2009 08:00:00,       318.016751
01/05/2009 09:00:00,       317.582228
01/05/2009 10:00:00,       316.240175
01/05/2009 11:00:00,       310.883372
01/05/2009 12:00:00,       294.565077
01/05/2009 13:00:00,       286.375797
01/05/2009 14:00:00,       229.772947
01/05/2009 15:00:00,       212.531798
01/05/2009 16:00:00,       254.937168
01/05/2009 17:00:00,       242.820262
01/05/2009 18:00:00,       243.774798
01/05/2009 19:00:00,       292.727184
01/05/2009 20:00:00,        41.740811
01/05/2009 21:00:00,       299.907122
01/05/2009 22:00:00,       309.824818
01/05/2009 23:00:00,       307.138996
01/06/2009 00:00:00,       319.853724
01/06/2009 01:00:00,       319.967725
01/06/2009 02:00:00,       319.994006
01/06/2009 03:00:00,       320.000000
01/06/2009 04:00:00,       320.000000
01/06/2009 05:00:00,       320.000000
01/06/2009 06:00:00,       319.998492
01/06/2009 07:00:00,       319.974454
01/06/2009 08:00:00,       319.969372
01/06/2009 09:00:00,       319.966153
01/06/2009 10:00:00,       319.943957
01/06/2009 11:00:00,       319.936824
01/06/2009 12:00:00,       319.941722
01/06/2009 13:00:00,       319.931571
01/06/2009 14:00:00,       319.940675
01/06/2009 15:00:00,       319.891224
01/06/2009 16:00:00,       319.822758
01/06/2009 17:00:00,       319.903857
01/06/2009 18:00:00,       319.872160
01/06/2009 19:00:00,       319.460799
01/06/2009 20:00:00,       318.820724
01/06/2009 21:00:00,       319.419737
01/06/2009 22:00:00,       319.616654
01/06/2009 23:00:00,       319.472419
01/07/2009 00:00:00,       319.255072
01/07/2009 01:00:00,       318.842356
01/07/2009 02:00:00,       318.499892
01/07/2009 03:00:00,       316.158235
01/07/2009 04:00:00,       314.875949
01/07/2009 05:00:00,       311.908689
01/07/2009 06:00:00,       312.055448
01/07/2009 07:00:00,       309.215948
01/07/2009 08:00:00,       292.978872
01/07/2009 09:00:00,       264.507567
01/07/2009 10:00:00,       213.208286
01/07/2009 11:00:00,       164.290116
01/07/2009 12:00:00,       129.944184
01/07/2009 13:00:00,        97.305027
01/07/2009 14:00:00,        88.487047
01/07/2009 15:00:00,        66.632787
01/07/2009 16:00:00,        49.105033
01/07/2009 17:00:00,        33.370689
01/07/2009 18:00:00,        22.193708
01/07/2009 19:00:00,        10.593894
01/07/2009 20:00:00,         4.004560
01/07/2009 21:00:00,         0.993604
01/07/2009 22:00:00,         0.000000
01/07/2009 23:00:00,         0.000000
01/08/2009 00:00:00,         0.065914
01/08/2009 01:00:00,         0.000000
01/08/2009 02:00:00,         1.745516
01/08/2009 03:00:00,         8.780709
01/08/2009 04:00:00,        26.544678
01/08/2009 05:00:00,        52.184713
01/08/2009 06:00:00,        60.474470
01/08/2009 07:00:00,        98.684700
01/08/2009 08:00:00,       127.732162
01/08/2009 09:00:00,       126.283490
01/08/2009 10:00:00,       116.738955
01/08/2009 11:00:00,        72.357525
01/08/2009 12:00:00,       109.350389
01/08/2009 13:00:00,       137.353613
01/08/2009 14:00:00,        98.956875
01/08/2009 15:00:00,        49.597051
01/08/2009 16:00:00,        14.515697
01/08/2009 17:00:00,        77.224163
01/08/2009 18:00:00,        76.539844
01/08/2009 19:00:00,        50.549213
01/08/2009 20:00:00,        16.690109
01/08/2009 21:00:00,        38.940267
01/08/2009 22:00:00,        85.525791
01/08/2009 23:00:00,        96.988025
01/09/2009 00:00:00,        84.251835
01/09/2009 01:00:00,        76.366861
01/09/2009 02:00:00,        62.890244
01/09/2009 03:00:00,        77.839453
01/09/2009 04:00:00,        79.684656
01/09/2009 05:00:00,        70.223160
01/09/2009 06:00:00,        57.046545
01/09/2009 07:00:00,        47.797639
01/09/2009 08:00:00,        38.360534
01/09/2009 09:00:00,        27.162069
01/09/2009 10:00:00,        18.648688
01/09/2009 11:00:00,        15.767223
01/09/2009 12:00:00,        22.225538
01/09/2009 13:00:00,        33.601810
01/09/2009 14:00:00,        31.596267
01/09/2009 15:00:00,        29.829481
01/09/2009 16:00:00,        35.204041
01/09/2009 17:00:00,        33.232464
01/09/2009 18:00:00,        47.812456
01/09/2009 19:00:00,        71.403129
01/09/2009 20:00:00,        74.692813
01/09/2009 21:00:00,        86.802754
01/09/2009 22:00:00,        95.434694
01/09/2009 23:00:00,       135.449132
01/10/2009 00:00:00,       157.877384
01/10/2009 01:00:00,       169.804837
01/10/2009 02:00:00,       189.739758
01/10/2009 03:00:00,       229.831838
01/10/2009 04:00:00,       252.166481
01/10/2009 05:00:00,       259.168538
01/10/2009 06:00:00,       271.863019
01/10/2009 07:00:00,       285.445766
01/10/2009 08:00:00,       303.080504
01/10/2009 09:00:00,       310.491963
01/10/2009 10:00:00,       315.142674
01/10/2009 11:00:00,       318.148021
01/10/2009 12:00:00,       319.139976
01/10/2009 13:00:00,       319.194408
01/10/2009 14:00:00,       318.537797
01/10/2009 15:00:00,       313.411355
01/10/2009 16:00:00,       296.476845
01/10/2009 17:00:00,       281.208953
01/10/2009 18:00:00,       264.149038
01/10/2009 19:00:00,       237.165072
01/10/2009 20:00:00,       214.609389
01/10/2009 21:00:00,       211.940577
01/10/2009 22:00:00,       217.977746
01/10/2009 23:00:00,       245.049475
01/11/2009 00:00:00,       288.007829
01/11/2009 01:00:00,       283.794662
01/11/2009 02:00:00,       273.505391
01/11/2009 03:00:00,       247.123638
01/11/2009 04:00:00,       168.278649
01/11/2009 05:00:00,       115.937419
01/11/2009 06:00:00,        70.417583
01/11/2009 07:00:00,        55.828302
01/11/2009 08:00:00,        54.313629
01/11/2009 09:00:00,        37.093877
01/11/2009 10:00:00,        25.107467
01/11/2009 11:00:00,        14.145075
01/11/2009 12:00:00,        11.985263
01/11/2009 13:00:00,        15.414729
01/11/2009 14:00:00,        10.803026
01/11/2009 15:00:00,         1.722151
01/11/2009 16:00:00,         1.464391
01/11/2009 17:00:00,         0.351296
01/11/2009 18:00:00,         0.167227
01/11/2009 19:00:00,         0.370113
01/11/2009 20:00:00,         0.999718
01/11/2009 21:00:00,         0.767749
01/11/2009 22:00:00,         0.658920
01/11/2009 23:00:00,         1.921988
01/12/2009 00:00:00,         6.997953
01/12/2009 01:00:00,        15.754121
01/12/2009 02:00:00,        35.462376
01/12/2009 03:00:00,        56.452845
01/12/2009 04:00:00,        93.070008
01/12/2009 05:00:00,       110.701977
01/12/2009 06:00:00,       107.788592
01/12/2009 07:00:00,        92.498022
01/12/2009 08:00:00,        78.039444
01/12/2009 09:00:00,        80.746614
01/12/2009 10:00:00,        69.532988
01/12/2009 11:00:00,        58.563909
01/12/2009 12:00:00,        50.844592
01/12/2009 13:00:00,        38.726891
01/12/2009 14:00:00,        33.377007
01/12/2009 15:00:00,        44.275345
01/12/2009 16:00:00,        42.955972
01/12/2009 17:00:00,        10.639269
01/12/2009 18:00:00,         1.484354
01/12/2009 19:00:00,         0.193399
01/12/2009 20:00:00,         0.202460
01/12/2009 21:00:00,         0.510200
01/12/2009 22:00:00,         6.835314
01/12/2009 23:00:00,        33.043605
01/13/2009 00:00:00,        19.866517
01/13/2009 01:00:00,        37.855091
01/13/2009 02:00:00,       150.925120
01/13/2009 03:00:00,       220.582837
01/13/2009 04:00:00,       194.576829
01/13/2009 05:00:00,       150.550728
01/13/2009 06:00:00,       101.926973
01/13/2009 07:00:00,        83.147178
01/13/2009 08:00:00,        64.828662
01/13/2009 09:00:00,        34.120367
01/13/2009 10:00:00,        17.878427
01/13/2009 11:00:00,         9.195734
01/13/2009 12:00:00,        20.666720
01/13/2009 13:00:00,        61.788965
01/13/2009 14:00:00,        94.552014
01/13/2009 15:00:00,       214.325902
01/13/2009 16:00:00,       291.621261
01/13/2009 17:00:00,       300.065605
01/13/2009 18:00:00,       314.922246
01/13/2009 19:00:00,       316.269704
01/13/2009 20:00:00,       318.197733
01/13/2009 21:00:00,       312.575958
01/13/2009 22:00:00,       317.363511
01/13/2009 23:00:00,       318.820674
01/14/2009 00:00:00,       319.667796
01/14/2009 01:00:00,       319.950245
01/14/2009 02:00:00,       319.970034
01/14/2009 03:00:00,       319.972832
01/14/2009 04:00:00,       319.979851
01/14/2009 05:00:00,       319.979472
01/14/2009 06:00:00,       319.903320
01/14/2009 07:00:00,       319.725891
01/14/2009 08:00:00,       314.974897
01/14/2009 09:00:00,       254.325761
01/14/2009 10:00:00,       231.087346
01/14/2009 11:00:00,       233.599442
01/14/2009 12:00:00,       237.117549
01/14/2009 13:00:00,       319.831141
01/14/2009 14:00:00,       319.915203
01/14/2009 15:00:00,       319.997396
01/14/2009 16:00:00,       320.000000
01/14/2009 17:00:00,       320.000000
01/14/2009 18:00:00,       320.000000
01/14/2009 19:00:00,       320.000000
01/14/2009 20:00:00,       320.000000
01/14/2009 21:00:00,       320.000000
01/14/2009 22:00:00,       320.000000
01/14/2009 23:00:00,       320.000000
01/15/2009 00:00:00,       320.000000
01/15/2009 01:00:00,       320.000000
01/15/2009 02:00:00,       320.000000
01/15/2009 03:00:00,       319.999229
01/15/2009 04:00:00,       319.978930
01/15/2009 05:00:00,       319.827332
01/15/2009 06:00:00,       319.483368
01/15/2009 07:00:00,       317.969745
01/15/2009 08:00:00,       316.702775
01/15/2009 09:00:00,       316.768465
01/15/2009 10:00:00,       315.652015
01/15/2009 11:00:00,       314.046005
01/15/2009 12:00:00,       310.457484
01/15/2009 13:00:00,       302.945920
01/15/2009 14:00:00,       290.466420
01/15/2009 15:00:00,       245.837836
01/15/2009 16:00:00,       203.250482
01/15/2009 17:00:00,       156.301428
01/15/2009 18:00:00,       135.661927
01/15/2009 19:00:00,       131.557012
01/15/2009 20:00:00,       137.771428
01/15/2009 21:00:00,       152.326571
01/15/2009 22:00:00,       173.678277
01/15/2009 23:00:00,       195.775748
01/16/2009 00:00:00,       229.278534
01/16/2009 01:00:00,       221.002506
01/16/2009 02:00:00,       220.106136
01/16/2009 03:00:00,       192.936834
01/16/2009 04:00:00,       161.676922
01/16/2009 05:00:00,       109.012183
01/16/2009 06:00:00,        64.593915
01/16/2009 07:00:00,        46.425714
01/16/2009 08:00:00,        33.965582
01/16/2009 09:00:00,        34.203071
01/16/2009 10:00:00,        28.972329
01/16/2009 11:00:00,        23.348915
01/16/2009 12:00:00,        20.175772
01/16/2009 13:00:00,        16.619442
01/16/2009 14:00:00,        10.213515
01/16/2009 15:00:00,         9.526937
01/16/2009 16:00:00,        14.935399
01/16/2009 17:00:00,        11.052310
01/16/2009 18:00:00,         9.013784
01/16/2009 19:00:00,        13.143280
01/16/2009 20:00:00,        21.744477
01/16/2009 21:00:00,        36.381181
01/16/2009 22:00:00,        41.118802
01/16/2009 23:00:00,        36.309891
01/17/2009 00:00:00,       104.686116
01/17/2009 01:00:00,       193.854245
01/17/2009 02:00:00,       203.473608
01/17/2009 03:00:00,       194.332808
01/17/2009 04:00:00,       147.462983
01/17/2009 05:00:00,       110.714192
01/17/2009 06:00:00,        87.472549
01/17/2009 07:00:00,        74.483651
01/17/2009 08:00:00,        64.772573
01/17/2009 09:00:00,        60.474120
01/17/2009 10:00:00,        53.376602
01/17/2009 11:00:00,        43.412675
01/17/2009 12:00:00,        36.928684
01/17/2009 13:00:00,        37.013041
01/17/2009 14:00:00,        32.109239
01/17/2009 15:00:00,        26.823518
01/17/2009 16:00:00,        17.097913
01/17/2009 17:00:00,         7.440604
01/17/2009 18:00:00,         5.138083
01/17/2009 19:00:00,         3.430425
01/17/2009 20:00:00,         1.837251
01/17/2009 21:00:00,         1.396414
01/17/2009 22:00:00,         3.832522
01/17/2009 23:00:00,        16.192784
01/18/2009 00:00:00,        29.370913
01/18/2009 01:00:00,        47.892045
01/18/2009 02:00:00,        78.105375
01/18/2009 03:00:00,       120.428760
01/18/2009 04:00:00,        32.699044
01/18/2009 05:00:00,         3.833586
01/18/2009 06:00:00,         0.475206
01/18/2009 07:00:00,         0.154492
01/18/2009 08:00:00,         0.689218
01/18/2009 09:00:00,         1.001981
01/18/2009 10:00:00,         0.319335
01/18/2009 11:00:00,         0.271655
01/18/2009 12:00:00,         0.191067
01/18/2009 13:00:00,         0.002117
01/18/2009 14:00:00,         0.007357
01/18/2009 15:00:00,         0.520419
01/18/2009 16:00:00,        14.503281
01/18/2009 17:00:00,        39.705455
01/18/2009 18:00:00,        49.191797
01/18/2009 19:00:00,        11.902959
01/18/2009 20:00:00,        10.000912
01/18/2009 21:00:00,        11.635463
01/18/2009 22:00:00,        23.098020
01/18/2009 23:00:00,        47.630214
01/19/2009 00:00:00,        67.013544
01/19/2009 01:00:00,       100.743692
01/19/2009 02:00:00,       154.279037
01/19/2009 03:00:00,       220.356598
01/19/2009 04:00:00,       225.754945
01/19/2009 05:00:00,       195.654972
01/19/2009 06:00:00,       151.592413
01/19/2009 07:00:00,       112.406468
01/19/2009 08:00:00,        80.030660
01/19/2009 09:00:00,        71.388137
01/19/2009 10:00:00,       140.718153
01/19/2009 11:00:00,       207.120243
01/19/2009 12:00:00,       237.753702
01/19/2009 13:00:00,       242.668407
01/19/2009 14:00:00,       182.872638
01/19/2009 15:00:00,        73.374799
01/19/2009 16:00:00,         0.000000
01/19/2009 17:00:00,         0.000000
01/19/2009 18:00:00,       104.246903
01/19/2009 19:00:00,       260.858398
01/19/2009 20:00:00,       244.948399
01/19/2009 21:00:00,       201.643651
01/19/2009 22:00:00,       177.862135
01/19/2009 23:00:00,       146.533890
01/20/2009 00:00:00,        88.444838
01/20/2009 01:00:00,        61.349643
01/20/2009 02:00:00,        76.867529
01/20/2009 03:00:00,        80.156141
01/20/2009 04:00:00,        38.693925
01/20/2009 05:00:00,         6.914940
01/20/2009 06:00:00,         4.271850
01/20/2009 07:00:00,        16.609118
01/20/2009 08:00:00,        36.572986
01/20/2009 09:00:00,        44.912585
01/20/2009 10:00:00,        35.419746
01/20/2009 11:00:00,        28.358574
01/20/2009 12:00:00,        14.331196
01/20/2009 13:00:00,         7.273275
01/20/2009 14:00:00,         1.483821
01/20/2009 15:00:00,         0.269768
01/20/2009 16:00:00,         0.000000
01/20/2009 17:00:00,         0.000000
01/20/2009 18:00:00,         0.000000
01/20/2009 19:00:00,         0.001552
01/20/2009 20:00:00,         0.037830
01/20/2009 21:00:00,         0.173159
01/20/2009 22:00:00,         0.066490
01/20/2009 23:00:00,         0.007309
01/21/2009 00:00:00,         0.000000
01/21/2009 01:00:00,         0.000000
01/21/2009 02:00:00,         0.000000
01/21/2009 03:00:00,         0.006569
01/21/2009 04:00:00,         0.320068
01/21/2009 05:00:00,         1.108303
01/21/2009 06:00:00,         2.787979
01/21/2009 07:00:00,         6.361313
01/21/2009 08:00:00,        17.226527
01/21/2009 09:00:00,        32.371263
01/21/2009 10:00:00,        59.457218
01/21/2009 11:00:00,        92.452151
01/21/2009 12:00:00,       155.979215
01/21/2009 13:00:00,       164.008346
01/21/2009 14:00:00,       124.113047
01/21/2009 15:00:00,       135.544277
01/21/2009 16:00:00,       124.024864
01/21/2009 17:00:00,        80.362184
01/21/2009 18:00:00,        39.931892
01/21/2009 19:00:00,        20.306990
01/21/2009 20:00:00,        14.584846
01/21/2009 21:00:00,        14.259010
01/21/2009 22:00:00,        19.403096
01/21/2009 23:00:00,       143.726166
01/22/2009 00:00:00,       239.260775
01/22/2009 01:00:00,       283.437686
01/22/2009 02:00:00,       308.028111
01/22/2009 03:00:00,       301.495225
01/22/2009 04:00:00,       291.129440
01/22/2009 05:00:00,       273.133322
01/22/2009 06:00:00,       255.925652
01/22/2009 07:00:00,       251.392458
01/22/2009 08:00:00,       246.626954
01/22/2009 09:00:00,       243.335722
01/22/2009 10:00:00,       226.994238
01/22/2009 11:00:00,       191.725033
01/22/2009 12:00:00,       178.249767
01/22/2009 13:00:00,       160.331428
01/22/2009 14:00:00,       158.790867
01/22/2009 15:00:00,       153.321722
01/22/2009 16:00:00,       186.897909
01/22/2009 17:00:00,       235.560308
01/22/2009 18:00:00,       303.827621
01/22/2009 19:00:00,       314.751501
01/22/2009 20:00:00,       306.071132
01/22/2009 21:00:00,       320.000000
01/22/2009 22:00:00,       319.737259
01/22/2009 23:00:00,       319.958673
01/23/2009 00:00:00,       320.000000
01/23/2009 01:00:00,       320.000000
01/23/2009 02:00:00,       320.000000
01/23/2009 03:00:00,       319.866302
01/23/2009 04:00:00,       319.630064
01/23/2009 05:00:00,       319.075068
01/23/2009 06:00:00,       317.140014
01/23/2009 07:00:00,       314.632142
01/23/2009 08:00:00,       307.717887
01/23/2009 09:00:00,       259.606751
01/23/2009 10:00:00,       263.951383
01/23/2009 11:00:00,       268.445818
01/23/2009 12:00:00,       234.859946
01/23/2009 13:00:00,       189.428133
01/23/2009 14:00:00,       154.423078
01/23/2009 15:00:00,        97.369105
01/23/2009 16:00:00,        50.934008
01/23/2009 17:00:00,        14.775221
01/23/2009 18:00:00,         2.018351
01/23/2009 19:00:00,         0.081352
01/23/2009 20:00:00,         0.000000
01/23/2009 21:00:00,         0.044270
01/23/2009 22:00:00,         3.782729
01/23/2009 23:00:00,        22.677051
01/24/2009 00:00:00,        66.157170
01/24/2009 01:00:00,       101.839110
01/24/2009 02:00:00,       125.887346
01/24/2009 03:00:00,       140.016975
01/24/2009 04:00:00,       155.758588
01/24/2009 05:00:00,       139.245959
01/24/2009 06:00:00,       140.286140
01/24/2009 07:00:00,       139.295382
01/24/2009 08:00:00,       161.145576
01/24/2009 09:00:00,       182.385724
01/24/2009 10:00:00,       193.951682
01/24/2009 11:00:00,       116.286487
01/24/2009 12:00:00,        71.021023
01/24/2009 13:00:00,       220.929897
01/24/2009 14:00:00,        62.962464
01/24/2009 15:00:00,       237.441326
01/24/2009 16:00:00,       295.495426
01/24/2009 17:00:00,       319.517699
01/24/2009 18:00:00,       319.358516
01/24/2009 19:00:00,       318.124248
01/24/2009 20:00:00,       319.921713
01/24/2009 21:00:00,       319.986144
01/24/2009 22:00:00,       319.992800
01/24/2009 23:00:00,       319.961080
01/25/2009 00:00:00,       319.874830
01/25/2009 01:00:00,       319.680516
01/25/2009 02:00:00,       319.417935
01/25/2009 03:00:00,       319.457773
01/25/2009 04:00:00,       319.697020
01/25/2009 05:00:00,       319.616761
01/25/2009 06:00:00,       318.942577
01/25/2009 07:00:00,       317.515627
01/25/2009 08:00:00,       314.468623
01/25/2009 09:00:00,       310.993861
01/25/2009 10:00:00,       282.019186
01/25/2009 11:00:00,       230.964169
01/25/2009 12:00:00,       151.952480
01/25/2009 13:00:00,        56.453861
01/25/2009 14:00:00,         9.936784
01/25/2009 15:00:00,         3.159050
01/25/2009 16:00:00,         2.389014
01/25/2009 17:00:00,         3.429894
01/25/2009 18:00:00,        12.627745
01/25/2009 19:00:00,        25.074726
01/25/2009 20:00:00,        34.081572
01/25/2009 21:00:00,       100.988228
01/25/2009 22:00:00,       202.386348
01/25/2009 23:00:00,       243.223284
01/26/2009 00:00:00,       224.929735
01/26/2009 01:00:00,       288.840858
01/26/2009 02:00:00,       315.071060
01/26/2009 03:00:00,       309.280825
01/26/2009 04:00:00,       299.353627
01/26/2009 05:00:00,       277.463819
01/26/2009 06:00:00,       234.702053
01/26/2009 07:00:00,       184.911268
01/26/2009 08:00:00,       151.819858
01/26/2009 09:00:00,       133.683234
01/26/2009 10:00:00,       130.301310
01/26/2009 11:00:00,       131.177176
01/26/2009 12:00:00,       140.166689
01/26/2009 13:00:00,       146.696632
01/26/2009 14:00:00,       148.811471
01/26/2009 15:00:00,       134.045616
01/26/2009 16:00:00,        79.823138
01/26/2009 17:00:00,        44.817544
01/26/2009 18:00:00,        36.283729
01/26/2009 19:00:00,        43.576815
01/26/2009 20:00:00,        42.596752
01/26/2009 21:00:00,        32.011485
01/26/2009 22:00:00,        60.728390
01/26/2009 23:00:00,        94.416090
01/27/2009 00:00:00,       138.373258
01/27/2009 01:00:00,       182.727317
01/27/2009 02:00:00,       198.062598
01/27/2009 03:00:00,       189.166680
01/27/2009 04:00:00,       172.023685
01/27/2009 05:00:00,       149.745260
01/27/2009 06:00:00,       108.018176
01/27/2009 07:00:00,        69.823856
01/27/2009 08:00:00,        62.615643
01/27/2009 09:00:00,        16.558937
01/27/2009 10:00:00,        30.344379
01/27/2009 11:00:00,        37.681179
01/27/2009 12:00:00,        51.979399
01/27/2009 13:00:00,        91.786772
01/27/2009 14:00:00,       109.704227
01/27/2009 15:00:00,       112.027582
01/27/2009 16:00:00,        94.157065
01/27/2009 17:00:00,        49.390354
01/27/2009 18:00:00,        35.049015
01/27/2009 19:00:00,        23.177870
01/27/2009 20:00:00,        29.102486
01/27/2009 21:00:00,        47.428146
01/27/2009 22:00:00,        56.991069
01/27/2009 23:00:00,        97.850379
01/28/2009 00:00:00,       121.211422
01/28/2009 01:00:00,       123.021554
01/28/2009 02:00:00,       136.565574
01/28/2009 03:00:00,        48.557248
01/28/2009 04:00:00,       127.724378
01/28/2009 05:00:00,       117.090071
01/28/2009 06:00:00,       182.273836
01/28/2009 07:00:00,       219.599573
01/28/2009 08:00:00,       144.358139
01/28/2009 09:00:00,       207.361018
01/28/2009 10:00:00,       225.027653
01/28/2009 11:00:00,       216.638551
01/28/2009 12:00:00,       194.727569
01/28/2009 13:00:00,       175.896589
01/28/2009 14:00:00,       145.336752
01/28/2009 15:00:00,       139.316609
01/28/2009 16:00:00,       114.154137
01/28/2009 17:00:00,        77.220195
01/28/2009 18:00:00,        65.669023
01/28/2009 19:00:00,        38.661597
01/28/2009 20:00:00,        46.057707
01/28/2009 21:00:00,        86.102037
01/28/2009 22:00:00,       105.758622
01/28/2009 23:00:00,       177.310068
01/29/2009 00:00:00,       253.184936
01/29/2009 01:00:00,       242.102835
01/29/2009 02:00:00,       128.066872
01/29/2009 03:00:00,        53.698629
01/29/2009 04:00:00,        29.494129
01/29/2009 05:00:00,        23.121679
01/29/2009 06:00:00,        22.838459
01/29/2009 07:00:00,       108.698181
01/29/2009 08:00:00,       245.514578
01/29/2009 09:00:00,       251.755899
01/29/2009 10:00:00,       233.771506
01/29/2009 11:00:00,       234.630748
01/29/2009 12:00:00,       273.480543
01/29/2009 13:00:00,       261.039650
01/29/2009 14:00:00,       250.393738
01/29/2009 15:00:00,       262.122068
01/29/2009 16:00:00,       135.670403
01/29/2009 17:00:00,        43.716362
01/29/2009 18:00:00,         1.017776
01/29/2009 19:00:00,         0.000000
01/29/2009 20:00:00,         0.284275
01/29/2009 21:00:00,        15.532813
01/29/2009 22:00:00,        46.307130
01/29/2009 23:00:00,        95.761461
01/30/2009 00:00:00,       120.400192
01/30/2009 01:00:00,       147.716454
01/30/2009 02:00:00,       184.041009
01/30/2009 03:00:00,       219.726299
01/30/2009 04:00:00,       211.362179
01/30/2009 05:00:00,       215.590981
01/30/2009 06:00:00,       219.924506
01/30/2009 07:00:00,       174.678750
01/30/2009 08:00:00,       109.552504
01/30/2009 09:00:00,        58.464709
01/30/2009 10:00:00,        69.712819
01/30/2009 11:00:00,        91.525436
01/30/2009 12:00:00,       139.813451
01/30/2009 13:00:00,       195.646578
01/30/2009 14:00:00,       210.148102
01/30/2009 15:00:00,       199.503319
01/30/2009 16:00:00,       147.041133
01/30/2009 17:00:00,        96.612430
01/30/2009 18:00:00,        39.427794
01/30/2009 19:00:00,        15.746246
01/30/2009 20:00:00,         8.262950
01/30/2009 21:00:00,         5.665029
01/30/2009 22:00:00,         0.358498
01/30/2009 23:00:00,         0.047270
01/31/2009 00:00:00,         0.081455
01/31/2009 01:00:00,         2.094945
01/31/2009 02:00:00,        22.250967
01/31/2009 03:00:00,        29.864632
01/31/2009 04:00:00,        54.671083
01/31/2009 05:00:00,       139.919098
01/31/2009 06:00:00,       156.473083
01/31/2009 07:00:00,       113.878955
01/31/2009 08:00:00,        99.368729
01/31/2009 09:00:00,       111.394794
01/31/2009 10:00:00,       202.656083
01/31/2009 11:00:00,       260.966726
01/31/2009 12:00:00,       282.349825
01/31/2009 13:00:00,       162.713648
01/31/2009 14:00:00,        82.246480
01/31/2009 15:00:00,        65.857442
01/31/2009 16:00:00,        27.582906
01/31/2009 17:00:00,        13.991136
01/31/2009 18:00:00,         3.179356
01/31/2009 19:00:00,         0.384196
01/31/2009 20:00:00,         4.736655
01/31/2009 21:00:00,        18.132091
01/31/2009 22:00:00,        11.182954
01/31/2009 23:00:00,         1.406717
02/01/2009 00:00:00,         0.000000
02/01/2009 01:00:00,         0.498151
02/01/2009 02:00:00,        13.821940
02/01/2009 03:00:00,        41.319547
02/01/2009 04:00:00,       159.214183
02/01/2009 05:00:00,       292.367290
02/01/2009 06:00:00,       292.923308
02/01/2009 07:00:00,       297.197838
02/01/2009 08:00:00,       301.286819
02/01/2009 09:00:00,       291.752417
02/01/2009 10:00:00,       276.987939
02/01/2009 11:00:00,       243.995295
02/01/2009 12:00:00,       211.869121
02/01/2009 13:00:00,       218.875010
02/01/2009 14:00:00,       228.089785
02/01/2009 15:00:00,       197.686227
02/01/2009 16:00:00,        85.563565
02/01/2009 17:00:00,        21.711258
02/01/2009 18:00:00,         4.837150
02/01/2009 19:00:00,         0.460117
02/01/2009 20:00:00,         0.786084
02/01/2009 21:00:00,         3.617255
02/01/2009 22:00:00,        20.527676
02/01/2009 23:00:00,        40.332583
02/02/2009 00:00:00,       118.622202
02/02/2009 01:00:00,       166.347060
02/02/2009 02:00:00,       188.798907
02/02/2009 03:00:00,       208.598372
02/02/2009 04:00:00,       244.432076
02/02/2009 05:00:00,       279.121555
02/02/2009 06:00:00,       279.724348
02/02/2009 07:00:00,       262.398942
02/02/2009 08:00:00,       232.127957
02/02/2009 09:00:00,       194.555096
02/02/2009 10:00:00,       193.766798
02/02/2009 11:00:00,       183.000287
02/02/2009 12:00:00,       255.113731
02/02/2009 13:00:00,       311.006543
02/02/2009 14:00:00,       313.293762
02/02/2009 15:00:00,       312.223158
02/02/2009 16:00:00,       288.102789
02/02/2009 17:00:00,       199.793451
02/02/2009 18:00:00,       133.917083
02/02/2009 19:00:00,        28.852964
02/02/2009 20:00:00,        25.717424
02/02/2009 21:00:00,        83.817506
02/02/2009 22:00:00,       201.901366
02/02/2009 23:00:00,       110.797026
02/03/2009 00:00:00,        95.846270
02/03/2009 01:00:00,       153.242380
02/03/2009 02:00:00,       242.892453
02/03/2009 03:00:00,       204.384406
02/03/2009 04:00:00,       154.920067
02/03/2009 05:00:00,       112.159476
02/03/2009 06:00:00,       112.709674
02/03/2009 07:00:00,       127.159383
02/03/2009 08:00:00,       176.299062
02/03/2009 09:00:00,       195.708677
02/03/2009 10:00:00,       212.661032
02/03/2009 11:00:00,       204.041652
02/03/2009 12:00:00,       198.808411
02/03/2009 13:00:00,       190.992263
02/03/2009 14:00:00,       176.652627
02/03/2009 15:00:00,       139.427553
02/03/2009 16:00:00,        74.019548
02/03/2009 17:00:00,        42.243547
02/03/2009 18:00:00,        37.978336
02/03/2009 19:00:00,        44.200178
02/03/2009 20:00:00,        54.589377
02/03/2009 21:00:00,        39.504977
02/03/2009 22:00:00,        27.948027
02/03/2009 23:00:00,        24.564970
02/04/2009 00:00:00,        22.369769
02/04/2009 01:00:00,        11.573946
02/04/2009 02:00:00,        16.586605
02/04/2009 03:00:00,        42.564289
02/04/2009 04:00:00,       161.169824
02/04/2009 05:00:00,        87.048666
02/04/2009 06:00:00,        44.667294
02/04/2009 07:00:00,        24.735135
02/04/2009 08:00:00,        14.215099
02/04/2009 09:00:00,        32.030195
02/04/2009 10:00:00,        66.978962
02/04/2009 11:00:00,        81.717750
02/04/2009 12:00:00,        73.402596
02/04/2009 13:00:00,        69.603265
02/04/2009 14:00:00,        56.940065
02/04/2009 15:00:00,        39.411248
02/04/2009 16:00:00,        45.626821
02/04/2009 17:00:00,        62.910251
02/04/2009 18:00:00,        61.242668
02/04/2009 19:00:00,        60.197728
02/04/2009 20:00:00,        60.119551
02/04/2009 21:00:00,        59.178954
02/04/2009 22:00:00,        58.383001
02/04/2009 23:00:00,        76.511730
02/05/2009 00:00:00,       114.788736
02/05/2009 01:00:00,       158.626178
02/05/2009 02:00:00,       187.690042
02/05/2009 03:00:00,       181.121010
02/05/2009 04:00:00,       137.727650
02/05/2009 05:00:00,       107.545810
02/05/2009 06:00:00,        96.249049
02/05/2009 07:00:00,        82.162215
02/05/2009 08:00:00,        66.581414
02/05/2009 09:00:00,        42.817929
02/05/2009 10:00:00,        25.050375
02/05/2009 11:00:00,        10.601571
02/05/2009 12:00:00,         6.430090
02/05/2009 13:00:00,         7.466167
02/05/2009 14:00:00,         1.886573
02/05/2009 15:00:00,         0.931859
02/05/2009 16:00:00,         1.181378
02/05/2009 17:00:00,         2.837690
02/05/2009 18:00:00,        13.672297
02/05/2009 19:00:00,        32.794408
02/05/2009 20:00:00,        50.862766
02/05/2009 21:00:00,        62.378059
02/05/2009 22:00:00,        89.159545
02/05/2009 23:00:00,       179.418330
02/06/2009 00:00:00,       221.518423
02/06/2009 01:00:00,       218.993592
02/06/2009 02:00:00,       188.158729
02/06/2009 03:00:00,       182.459749
02/06/2009 04:00:00,       186.839981
02/06/2009 05:00:00,       134.467800
02/06/2009 06:00:00,       130.748839
02/06/2009 07:00:00,       188.128307
02/06/2009 08:00:00,       249.895658
02/06/2009 09:00:00,       273.136073
02/06/2009 10:00:00,       241.070582
02/06/2009 11:00:00,       235.934533
02/06/2009 12:00:00,       233.369003
02/06/2009 13:00:00,       210.873965
02/06/2009 14:00:00,       216.627821
02/06/2009 15:00:00,       211.290721
02/06/2009 16:00:00,       176.160251
02/06/2009 17:00:00,       133.247691
02/06/2009 18:00:00,       127.806612
02/06/2009 19:00:00,       123.189636
02/06/2009 20:00:00,       173.724024
02/06/2009 21:00:00,       205.416804
02/06/2009 22:00:00,       232.051130
02/06/2009 23:00:00,       269.717692
02/07/2009 00:00:00,       309.122234
02/07/2009 01:00:00,       310.355329
02/07/2009 02:00:00,       288.835860
02/07/2009 03:00:00,       240.084761
02/07/2009 04:00:00,       191.368159
02/07/2009 05:00:00,       178.637116
02/07/2009 06:00:00,       185.935059
02/07/2009 07:00:00,       233.797027
02/07/2009 08:00:00,       186.731794
02/07/2009 09:00:00,       205.793132
02/07/2009 10:00:00,       177.449361
02/07/2009 11:00:00,       199.526785
02/07/2009 12:00:00,       225.592883
02/07/2009 13:00:00,       236.275046
02/07/2009 14:00:00,       234.029355
02/07/2009 15:00:00,       217.970064
02/07/2009 16:00:00,       198.285315
02/07/2009 17:00:00,       184.630360
02/07/2009 18:00:00,       160.933865
02/07/2009 19:00:00,       145.475362
02/07/2009 20:00:00,       127.350817
02/07/2009 21:00:00,       152.097273
02/07/2009 22:00:00,       188.476877
02/07/2009 23:00:00,       271.972553
02/08/2009 00:00:00,       303.701568
02/08/2009 01:00:00,       319.061505
02/08/2009 02:00:00,       319.701603
02/08/2009 03:00:00,       319.873470
02/08/2009 04:00:00,       319.522103
02/08/2009 05:00:00,       317.871668
02/08/2009 06:00:00,       303.387612
02/08/2009 07:00:00,       277.390569
02/08/2009 08:00:00,       277.742530
02/08/2009 09:00:00,       267.972247
02/08/2009 10:00:00,       203.902852
02/08/2009 11:00:00,       249.989353
02/08/2009 12:00:00,       315.504859
02/08/2009 13:00:00,       189.944190
02/08/2009 14:00:00,       213.334281
02/08/2009 15:00:00,       291.304254
02/08/2009 16:00:00,       309.085805
02/08/2009 17:00:00,       318.063861
02/08/2009 18:00:00,       319.396743
02/08/2009 19:00:00,       318.889393
02/08/2009 20:00:00,       317.218286
02/08/2009 21:00:00,       315.005687
02/08/2009 22:00:00,       315.695601
02/08/2009 23:00:00,       319.036273
02/09/2009 00:00:00,       319.287837
02/09/2009 01:00:00,       318.724538
02/09/2009 02:00:00,       318.241488
02/09/2009 03:00:00,       315.699511
02/09/2009 04:00:00,       316.477824
02/09/2009 05:00:00,       315.131804
02/09/2009 06:00:00,       311.940175
02/09/2009 07:00:00,       303.455955
02/09/2009 08:00:00,       298.609792
02/09/2009 09:00:00,       307.064605
02/09/2009 10:00:00,       313.306094
02/09/2009 11:00:00,       315.331684
02/09/2009 12:00:00,       314.829093
02/09/2009 13:00:00,       310.304518
02/09/2009 14:00:00,       296.213400
02/09/2009 15:00:00,       274.149912
02/09/2009 16:00:00,       259.805727
02/09/2009 17:00:00,       247.104382
02/09/2009 18:00:00,       244.145248
02/09/2009 19:00:00,       257.879119
02/09/2009 20:00:00,       288.232170
02/09/2009 21:00:00,       308.507643
02/09/2009 22:00:00,       307.233841
02/09/2009 23:00:00,       307.325830
02/10/2009 00:00:00,       311.283602
02/10/2009 01:00:00,       315.630634
02/10/2009 02:00:00,       317.376854
02/10/2009 03:00:00,       314.578042
02/10/2009 04:00:00,       305.730182
02/10/2009 05:00:00,       292.836260
02/10/2009 06:00:00,       267.644595
02/10/2009 07:00:00,       255.031281
02/10/2009 08:00:00,       225.854983
02/10/2009 09:00:00,       197.498341
02/10/2009 10:00:00,       201.015027
02/10/2009 11:00:00,       208.346191
02/10/2009 12:00:00,       189.140348
02/10/2009 13:00:00,       166.096360
02/10/2009 14:00:00,       158.693294
02/10/2009 15:00:00,       118.326383
02/10/2009 16:00:00,       100.339397
02/10/2009 17:00:00,        85.380489
02/10/2009 18:00:00,        70.347443
02/10/2009 19:00:00,        58.382162
02/10/2009 20:00:00,        44.202620
02/10/2009 21:00:00,        16.523729
02/10/2009 22:00:00,         4.900160
02/10/2009 23:00:00,         0.826830
02/11/2009 00:00:00,         0.334193
02/11/2009 01:00:00,         7.608237
02/11/2009 02:00:00,        34.027381
02/11/2009 03:00:00,        55.756937
02/11/2009 04:00:00,        57.111630
02/11/2009 05:00:00,        84.073297
02/11/2009 06:00:00,       136.251487
02/11/2009 07:00:00,       221.476947
02/11/2009 08:00:00,       288.813125
02/11/2009 09:00:00,       291.557708
02/11/2009 10:00:00,       274.509667
02/11/2009 11:00:00,       250.498610
02/11/2009 12:00:00,       248.034063
02/11/2009 13:00:00,       225.831856
02/11/2009 14:00:00,       207.974200
02/11/2009 15:00:00,       200.441961
02/11/2009 16:00:00,       196.914227
02/11/2009 17:00:00,       193.340747
02/11/2009 18:00:00,       151.762367
02/11/2009 19:00:00,       114.499623
02/11/2009 20:00:00,        76.277445
02/11/2009 21:00:00,        34.892353
02/11/2009 22:00:00,         6.656217
02/11/2009 23:00:00,         0.064604
02/12/2009 00:00:00,         0.000000
02/12/2009 01:00:00,         0.000000
02/12/2009 02:00:00,         0.000000
02/12/2009 03:00:00,         0.000000
02/12/2009 04:00:00,         0.000000
02/12/2009 05:00:00,         0.000000
02/12/2009 06:00:00,         0.000000
02/12/2009 07:00:00,         0.000000
02/12/2009 08:00:00,         0.000000
02/12/2009 09:00:00,         0.000000
02/12/2009 10:00:00,         0.000000
02/12/2009 11:00:00,         0.000000
02/12/2009 12:00:00,         0.000000
02/12/2009 13:00:00,         0.000000
02/12/2009 14:00:00,         0.000000
02/12/2009 15:00:00,         0.000000
02/12/2009 16:00:00,         0.000000
02/12/2009 17:00:00,         0.000000
02/12/2009 18:00:00,         0.000000
02/12/2009 19:00:00,         0.000000
02/12/2009 20:00:00,         0.000000
02/12/2009 21:00:00,         0.000000
02/12/2009 22:00:00,         0.000000
02/12/2009 23:00:00,         0.000000
02/13/2009 00:00:00,         0.000000
02/13/2009 01:00:00,         0.000000
02/13/2009 02:00:00,         0.000000
02/13/2009 03:00:00,         0.000000
02/13/2009 04:00:00,       105.404395
02/13/2009 05:00:00,       166.847093
02/13/2009 06:00:00,       274.768923
02/13/2009 07:00:00,       277.037675
02/13/2009 08:00:00,       262.235722
02/13/2009 09:00:00,       299.817354
02/13/2009 10:00:00,       313.203623
02/13/2009 11:00:00,       298.962915
02/13/2009 12:00:00,       313.744139
02/13/2009 13:00:00,       315.362406
02/13/2009 14:00:00,       314.223610
02/13/2009 15:00:00,       306.842294
02/13/2009 16:00:00,       313.100068
02/13/2009 17:00:00,       317.994190
02/13/2009 18:00:00,       319.489815
02/13/2009 19:00:00,       319.950336
02/13/2009 20:00:00,       319.999899
02/13/2009 21:00:00,       320.000000
02/13/2009 22:00:00,       320.000000
02/13/2009 23:00:00,       320.000000
02/14/2009 00:00:00,       320.000000
02/14/2009 01:00:00,       320.000000
02/14/2009 02:00:00,       320.000000
02/14/2009 03:00:00,       320.000000
02/14/2009 04:00:00,       319.911359
02/14/2009 05:00:00,       318.682597
02/14/2009 06:00:00,       314.929515
02/14/2009 07:00:00,       313.228264
02/14/2009 08:00:00,       316.579992
02/14/2009 09:00:00,       315.196706
02/14/2009 10:00:00,       317.808890
02/14/2009 11:00:00,       318.881191
02/14/2009 12:00:00,       319.668736
02/14/2009 13:00:00,       319.899417
02/14/2009 14:00:00,       299.933253
02/14/2009 15:00:00,       304.399344
02/14/2009 16:00:00,       195.099602
02/14/2009 17:00:00,       145.427238
02/14/2009 18:00:00,       221.832620
02/14/2009 19:00:00,       300.289133
02/14/2009 20:00:00,       299.820821
02/14/2009 21:00:00,       300.868933
02/14/2009 22:00:00,       294.675070
02/14/2009 23:00:00,       286.360182
02/15/2009 00:00:00,       266.378165
02/15/2009 01:00:00,       238.035879
02/15/2009 02:00:00,       198.062260
02/15/2009 03:00:00,       145.131462
02/15/2009 04:00:00,        57.061171
02/15/2009 05:00:00,        25.235273
02/15/2009 06:00:00,        22.287242
02/15/2009 07:00:00,        25.186612
02/15/2009 08:00:00,        23.681847
02/15/2009 09:00:00,        41.544356
02/15/2009 10:00:00,        80.379727
02/15/2009 11:00:00,       105.298108
02/15/2009 12:00:00,       150.061412
02/15/2009 13:00:00,       214.175879
02/15/2009 14:00:00,       265.087287
02/15/2009 15:00:00,       258.376878
02/15/2009 16:00:00,       181.535701
02/15/2009 17:00:00,        72.832772
02/15/2009 18:00:00,        18.190780
02/15/2009 19:00:00,        10.154650
02/15/2009 20:00:00,        21.330379
02/15/2009 21:00:00,        35.740590
02/15/2009 22:00:00,        28.365408
02/15/2009 23:00:00,        10.973367
02/16/2009 00:00:00,         4.749841
02/16/2009 01:00:00,         0.395062
02/16/2009 02:00:00,         0.749711
02/16/2009 03:00:00,         8.768030
02/16/2009 04:00:00,        49.678561
02/16/2009 05:00:00,        67.754178
02/16/2009 06:00:00,        80.389587
02/16/2009 07:00:00,        67.343805
02/16/2009 08:00:00,        60.166140
02/16/2009 09:00:00,        70.871290
02/16/2009 10:00:00,        68.243766
02/16/2009 11:00:00,        78.019784
02/16/2009 12:00:00,        78.352136
02/16/2009 13:00:00,        55.323885
02/16/2009 14:00:00,        58.181077
02/16/2009 15:00:00,        61.678575
02/16/2009 16:00:00,        48.925298
02/16/2009 17:00:00,        41.481938
02/16/2009 18:00:00,        37.862609
02/16/2009 19:00:00,        51.381168
02/16/2009 20:00:00,        61.334654
02/16/2009 21:00:00,        64.047884
02/16/2009 22:00:00,        51.786389
02/16/2009 23:00:00,        59.230215
02/17/2009 00:00:00,        72.418648
02/17/2009 01:00:00,        89.010129
02/17/2009 02:00:00,        92.624628
02/17/2009 03:00:00,        91.657855
02/17/2009 04:00:00,       101.216422
02/17/2009 05:00:00,       104.539462
02/17/2009 06:00:00,        84.856202
02/17/2009 07:00:00,        68.186552
02/17/2009 08:00:00,        55.047345
02/17/2009 09:00:00,        66.684387
02/17/2009 10:00:00,        82.916301
02/17/2009 11:00:00,        69.383394
02/17/2009 12:00:00,        60.286601
02/17/2009 13:00:00,        52.867938
02/17/2009 14:00:00,        56.042331
02/17/2009 15:00:00,        52.140421
02/17/2009 16:00:00,        39.784541
02/17/2009 17:00:00,        32.821609
02/17/2009 18:00:00,        29.590293
02/17/2009 19:00:00,        25.540579
02/17/2009 20:00:00,        21.094238
02/17/2009 21:00:00,        16.162221
02/17/2009 22:00:00,        15.160052
02/17/2009 23:00:00,        19.862181
02/18/2009 00:00:00,        26.346117
02/18/2009 01:00:00,        26.167259
02/18/2009 02:00:00,        29.705094
02/18/2009 03:00:00,        40.550265
02/18/2009 04:00:00,        28.068144
02/18/2009 05:00:00,         7.705096
02/18/2009 06:00:00,         0.938915
02/18/2009 07:00:00,         1.330855
02/18/2009 08:00:00,         1.148767
02/18/2009 09:00:00,         1.513657
02/18/2009 10:00:00,         1.835070
02/18/2009 11:00:00,         2.232832
02/18/2009 12:00:00,         0.461124
02/18/2009 13:00:00,         1.125640
02/18/2009 14:00:00,         1.209066
02/18/2009 15:00:00,         5.823428
02/18/2009 16:00:00,        23.634416
02/18/2009 17:00:00,        16.532047
02/18/2009 18:00:00,        12.923720
02/18/2009 19:00:00,        33.349239
02/18/2009 20:00:00,        43.449526
02/18/2009 21:00:00,        46.421428
02/18/2009 22:00:00,        62.968873
02/18/2009 23:00:00,        59.179505
02/19/2009 00:00:00,        50.051591
02/19/2009 01:00:00,        66.839364
02/19/2009 02:00:00,       223.189802
02/19/2009 03:00:00,       291.624944
02/19/2009 04:00:00,       311.454430
02/19/2009 05:00:00,       313.736365
02/19/2009 06:00:00,       311.826806
02/19/2009 07:00:00,       283.626466
02/19/2009 08:00:00,       227.394042
02/19/2009 09:00:00,       179.188097
02/19/2009 10:00:00,       142.877054
02/19/2009 11:00:00,        92.414848
02/19/2009 12:00:00,        81.148608
02/19/2009 13:00:00,        93.394065
02/19/2009 14:00:00,        69.791546
02/19/2009 15:00:00,        33.124905
02/19/2009 16:00:00,        47.518113
02/19/2009 17:00:00,        46.688566
02/19/2009 18:00:00,        63.820820
02/19/2009 19:00:00,        80.430457
02/19/2009 20:00:00,        96.412195
02/19/2009 21:00:00,       103.709793
02/19/2009 22:00:00,       103.165989
02/19/2009 23:00:00,       106.848565
02/20/2009 00:00:00,       168.187448
02/20/2009 01:00:00,       214.802712
02/20/2009 02:00:00,       262.256815
02/20/2009 03:00:00,       258.479918
02/20/2009 04:00:00,       257.064692
02/20/2009 05:00:00,       233.710300
02/20/2009 06:00:00,       207.332656
02/20/2009 07:00:00,       209.585140
02/20/2009 08:00:00,       208.832370
02/20/2009 09:00:00,       159.133377
02/20/2009 10:00:00,       117.117974
02/20/2009 11:00:00,        82.882213
02/20/2009 12:00:00,        55.291523
02/20/2009 13:00:00,       122.461788
02/20/2009 14:00:00,       156.892324
02/20/2009 15:00:00,        44.227101
02/20/2009 16:00:00,        11.261351
02/20/2009 17:00:00,         0.000000
02/20/2009 18:00:00,        60.198804
02/20/2009 19:00:00,       110.835711
02/20/2009 20:00:00,       127.472567
02/20/2009 21:00:00,        98.305811
02/20/2009 22:00:00,       105.660157
02/20/2009 23:00:00,        44.920794
02/21/2009 00:00:00,         0.000000
02/21/2009 01:00:00,         0.000000
02/21/2009 02:00:00,         0.000000
02/21/2009 03:00:00,        79.626111
02/21/2009 04:00:00,       119.918725
02/21/2009 05:00:00,        75.076293
02/21/2009 06:00:00,        70.781961
02/21/2009 07:00:00,        78.219356
02/21/2009 08:00:00,        95.088294
02/21/2009 09:00:00,       143.763754
02/21/2009 10:00:00,       201.677599
02/21/2009 11:00:00,       219.240654
02/21/2009 12:00:00,       249.306843
02/21/2009 13:00:00,       290.255680
02/21/2009 14:00:00,       291.954281
02/21/2009 15:00:00,       309.779653
02/21/2009 16:00:00,       305.012664
02/21/2009 17:00:00,       298.604378
02/21/2009 18:00:00,       312.469017
02/21/2009 19:00:00,       318.065151
02/21/2009 20:00:00,       319.212839
02/21/2009 21:00:00,       319.687254
02/21/2009 22:00:00,       319.726994
02/21/2009 23:00:00,       319.242382
02/22/2009 00:00:00,       318.731716
02/22/2009 01:00:00,       318.897474
02/22/2009 02:00:00,       319.331666
02/22/2009 03:00:00,       319.313231
02/22/2009 04:00:00,       318.425784
02/22/2009 05:00:00,       317.232659
02/22/2009 06:00:00,       315.261274
02/22/2009 07:00:00,       309.630038
02/22/2009 08:00:00,       300.390068
02/22/2009 09:00:00,       276.865347
02/22/2009 10:00:00,       238.682878
02/22/2009 11:00:00,       167.155277
02/22/2009 12:00:00,       125.080617
02/22/2009 13:00:00,        81.716041
02/22/2009 14:00:00,        56.359567
02/22/2009 15:00:00,        52.458160
02/22/2009 16:00:00,        45.036334
02/22/2009 17:00:00,        19.706762
02/22/2009 18:00:00,         4.824532
02/22/2009 19:00:00,         0.664644
02/22/2009 20:00:00,         0.160661
02/22/2009 21:00:00,         0.000000
02/22/2009 22:00:00,         0.039195
02/22/2009 23:00:00,         2.232766
02/23/2009 00:00:00,        16.191059
02/23/2009 01:00:00,        34.604062
02/23/2009 02:00:00,        31.910854
02/23/2009 03:00:00,        20.535338
02/23/2009 04:00:00,        25.554973
02/23/2009 05:00:00,        39.743043
02/23/2009 06:00:00,       106.855784
02/23/2009 07:00:00,       118.745622
02/23/2009 08:00:00,         0.000000
02/23/2009 09:00:00,        29.803980
02/23/2009 10:00:00,       116.595053
02/23/2009 11:00:00,         0.000000
02/23/2009 12:00:00,         0.000000
02/23/2009 13:00:00,         0.000000
02/23/2009 14:00:00,        32.000000
02/23/2009 15:00:00,        80.000000
02/23/2009 16:00:00,       144.000000
02/23/2009 17:00:00,       176.000000
02/23/2009 18:00:00,       208.000000
02/23/2009 19:00:00,       320.000000
02/23/2009 20:00:00,       320.000000
02/23/2009 21:00:00,       320.000000
02/23/2009 22:00:00,       320.000000
02/23/2009 23:00:00,       320.000000
02/24/2009 00:00:00,       319.997463
02/24/2009 01:00:00,       319.717230
02/24/2009 02:00:00,       315.817212
02/24/2009 03:00:00,       314.413380
02/24/2009 04:00:00,       310.252673
02/24/2009 05:00:00,       285.935916
02/24/2009 06:00:00,       274.758663
02/24/2009 07:00:00,       275.948339
02/24/2009 08:00:00,       282.903078
02/24/2009 09:00:00,       272.195763
02/24/2009 10:00:00,       253.591379
02/24/2009 11:00:00,       242.840656
02/24/2009 12:00:00,       233.081266
02/24/2009 13:00:00,       223.475638
02/24/2009 14:00:00,       181.182829
02/24/2009 15:00:00,       148.324718
02/24/2009 16:00:00,       110.046865
02/24/2009 17:00:00,       114.971864
02/24/2009 18:00:00,       114.704572
02/24/2009 19:00:00,       152.721160
02/24/2009 20:00:00,       189.928211
02/24/2009 21:00:00,       195.469503
02/24/2009 22:00:00,       197.533426
02/24/2009 23:00:00,       180.580620
02/25/2009 00:00:00,       163.701454
02/25/2009 01:00:00,       174.298626
02/25/2009 02:00:00,       162.812532
02/25/2009 03:00:00,       116.333496
02/25/2009 04:00:00,       102.895807
02/25/2009 05:00:00,        79.267136
02/25/2009 06:00:00,        77.891098
02/25/2009 07:00:00,        82.979474
02/25/2009 08:00:00,       109.215569
02/25/2009 09:00:00,       108.300694
02/25/2009 10:00:00,        94.839219
02/25/2009 11:00:00,       105.899314
02/25/2009 12:00:00,       121.628609
02/25/2009 13:00:00,       126.571431
02/25/2009 14:00:00,       154.096431
02/25/2009 15:00:00,       129.598007
02/25/2009 16:00:00,        80.956764
02/25/2009 17:00:00,        57.395283
02/25/2009 18:00:00,        64.008287
02/25/2009 19:00:00,        68.201398
02/25/2009 20:00:00,        64.107554
02/25/2009 21:00:00,        64.254455
02/25/2009 22:00:00,        44.263936
02/25/2009 23:00:00,        40.278742
02/26/2009 00:00:00,        36.285699
02/26/2009 01:00:00,        33.932399
02/26/2009 02:00:00,        75.322108
02/26/2009 03:00:00,       154.648373
02/26/2009 04:00:00,       156.358464
02/26/2009 05:00:00,       172.585837
02/26/2009 06:00:00,       253.813726
02/26/2009 07:00:00,       272.582462
02/26/2009 08:00:00,       274.274454
02/26/2009 09:00:00,       262.733889
02/26/2009 10:00:00,       268.325326
02/26/2009 11:00:00,       277.631481
02/26/2009 12:00:00,       302.668768
02/26/2009 13:00:00,       311.584967
02/26/2009 14:00:00,       316.615335
02/26/2009 15:00:00,       318.742300
02/26/2009 16:00:00,       306.982563
02/26/2009 17:00:00,       299.677482
02/26/2009 18:00:00,       272.373423
02/26/2009 19:00:00,       253.454534
02/26/2009 20:00:00,       224.329027
02/26/2009 21:00:00,       177.934496
02/26/2009 22:00:00,       129.398387
02/26/2009 23:00:00,       112.206937
02/27/2009 00:00:00,       108.234807
02/27/2009 01:00:00,        98.593611
02/27/2009 02:00:00,       114.930719
02/27/2009 03:00:00,        96.655584
02/27/2009 04:00:00,        83.615870
02/27/2009 05:00:00,        84.482924
02/27/2009 06:00:00,        87.729026
02/27/2009 07:00:00,        97.977026
02/27/2009 08:00:00,        96.832851
02/27/2009 09:00:00,       120.655318
02/27/2009 10:00:00,       197.931065
02/27/2009 11:00:00,       306.257706
02/27/2009 12:00:00,       319.952680
02/27/2009 13:00:00,       319.987313
02/27/2009 14:00:00,       320.000000
02/27/2009 15:00:00,       320.000000
02/27/2009 16:00:00,       320.000000
02/27/2009 17:00:00,       319.993825
02/27/2009 18:00:00,       320.000000
02/27/2009 19:00:00,       320.000000
02/27/2009 20:00:00,       320.000000
02/27/2009 21:00:00,       320.000000
02/27/2009 22:00:00,       320.000000
02/27/2009 23:00:00,       320.000000
02/28/2009 00:00:00,       320.000000
02/28/2009 01:00:00,       320.000000
02/28/2009 02:00:00,       320.000000
02/28/2009 03:00:00,       319.967996
02/28/2009 04:00:00,       293.201668
02/28/2009 05:00:00,       250.402602
02/28/2009 06:00:00,       300.706534
02/28/2009 07:00:00,       274.761051
02/28/2009 08:00:00,       306.365521
02/28/2009 09:00:00,       311.472435
02/28/2009 10:00:00,       312.077937
02/28/2009 11:00:00,       316.349462
02/28/2009 12:00:00,       317.914785
02/28/2009 13:00:00,       317.084967
02/28/2009 14:00:00,       304.031580
02/28/2009 15:00:00,       283.201310
02/28/2009 16:00:00,       256.971604
02/28/2009 17:00:00,       216.847248
02/28/2009 18:00:00,       186.860600
02/28/2009 19:00:00,       159.871557
02/28/2009 20:00:00,       125.030970
02/28/2009 21:00:00,        83.913254
02/28/2009 22:00:00,        66.874655
02/28/2009 23:00:00,        52.843537
03/01/2009 00:00:00,        43.526684
03/01/2009 01:00:00,        34.068044
03/01/2009 02:00:00,        20.971746
03/01/2009 03:00:00,        15.739957
03/01/2009 04:00:00,        14.796759
03/01/2009 05:00:00,        13.612565
03/01/2009 06:00:00,         2.785738
03/01/2009 07:00:00,         0.181481
03/01/2009 08:00:00,         7.433419
03/01/2009 09:00:00,        40.876325
03/01/2009 10:00:00,        65.410215
03/01/2009 11:00:00,        57.029051
03/01/2009 12:00:00,        44.319392
03/01/2009 13:00:00,        45.801287
03/01/2009 14:00:00,        33.782514
03/01/2009 15:00:00,        29.016461
03/01/2009 16:00:00,        87.709285
03/01/2009 17:00:00,        14.079590
03/01/2009 18:00:00,         2.685696
03/01/2009 19:00:00,        21.253171
03/01/2009 20:00:00,        79.027565
03/01/2009 21:00:00,       218.891872
03/01/2009 22:00:00,       243.165005
03/01/2009 23:00:00,       250.887956
03/02/2009 00:00:00,       245.716808
03/02/2009 01:00:00,       232.926770
03/02/2009 02:00:00,       221.056697
03/02/2009 03:00:00,       201.087005
03/02/2009 04:00:00,       183.261073
03/02/2009 05:00:00,       152.916094
03/02/2009 06:00:00,       124.426562
03/02/2009 07:00:00,       119.706013
03/02/2009 08:00:00,        97.068604
03/02/2009 09:00:00,        98.545379
03/02/2009 10:00:00,       109.551171
03/02/2009 11:00:00,       120.977901
03/02/2009 12:00:00,       126.660056
03/02/2009 13:00:00,       131.082636
03/02/2009 14:00:00,       146.593324
03/02/2009 15:00:00,       200.262049
03/02/2009 16:00:00,       205.981243
03/02/2009 17:00:00,       219.365096
03/02/2009 18:00:00,       261.383556
03/02/2009 19:00:00,       280.187232
03/02/2009 20:00:00,       288.124838
03/02/2009 21:00:00,       298.559459
03/02/2009 22:00:00,       306.040086
03/02/2009 23:00:00,       310.893576
03/03/2009 00:00:00,       315.693082
03/03/2009 01:00:00,       316.793850
03/03/2009 02:00:00,       317.268675
03/03/2009 03:00:00,       318.465946
03/03/2009 04:00:00,       317.920076
03/03/2009 05:00:00,       318.686988
03/03/2009 06:00:00,       311.943688
03/03/2009 07:00:00,       310.835868
03/03/2009 08:00:00,       295.941177
03/03/2009 09:00:00,       211.290826
03/03/2009 10:00:00,       107.826353
03/03/2009 11:00:00,        70.591036
03/03/2009 12:00:00,        58.009943
03/03/2009 13:00:00,        55.318408
03/03/2009 14:00:00,        43.973517
03/03/2009 15:00:00,        63.376079
03/03/2009 16:00:00,        65.074758
03/03/2009 17:00:00,        84.060458
03/03/2009 18:00:00,        75.377272
03/03/2009 19:00:00,        89.201282
03/03/2009 20:00:00,       133.602276
03/03/2009 21:00:00,       156.273230
03/03/2009 22:00:00,       178.368564
03/03/2009 23:00:00,       132.080906
03/04/2009 00:00:00,        86.679408
03/04/2009 01:00:00,        68.821783
03/04/2009 02:00:00,        93.760371
03/04/2009 03:00:00,       116.324135
03/04/2009 04:00:00,       149.086048
03/04/2009 05:00:00,       189.136576
03/04/2009 06:00:00,       201.420986
03/04/2009 07:00:00,       200.227330
03/04/2009 08:00:00,       209.946337
03/04/2009 09:00:00,       218.312332
03/04/2009 10:00:00,       228.240539
03/04/2009 11:00:00,       237.611713
03/04/2009 12:00:00,       231.359394
03/04/2009 13:00:00,       227.559618
03/04/2009 14:00:00,       235.384069
03/04/2009 15:00:00,       234.420732
03/04/2009 16:00:00,       237.461802
03/04/2009 17:00:00,       237.174265
03/04/2009 18:00:00,       234.797342
03/04/2009 19:00:00,       278.592086
03/04/2009 20:00:00,       272.365401
03/04/2009 21:00:00,       270.738996
03/04/2009 22:00:00,       295.932025
03/04/2009 23:00:00,       299.174884
03/05/2009 00:00:00,       279.259825
03/05/2009 01:00:00,       277.268615
03/05/2009 02:00:00,       307.833902
03/05/2009 03:00:00,       315.652082
03/05/2009 04:00:00,       302.399115
03/05/2009 05:00:00,       267.934793
03/05/2009 06:00:00,       258.084183
03/05/2009 07:00:00,       258.969841
03/05/2009 08:00:00,       271.387847
03/05/2009 09:00:00,       249.171612
03/05/2009 10:00:00,       235.808249
03/05/2009 11:00:00,       210.994246
03/05/2009 12:00:00,       193.584891
03/05/2009 13:00:00,       111.724547
03/05/2009 14:00:00,        99.448438
03/05/2009 15:00:00,        98.399531
03/05/2009 16:00:00,       100.050832
03/05/2009 17:00:00,        85.882130
03/05/2009 18:00:00,        81.702652
03/05/2009 19:00:00,        77.036988
03/05/2009 20:00:00,        69.714275
03/05/2009 21:00:00,        60.902485
03/05/2009 22:00:00,        54.347500
03/05/2009 23:00:00,        49.694224
03/06/2009 00:00:00,        63.277318
03/06/2009 01:00:00,        66.869934
03/06/2009 02:00:00,        76.774414
03/06/2009 03:00:00,        56.352750
03/06/2009 04:00:00,        24.864073
03/06/2009 05:00:00,         0.178927
03/06/2009 06:00:00,         0.291025
03/06/2009 07:00:00,         5.031396
03/06/2009 08:00:00,         8.632035
03/06/2009 09:00:00,        76.377779
03/06/2009 10:00:00,       285.896019
03/06/2009 11:00:00,       302.204598
03/06/2009 12:00:00,       319.974068
03/06/2009 13:00:00,       320.000000
03/06/2009 14:00:00,       320.000000
03/06/2009 15:00:00,       319.902694
03/06/2009 16:00:00,       319.337820
03/06/2009 17:00:00,       312.112685
03/06/2009 18:00:00,       285.329514
03/06/2009 19:00:00,       218.657805
03/06/2009 20:00:00,       201.658702
03/06/2009 21:00:00,       242.665951
03/06/2009 22:00:00,       295.371917
03/06/2009 23:00:00,       319.963741
03/07/2009 00:00:00,       320.000000
03/07/2009 01:00:00,       320.000000
03/07/2009 02:00:00,       320.000000
03/07/2009 03:00:00,       320.000000
03/07/2009 04:00:00,       316.233213
03/07/2009 05:00:00,       276.106008
03/07/2009 06:00:00,       196.874020
03/07/2009 07:00:00,        91.828974
03/07/2009 08:00:00,         2.064738
03/07/2009 09:00:00,         0.000000
03/07/2009 10:00:00,         0.000000
03/07/2009 11:00:00,         0.000000
03/07/2009 12:00:00,         0.000000
03/07/2009 13:00:00,         0.000000
03/07/2009 14:00:00,       195.114664
03/07/2009 15:00:00,       282.325145
03/07/2009 16:00:00,       294.421071
03/07/2009 17:00:00,       301.207516
03/07/2009 18:00:00,       312.862017
03/07/2009 19:00:00,       313.504415
03/07/2009 20:00:00,       297.542881
03/07/2009 21:00:00,       284.553886
03/07/2009 22:00:00,       244.593658
03/07/2009 23:00:00,       262.350831
03/08/2009 00:00:00,       269.239241
03/08/2009 01:00:00,       279.163669
03/08/2009 02:00:00,       294.089416
03/08/2009 03:00:00,       280.712295
03/08/2009 04:00:00,       223.657564
03/08/2009 05:00:00,       170.602868
03/08/2009 06:00:00,       102.243569
03/08/2009 07:00:00,        62.871029
03/08/2009 08:00:00,        34.826190
03/08/2009 09:00:00,        38.386044
03/08/2009 10:00:00,        59.147046
03/08/2009 11:00:00,        69.101236
03/08/2009 12:00:00,        66.790997
03/08/2009 13:00:00,       155.196702
03/08/2009 14:00:00,       239.694749
03/08/2009 15:00:00,       207.741080
03/08/2009 16:00:00,        80.367233
03/08/2009 17:00:00,         0.000000
03/08/2009 18:00:00,         0.000000
03/08/2009 19:00:00,        76.650369
03/08/2009 20:00:00,       318.889988
03/08/2009 21:00:00,       319.839830
03/08/2009 22:00:00,       319.856046
03/08/2009 23:00:00,       319.938244
03/09/2009 00:00:00,       319.309017
03/09/2009 01:00:00,       319.483410
03/09/2009 02:00:00,       319.548364
03/09/2009 03:00:00,       319.408466
03/09/2009 04:00:00,       317.166138
03/09/2009 05:00:00,       258.382086
03/09/2009 06:00:00,       151.447951
03/09/2009 07:00:00,        66.254105
03/09/2009 08:00:00,        57.373895
03/09/2009 09:00:00,        49.969545
03/09/2009 10:00:00,        97.723392
03/09/2009 11:00:00,        75.020595
03/09/2009 12:00:00,        60.618020
03/09/2009 13:00:00,        38.551749
03/09/2009 14:00:00,        19.627883
03/09/2009 15:00:00,        22.798557
03/09/2009 16:00:00,        10.145435
03/09/2009 17:00:00,        24.000623
03/09/2009 18:00:00,        19.851300
03/09/2009 19:00:00,         9.881289
03/09/2009 20:00:00,         2.498734
03/09/2009 21:00:00,         0.668568
03/09/2009 22:00:00,         0.268909
03/09/2009 23:00:00,         0.620320
03/10/2009 00:00:00,         1.928644
03/10/2009 01:00:00,         1.065727
03/10/2009 02:00:00,         0.267920
03/10/2009 03:00:00,         0.072662
03/10/2009 04:00:00,         0.010459
03/10/2009 05:00:00,         0.021093
03/10/2009 06:00:00,         0.441314
03/10/2009 07:00:00,         1.305086
03/10/2009 08:00:00,         8.735155
03/10/2009 09:00:00,        22.452896
03/10/2009 10:00:00,        34.947979
03/10/2009 11:00:00,        34.435401
03/10/2009 12:00:00,        27.922170
03/10/2009 13:00:00,        21.056063
03/10/2009 14:00:00,        17.182220
03/10/2009 15:00:00,        29.114125
03/10/2009 16:00:00,        28.289846
03/10/2009 17:00:00,         2.599692
03/10/2009 18:00:00,         0.292712
03/10/2009 19:00:00,         0.135981
03/10/2009 20:00:00,         0.037162
03/10/2009 21:00:00,         0.000000
03/10/2009 22:00:00,         0.000000
03/10/2009 23:00:00,         0.000000
03/11/2009 00:00:00,         0.000000
03/11/2009 01:00:00,         0.000000
03/11/2009 02:00:00,         0.032419
03/11/2009 03:00:00,         2.765808
03/11/2009 04:00:00,        27.009834
03/11/2009 05:00:00,        37.297585
03/11/2009 06:00:00,        45.712433
03/11/2009 07:00:00,       142.711158
03/11/2009 08:00:00,       275.286795
03/11/2009 09:00:00,       317.414989
03/11/2009 10:00:00,       313.252647
03/11/2009 11:00:00,       303.781639
03/11/2009 12:00:00,       319.960329
03/11/2009 13:00:00,       319.983013
03/11/2009 14:00:00,       319.949647
03/11/2009 15:00:00,       319.350610
03/11/2009 16:00:00,       319.988220
03/11/2009 17:00:00,       320.000000
03/11/2009 18:00:00,       320.000000
03/11/2009 19:00:00,       320.000000
03/11/2009 20:00:00,       320.000000
03/11/2009 21:00:00,       320.000000
03/11/2009 22:00:00,       320.000000
03/11/2009 23:00:00,       320.000000
03/12/2009 00:00:00,       319.998393
03/12/2009 01:00:00,       319.991456
03/12/2009 02:00:00,       319.979918
03/12/2009 03:00:00,       307.457342
03/12/2009 04:00:00,       291.021139
03/12/2009 05:00:00,       319.811876
03/12/2009 06:00:00,       320.000000
03/12/2009 07:00:00,       320.000000
03/12/2009 08:00:00,       320.000000
03/12/2009 09:00:00,       320.000000
03/12/2009 10:00:00,       320.000000
03/12/2009 11:00:00,       320.000000
03/12/2009 12:00:00,       320.000000
03/12/2009 13:00:00,       320.000000
03/12/2009 14:00:00,       320.000000
03/12/2009 15:00:00,       320.000000
03/12/2009 16:00:00,       320.000000
03/12/2009 17:00:00,       320.000000
03/12/2009 18:00:00,       319.998721
03/12/2009 19:00:00,       319.973305
03/12/2009 20:00:00,       319.866693
03/12/2009 21:00:00,       319.863023
03/12/2009 22:00:00,       319.905093
03/12/2009 23:00:00,       319.945157
03/13/2009 00:00:00,       319.987936
03/13/2009 01:00:00,       319.999471
03/13/2009 02:00:00,       320.000000
03/13/2009 03:00:00,       320.000000
03/13/2009 04:00:00,       319.999434
03/13/2009 05:00:00,       319.997638
03/13/2009 06:00:00,       319.986365
03/13/2009 07:00:00,       319.964188
03/13/2009 08:00:00,       319.715310
03/13/2009 09:00:00,       318.012289
03/13/2009 10:00:00,       315.792903
03/13/2009 11:00:00,       309.622748
03/13/2009 12:00:00,       308.920474
03/13/2009 13:00:00,       295.632813
03/13/2009 14:00:00,       280.141167
03/13/2009 15:00:00,       266.128222
03/13/2009 16:00:00,       260.629669
03/13/2009 17:00:00,       260.045362
03/13/2009 18:00:00,       264.922143
03/13/2009 19:00:00,       268.041465
03/13/2009 20:00:00,       268.186266
03/13/2009 21:00:00,       271.743238
03/13/2009 22:00:00,       245.486626
03/13/2009 23:00:00,       219.964846
03/14/2009 00:00:00,       212.763246
03/14/2009 01:00:00,       220.306318
03/14/2009 02:00:00,       213.286473
03/14/2009 03:00:00,       214.139884
03/14/2009 04:00:00,       260.869530
03/14/2009 05:00:00,       269.632034
03/14/2009 06:00:00,       280.056306
03/14/2009 07:00:00,       288.775040
03/14/2009 08:00:00,       292.241689
03/14/2009 09:00:00,       298.738178
03/14/2009 10:00:00,       307.252458
03/14/2009 11:00:00,       314.595963
03/14/2009 12:00:00,       315.603611
03/14/2009 13:00:00,       315.315649
03/14/2009 14:00:00,       312.121600
03/14/2009 15:00:00,       298.134913
03/14/2009 16:00:00,       235.428516
03/14/2009 17:00:00,       213.480188
03/14/2009 18:00:00,       242.298392
03/14/2009 19:00:00,       292.464648
03/14/2009 20:00:00,       309.894052
03/14/2009 21:00:00,       318.022126
03/14/2009 22:00:00,       319.168725
03/14/2009 23:00:00,       319.079916
03/15/2009 00:00:00,       318.642118
03/15/2009 01:00:00,       302.391955
03/15/2009 02:00:00,       207.259752
03/15/2009 03:00:00,       134.040155
03/15/2009 04:00:00,       237.082293
03/15/2009 05:00:00,       239.207536
03/15/2009 06:00:00,       224.392868
03/15/2009 07:00:00,       108.133915
03/15/2009 08:00:00,        66.603977
03/15/2009 09:00:00,        78.056250
03/15/2009 10:00:00,        96.766312
03/15/2009 11:00:00,        84.560775
03/15/2009 12:00:00,        60.231167
03/15/2009 13:00:00,        76.198667
03/15/2009 14:00:00,        75.327025
03/15/2009 15:00:00,        47.661406
03/15/2009 16:00:00,        30.988174
03/15/2009 17:00:00,        25.800464
03/15/2009 18:00:00,        48.946201
03/15/2009 19:00:00,        83.445161
03/15/2009 20:00:00,        66.347005
03/15/2009 21:00:00,        82.876044
03/15/2009 22:00:00,        99.295630
03/15/2009 23:00:00,       106.884120
03/16/2009 00:00:00,       153.212818
03/16/2009 01:00:00,       204.402132
03/16/2009 02:00:00,       247.284755
03/16/2009 03:00:00,       274.993361
03/16/2009 04:00:00,       232.016966
03/16/2009 05:00:00,       138.409369
03/16/2009 06:00:00,        97.853519
03/16/2009 07:00:00,       101.574811
03/16/2009 08:00:00,       100.621301
03/16/2009 09:00:00,        70.137309
03/16/2009 10:00:00,        49.902701
03/16/2009 11:00:00,        36.984379
03/16/2009 12:00:00,        25.661402
03/16/2009 13:00:00,        21.827442
03/16/2009 14:00:00,        18.826954
03/16/2009 15:00:00,        12.659475
03/16/2009 16:00:00,        10.075398
03/16/2009 17:00:00,        22.441332
03/16/2009 18:00:00,        38.456928
03/16/2009 19:00:00,        46.194761
03/16/2009 20:00:00,        44.077305
03/16/2009 21:00:00,        35.339958
03/16/2009 22:00:00,        42.501741
03/16/2009 23:00:00,        50.079366
03/17/2009 00:00:00,        56.067804
03/17/2009 01:00:00,        68.358875
03/17/2009 02:00:00,        81.964044
03/17/2009 03:00:00,        93.804283
03/17/2009 04:00:00,        82.941095
03/17/2009 05:00:00,        27.521196
03/17/2009 06:00:00,        10.527571
03/17/2009 07:00:00,         1.986517
03/17/2009 08:00:00,         0.460220
03/17/2009 09:00:00,         0.432970
03/17/2009 10:00:00,         0.683077
03/17/2009 11:00:00,         1.584597
03/17/2009 12:00:00,         4.058259
03/17/2009 13:00:00,         3.171389
03/17/2009 14:00:00,        29.450756
03/17/2009 15:00:00,        61.496734
03/17/2009 16:00:00,        46.447885
03/17/2009 17:00:00,         9.304047
03/17/2009 18:00:00,         1.909689
03/17/2009 19:00:00,         0.715224
03/17/2009 20:00:00,         0.783803
03/17/2009 21:00:00,         0.044074
03/17/2009 22:00:00,         0.139226
03/17/2009 23:00:00,         2.385810
03/18/2009 00:00:00,         5.631192
03/18/2009 01:00:00,        18.711548
03/18/2009 02:00:00,        62.526983
03/18/2009 03:00:00,        91.735074
03/18/2009 04:00:00,       139.915041
03/18/2009 05:00:00,       214.874366
03/18/2009 06:00:00,       257.395311
03/18/2009 07:00:00,       283.590818
03/18/2009 08:00:00,       305.628203
03/18/2009 09:00:00,       318.817181
03/18/2009 10:00:00,       319.246379
03/18/2009 11:00:00,       319.814116
03/18/2009 12:00:00,       255.945748
03/18/2009 13:00:00,       271.985540
03/18/2009 14:00:00,       319.939627
03/18/2009 15:00:00,       319.733075
03/18/2009 16:00:00,       310.783062
03/18/2009 17:00:00,       302.683264
03/18/2009 18:00:00,       312.626964
03/18/2009 19:00:00,       311.213586
03/18/2009 20:00:00,       296.480964
03/18/2009 21:00:00,       260.983966
03/18/2009 22:00:00,       210.535773
03/18/2009 23:00:00,       276.875110
03/19/2009 00:00:00,       271.487064
03/19/2009 01:00:00,       297.901620
03/19/2009 02:00:00,       319.028819
03/19/2009 03:00:00,        93.075429
03/19/2009 04:00:00,       142.312867
03/19/2009 05:00:00,       218.458256
03/19/2009 06:00:00,       299.524246
03/19/2009 07:00:00,       307.701597
03/19/2009 08:00:00,       305.881353
03/19/2009 09:00:00,       299.375484
03/19/2009 10:00:00,       248.916974
03/19/2009 11:00:00,       297.018960
03/19/2009 12:00:00,       309.183968
03/19/2009 13:00:00,       301.860158
03/19/2009 14:00:00,       301.973599
03/19/2009 15:00:00,       266.293845
03/19/2009 16:00:00,       292.891349
03/19/2009 17:00:00,       311.117050
03/19/2009 18:00:00,       315.380361
03/19/2009 19:00:00,       319.806644
03/19/2009 20:00:00,       319.789051
03/19/2009 21:00:00,       319.800239
03/19/2009 22:00:00,       319.929978
03/19/2009 23:00:00,       319.892919
03/20/2009 00:00:00,       319.871135
03/20/2009 01:00:00,       319.904586
03/20/2009 02:00:00,       319.871735
03/20/2009 03:00:00,       319.518457
03/20/2009 04:00:00,       318.637854
03/20/2009 05:00:00,       309.456710
03/20/2009 06:00:00,       281.173996
03/20/2009 07:00:00,       274.997029
03/20/2009 08:00:00,       275.096055
03/20/2009 09:00:00,       247.245147
03/20/2009 10:00:00,       219.867554
03/20/2009 11:00:00,       196.515822
03/20/2009 12:00:00,       179.829742
03/20/2009 13:00:00,       176.101657
03/20/2009 14:00:00,       156.106569
03/20/2009 15:00:00,       119.678559
03/20/2009 16:00:00,       100.259251
03/20/2009 17:00:00,        69.041676
03/20/2009 18:00:00,        86.860704
03/20/2009 19:00:00,       180.606333
03/20/2009 20:00:00,       148.291331
03/20/2009 21:00:00,       108.744414
03/20/2009 22:00:00,       117.777287
03/20/2009 23:00:00,       123.756201
03/21/2009 00:00:00,       104.376886
03/21/2009 01:00:00,       110.212687
03/21/2009 02:00:00,       157.364584
03/21/2009 03:00:00,       215.592831
03/21/2009 04:00:00,       146.728321
03/21/2009 05:00:00,        87.703879
03/21/2009 06:00:00,        63.697269
03/21/2009 07:00:00,        42.965234
03/21/2009 08:00:00,        28.814687
03/21/2009 09:00:00,        17.907816
03/21/2009 10:00:00,         8.591135
03/21/2009 11:00:00,         4.667182
03/21/2009 12:00:00,         6.556093
03/21/2009 13:00:00,         5.709943
03/21/2009 14:00:00,        12.543461
03/21/2009 15:00:00,        21.273301
03/21/2009 16:00:00,        25.902011
03/21/2009 17:00:00,         8.065371
03/21/2009 18:00:00,         1.376392
03/21/2009 19:00:00,         0.246699
03/21/2009 20:00:00,         0.115172
03/21/2009 21:00:00,         0.129323
03/21/2009 22:00:00,         1.081971
03/21/2009 23:00:00,         3.764655
03/22/2009 00:00:00,        38.682873
03/22/2009 01:00:00,        85.016743
03/22/2009 02:00:00,       175.774220
03/22/2009 03:00:00,       229.920150
03/22/2009 04:00:00,       253.548789
03/22/2009 05:00:00,       276.037389
03/22/2009 06:00:00,       272.489884
03/22/2009 07:00:00,       271.036253
03/22/2009 08:00:00,       251.782783
03/22/2009 09:00:00,       234.872166
03/22/2009 10:00:00,       200.715186
03/22/2009 11:00:00,       198.407477
03/22/2009 12:00:00,       209.725395
03/22/2009 13:00:00,        45.292365
03/22/2009 14:00:00,       209.158068
03/22/2009 15:00:00,       192.301525
03/22/2009 16:00:00,       155.882268
03/22/2009 17:00:00,       137.937741
03/22/2009 18:00:00,       136.477016
03/22/2009 19:00:00,       130.898769
03/22/2009 20:00:00,       178.703004
03/22/2009 21:00:00,       220.278347
03/22/2009 22:00:00,       248.157376
03/22/2009 23:00:00,       223.049245
03/23/2009 00:00:00,       220.226094
03/23/2009 01:00:00,       231.111454
03/23/2009 02:00:00,       223.166412
03/23/2009 03:00:00,       185.998038
03/23/2009 04:00:00,       166.652148
03/23/2009 05:00:00,       141.357726
03/23/2009 06:00:00,       123.741009
03/23/2009 07:00:00,       105.293202
03/23/2009 08:00:00,        75.508301
03/23/2009 09:00:00,        68.916379
03/23/2009 10:00:00,        64.132908
03/23/2009 11:00:00,        55.019935
03/23/2009 12:00:00,        51.346674
03/23/2009 13:00:00,        38.659774
03/23/2009 14:00:00,        31.607074
03/23/2009 15:00:00,        53.056116
03/23/2009 16:00:00,        78.824150
03/23/2009 17:00:00,        99.653756
03/23/2009 18:00:00,       115.576762
03/23/2009 19:00:00,        57.965037
03/23/2009 20:00:00,       255.407053
03/23/2009 21:00:00,       290.940907
03/23/2009 22:00:00,       295.690569
03/23/2009 23:00:00,       207.419985
03/24/2009 00:00:00,       246.300463
03/24/2009 01:00:00,       297.004105
03/24/2009 02:00:00,       297.511246
03/24/2009 03:00:00,       266.881142
03/24/2009 04:00:00,       283.244426
03/24/2009 05:00:00,       300.179582
03/24/2009 06:00:00,       314.749093
03/24/2009 07:00:00,       312.249019
03/24/2009 08:00:00,       315.514793
03/24/2009 09:00:00,       315.062543
03/24/2009 10:00:00,       314.422898
03/24/2009 11:00:00,       313.642149
03/24/2009 12:00:00,       251.265190
03/24/2009 13:00:00,       202.713467
03/24/2009 14:00:00,       185.460177
03/24/2009 15:00:00,       170.481506
03/24/2009 16:00:00,       169.208372
03/24/2009 17:00:00,       232.125490
03/24/2009 18:00:00,       278.881538
03/24/2009 19:00:00,       270.794004
03/24/2009 20:00:00,       258.878640
03/24/2009 21:00:00,       205.551009
03/24/2009 22:00:00,       163.534398
03/24/2009 23:00:00,       132.530719
03/25/2009 00:00:00,        90.862475
03/25/2009 01:00:00,        61.506606
03/25/2009 02:00:00,        42.150975
03/25/2009 03:00:00,        32.345235
03/25/2009 04:00:00,        23.268020
03/25/2009 05:00:00,        17.004629
03/25/2009 06:00:00,        12.574102
03/25/2009 07:00:00,         2.248373
03/25/2009 08:00:00,         0.310580
03/25/2009 09:00:00,         0.158451
03/25/2009 10:00:00,         0.087464
03/25/2009 11:00:00,         0.096229
03/25/2009 12:00:00,         0.078198
03/25/2009 13:00:00,         0.000000
03/25/2009 14:00:00,         0.000000
03/25/2009 15:00:00,         0.000000
03/25/2009 16:00:00,         0.000000
03/25/2009 17:00:00,         0.000000
03/25/2009 18:00:00,         0.000000
03/25/2009 19:00:00,         0.295268
03/25/2009 20:00:00,         0.579288
03/25/2009 21:00:00,         0.909440
03/25/2009 22:00:00,         0.937308
03/25/2009 23:00:00,         0.780160
03/26/2009 00:00:00,         0.753430
03/26/2009 01:00:00,         0.920096
03/26/2009 02:00:00,         0.626433
03/26/2009 03:00:00,         0.885926
03/26/2009 04:00:00,         2.413039
03/26/2009 05:00:00,         2.240556
03/26/2009 06:00:00,         1.520089
03/26/2009 07:00:00,         5.187872
03/26/2009 08:00:00,        33.436830
03/26/2009 09:00:00,        91.851759
03/26/2009 10:00:00,       107.436768
03/26/2009 11:00:00,       153.628982
03/26/2009 12:00:00,       170.888274
03/26/2009 13:00:00,       126.268904
03/26/2009 14:00:00,        94.908272
03/26/2009 15:00:00,       104.598538
03/26/2009 16:00:00,        14.048851
03/26/2009 17:00:00,         1.366319
03/26/2009 18:00:00,         4.632846
03/26/2009 19:00:00,         9.883973
03/26/2009 20:00:00,        14.585669
03/26/2009 21:00:00,        20.206954
03/26/2009 22:00:00,        20.460193
03/26/2009 23:00:00,        16.846498
03/27/2009 00:00:00,        18.511907
03/27/2009 01:00:00,        29.472464
03/27/2009 02:00:00,       100.828861
03/27/2009 03:00:00,       255.717533
03/27/2009 04:00:00,       309.923918
03/27/2009 05:00:00,       314.395494
03/27/2009 06:00:00,       312.222256
03/27/2009 07:00:00,       311.953279
03/27/2009 08:00:00,       311.157141
03/27/2009 09:00:00,       302.751216
03/27/2009 10:00:00,       294.190569
03/27/2009 11:00:00,       287.801230
03/27/2009 12:00:00,       260.443708
03/27/2009 13:00:00,       203.713900
03/27/2009 14:00:00,       101.956764
03/27/2009 15:00:00,        69.960829
03/27/2009 16:00:00,        70.645945
03/27/2009 17:00:00,        36.326980
03/27/2009 18:00:00,        13.037773
03/27/2009 19:00:00,        11.689632
03/27/2009 20:00:00,         8.315515
03/27/2009 21:00:00,         9.405541
03/27/2009 22:00:00,        14.483962
03/27/2009 23:00:00,         7.539769
03/28/2009 00:00:00,         7.238749
03/28/2009 01:00:00,        33.255865
03/28/2009 02:00:00,        56.504052
03/28/2009 03:00:00,        78.298325
03/28/2009 04:00:00,       113.671640
03/28/2009 05:00:00,       162.988182
03/28/2009 06:00:00,       197.038930
03/28/2009 07:00:00,       195.303619
03/28/2009 08:00:00,       225.179678
03/28/2009 09:00:00,       229.202802
03/28/2009 10:00:00,       179.444479
03/28/2009 11:00:00,       129.797598
03/28/2009 12:00:00,        72.740279
03/28/2009 13:00:00,        40.790100
03/28/2009 14:00:00,         7.182840
03/28/2009 15:00:00,         0.604392
03/28/2009 16:00:00,         3.473421
03/28/2009 17:00:00,        17.275271
03/28/2009 18:00:00,        50.561772
03/28/2009 19:00:00,       120.546682
03/28/2009 20:00:00,       202.414145
03/28/2009 21:00:00,       234.654289
03/28/2009 22:00:00,       196.148427
03/28/2009 23:00:00,       184.165928
03/29/2009 00:00:00,        98.672662
03/29/2009 01:00:00,       107.521010
03/29/2009 02:00:00,        34.734783
03/29/2009 03:00:00,        12.976179
03/29/2009 04:00:00,        23.182285
03/29/2009 05:00:00,        24.730220
03/29/2009 06:00:00,        16.472740
03/29/2009 07:00:00,         9.495207
03/29/2009 08:00:00,         8.019497
03/29/2009 09:00:00,         2.261175
03/29/2009 10:00:00,         0.065898
03/29/2009 11:00:00,         0.091803
03/29/2009 12:00:00,         0.111851
03/29/2009 13:00:00,         1.653124
03/29/2009 14:00:00,        12.819624
03/29/2009 15:00:00,        20.331428
03/29/2009 16:00:00,        14.382532
03/29/2009 17:00:00,        44.400239
03/29/2009 18:00:00,        53.206778
03/29/2009 19:00:00,       106.734471
03/29/2009 20:00:00,       158.321131
03/29/2009 21:00:00,       209.381600
03/29/2009 22:00:00,       198.607029
03/29/2009 23:00:00,       210.697954
03/30/2009 00:00:00,       208.965958
03/30/2009 01:00:00,       105.864807
03/30/2009 02:00:00,       200.813935
03/30/2009 03:00:00,       163.729367
03/30/2009 04:00:00,       110.925366
03/30/2009 05:00:00,       129.434661
03/30/2009 06:00:00,       145.063565
03/30/2009 07:00:00,       206.199152
03/30/2009 08:00:00,       231.941559
03/30/2009 09:00:00,       215.988866
03/30/2009 10:00:00,       203.530754
03/30/2009 11:00:00,       187.506980
03/30/2009 12:00:00,       180.907656
03/30/2009 13:00:00,       205.171544
03/30/2009 14:00:00,       222.057773
03/30/2009 15:00:00,       229.326814
03/30/2009 16:00:00,       209.077274
03/30/2009 17:00:00,       187.059761
03/30/2009 18:00:00,       183.349599
03/30/2009 19:00:00,       161.545360
03/30/2009 20:00:00,       177.284867
03/30/2009 21:00:00,       219.717591
03/30/2009 22:00:00,       223.397459
03/30/2009 23:00:00,       224.243567
03/31/2009 00:00:00,       230.433180
03/31/2009 01:00:00,       228.709785
03/31/2009 02:00:00,       232.875193
03/31/2009 03:00:00,       197.223886
03/31/2009 04:00:00,       179.355506
03/31/2009 05:00:00,       148.648529
03/31/2009 06:00:00,       137.911349
03/31/2009 07:00:00,        79.445543
03/31/2009 08:00:00,        51.740669
03/31/2009 09:00:00,        40.991969
03/31/2009 10:00:00,        38.392827
03/31/2009 11:00:00,        63.821979
03/31/2009 12:00:00,        82.307052
03/31/2009 13:00:00,        62.530158
03/31/2009 14:00:00,        75.354664
03/31/2009 15:00:00,        79.726033
03/31/2009 16:00:00,        47.279174
03/31/2009 17:00:00,        41.988440
03/31/2009 18:00:00,        22.591397
03/31/2009 19:00:00,        15.082015
03/31/2009 20:00:00,        17.253750
03/31/2009 21:00:00,         8.921897
03/31/2009 22:00:00,         3.292359
03/31/2009 23:00:00,         0.888057
04/01/2009 00:00:00,         0.021497
04/01/2009 01:00:00,         0.042724
04/01/2009 02:00:00,         1.243406
04/01/2009 03:00:00,         4.473490
04/01/2009 04:00:00,        10.850457
04/01/2009 05:00:00,         6.109977
04/01/2009 06:00:00,         5.000943
04/01/2009 07:00:00,         9.407244
04/01/2009 08:00:00,        13.700042
04/01/2009 09:00:00,        20.134696
04/01/2009 10:00:00,        20.697743
04/01/2009 11:00:00,        27.227183
04/01/2009 12:00:00,        26.433370
04/01/2009 13:00:00,        25.076748
04/01/2009 14:00:00,        33.704221
04/01/2009 15:00:00,        45.218469
04/01/2009 16:00:00,        11.738451
04/01/2009 17:00:00,         3.257158
04/01/2009 18:00:00,         0.868193
04/01/2009 19:00:00,         0.685941
04/01/2009 20:00:00,         0.573867
04/01/2009 21:00:00,         2.230713
04/01/2009 22:00:00,        15.180557
04/01/2009 23:00:00,        37.215060
04/02/2009 00:00:00,        83.164127
04/02/2009 01:00:00,       121.225141
04/02/2009 02:00:00,       168.656342
04/02/2009 03:00:00,       184.025993
04/02/2009 04:00:00,       241.073241
04/02/2009 05:00:00,       273.844434
04/02/2009 06:00:00,       226.047973
04/02/2009 07:00:00,       255.963633
04/02/2009 08:00:00,       242.091516
04/02/2009 09:00:00,       163.077548
04/02/2009 10:00:00,       178.559513
04/02/2009 11:00:00,       219.149771
04/02/2009 12:00:00,       234.918458
04/02/2009 13:00:00,       278.310622
04/02/2009 14:00:00,       283.339205
04/02/2009 15:00:00,       196.470181
04/02/2009 16:00:00,       160.885745
04/02/2009 17:00:00,       146.739834
04/02/2009 18:00:00,       116.852590
04/02/2009 19:00:00,       118.904581
04/02/2009 20:00:00,       103.401525
04/02/2009 21:00:00,       104.845665
04/02/2009 22:00:00,        33.451421
04/02/2009 23:00:00,        60.897035
04/03/2009 00:00:00,       106.968613
04/03/2009 01:00:00,       116.648961
04/03/2009 02:00:00,       158.457918
04/03/2009 03:00:00,        65.852727
04/03/2009 04:00:00,        86.325148
04/03/2009 05:00:00,       141.448673
04/03/2009 06:00:00,       202.738583
04/03/2009 07:00:00,       123.164597
04/03/2009 08:00:00,       199.843601
04/03/2009 09:00:00,       170.441045
04/03/2009 10:00:00,       179.318654
04/03/2009 11:00:00,       295.601224
04/03/2009 12:00:00,       235.936274
04/03/2009 13:00:00,       171.228267
04/03/2009 14:00:00,        99.666813
04/03/2009 15:00:00,       140.769477
04/03/2009 16:00:00,       151.362629
04/03/2009 17:00:00,        41.968330
04/03/2009 18:00:00,         9.400814
04/03/2009 19:00:00,        38.874480
04/03/2009 20:00:00,       117.555063
04/03/2009 21:00:00,       194.074670
04/03/2009 22:00:00,       204.645028
04/03/2009 23:00:00,       179.213143
04/04/2009 00:00:00,       169.910826
04/04/2009 01:00:00,       193.760014
04/04/2009 02:00:00,       184.205011
04/04/2009 03:00:00,       195.066707
04/04/2009 04:00:00,       200.495042
04/04/2009 05:00:00,       245.485857
04/04/2009 06:00:00,       253.646204
04/04/2009 07:00:00,       266.081579
04/04/2009 08:00:00,       284.280229
04/04/2009 09:00:00,       259.637705
04/04/2009 10:00:00,       211.385209
04/04/2009 11:00:00,       196.786639
04/04/2009 12:00:00,       188.951576
04/04/2009 13:00:00,       120.667403
04/04/2009 14:00:00,       125.928093
04/04/2009 15:00:00,       117.631935
04/04/2009 16:00:00,       105.804308
04/04/2009 17:00:00,       117.514367
04/04/2009 18:00:00,       105.812056
04/04/2009 19:00:00,       155.987468
04/04/2009 20:00:00,       189.005767
04/04/2009 21:00:00,       173.260957
04/04/2009 22:00:00,       167.803220
04/04/2009 23:00:00,       237.182876
04/05/2009 00:00:00,       239.202234
04/05/2009 01:00:00,       252.425651
04/05/2009 02:00:00,       241.524554
04/05/2009 03:00:00,       193.827736
04/05/2009 04:00:00,       260.327995
04/05/2009 05:00:00,       169.632248
04/05/2009 06:00:00,       105.930141
04/05/2009 07:00:00,       109.114703
04/05/2009 08:00:00,       106.721950
04/05/2009 09:00:00,       124.003763
04/05/2009 10:00:00,       110.775952
04/05/2009 11:00:00,        95.309669
04/05/2009 12:00:00,        95.378643
04/05/2009 13:00:00,        63.432437
04/05/2009 14:00:00,        30.624787
04/05/2009 15:00:00,        45.168331
04/05/2009 16:00:00,        45.090002
04/05/2009 17:00:00,        15.693183
04/05/2009 18:00:00,         0.000000
04/05/2009 19:00:00,         0.000000
04/05/2009 20:00:00,         0.000000
04/05/2009 21:00:00,         0.000000
04/05/2009 22:00:00,         0.000000
04/05/2009 23:00:00,         0.000000
04/06/2009 00:00:00,         0.000000
04/06/2009 01:00:00,         0.000000
04/06/2009 02:00:00,         0.000000
04/06/2009 03:00:00,         0.000000
04/06/2009 04:00:00,         0.000000
04/06/2009 05:00:00,         0.000000
04/06/2009 06:00:00,         0.000000
04/06/2009 07:00:00,         0.000000
04/06/2009 08:00:00,         0.000000
04/06/2009 09:00:00,         0.000000
04/06/2009 10:00:00,         0.000000
04/06/2009 11:00:00,         0.000000
04/06/2009 12:00:00,         0.000000
04/06/2009 13:00:00,         0.000000
04/06/2009 14:00:00,         0.000000
04/06/2009 15:00:00,         0.000000
04/06/2009 16:00:00,         0.000000
04/06/2009 17:00:00,         3.967583
04/06/2009 18:00:00,        98.632269
04/06/2009 19:00:00,       117.429976
04/06/2009 20:00:00,       134.703556
04/06/2009 21:00:00,        96.332353
04/06/2009 22:00:00,       122.478866
04/06/2009 23:00:00,       130.056865
04/07/2009 00:00:00,        89.947150
04/07/2009 01:00:00,        58.393636
04/07/2009 02:00:00,        69.866801
04/07/2009 03:00:00,       143.877746
04/07/2009 04:00:00,       211.897014
04/07/2009 05:00:00,       236.261158
04/07/2009 06:00:00,       230.351590
04/07/2009 07:00:00,       245.790416
04/07/2009 08:00:00,       252.072665
04/07/2009 09:00:00,       284.748878
04/07/2009 10:00:00,       256.956459
04/07/2009 11:00:00,       288.473494
04/07/2009 12:00:00,       291.500026
04/07/2009 13:00:00,       310.638248
04/07/2009 14:00:00,       308.412113
04/07/2009 15:00:00,       314.582720
04/07/2009 16:00:00,       305.583899
04/07/2009 17:00:00,       264.391036
04/07/2009 18:00:00,       263.363507
04/07/2009 19:00:00,       156.404889
04/07/2009 20:00:00,        94.342096
04/07/2009 21:00:00,        99.105410
04/07/2009 22:00:00,        90.032660
04/07/2009 23:00:00,        85.592372
04/08/2009 00:00:00,        13.365832
04/08/2009 01:00:00,         8.080210
04/08/2009 02:00:00,        34.399323
04/08/2009 03:00:00,       117.212531
04/08/2009 04:00:00,       217.302447
04/08/2009 05:00:00,       189.431039
04/08/2009 06:00:00,       154.865891
04/08/2009 07:00:00,       110.512296
04/08/2009 08:00:00,        69.958011
04/08/2009 09:00:00,        34.113270
04/08/2009 10:00:00,        54.785763
04/08/2009 11:00:00,        91.162768
04/08/2009 12:00:00,       110.842843
04/08/2009 13:00:00,        87.319087
04/08/2009 14:00:00,        92.435483
04/08/2009 15:00:00,        93.064939
04/08/2009 16:00:00,        98.876238
04/08/2009 17:00:00,        96.920753
04/08/2009 18:00:00,        84.068504
04/08/2009 19:00:00,        83.787616
04/08/2009 20:00:00,       107.159242
04/08/2009 21:00:00,       125.131035
04/08/2009 22:00:00,       141.410230
04/08/2009 23:00:00,       146.271219
04/09/2009 00:00:00,       135.074208
04/09/2009 01:00:00,       135.063659
04/09/2009 02:00:00,       145.752011
04/09/2009 03:00:00,       175.260349
04/09/2009 04:00:00,       201.185334
04/09/2009 05:00:00,       223.054218
04/09/2009 06:00:00,       220.842061
04/09/2009 07:00:00,       240.387805
04/09/2009 08:00:00,       260.217907
04/09/2009 09:00:00,       270.018243
04/09/2009 10:00:00,       267.452967
04/09/2009 11:00:00,       264.034663
04/09/2009 12:00:00,       269.686243
04/09/2009 13:00:00,       248.988458
04/09/2009 14:00:00,       213.880038
04/09/2009 15:00:00,       201.966072
04/09/2009 16:00:00,       161.426679
04/09/2009 17:00:00,       139.093987
04/09/2009 18:00:00,       114.837557
04/09/2009 19:00:00,        78.413849
04/09/2009 20:00:00,        88.631579
04/09/2009 21:00:00,        86.853154
04/09/2009 22:00:00,       204.845420
04/09/2009 23:00:00,       209.938074
04/10/2009 00:00:00,       155.957367
04/10/2009 01:00:00,       189.109238
04/10/2009 02:00:00,       264.798258
04/10/2009 03:00:00,       264.309410
04/10/2009 04:00:00,       255.912391
04/10/2009 05:00:00,       240.468864
04/10/2009 06:00:00,       214.104662
04/10/2009 07:00:00,       165.070774
04/10/2009 08:00:00,       159.878299
04/10/2009 09:00:00,       162.869036
04/10/2009 10:00:00,       133.438974
04/10/2009 11:00:00,       111.640458
04/10/2009 12:00:00,        97.656733
04/10/2009 13:00:00,        71.313722
04/10/2009 14:00:00,        63.280451
04/10/2009 15:00:00,        64.249629
04/10/2009 16:00:00,        95.253826
04/10/2009 17:00:00,       107.634351
04/10/2009 18:00:00,       103.754551
04/10/2009 19:00:00,       109.704079
04/10/2009 20:00:00,       119.167693
04/10/2009 21:00:00,       142.525724
04/10/2009 22:00:00,       169.765386
04/10/2009 23:00:00,       171.033147
04/11/2009 00:00:00,       181.100205
04/11/2009 01:00:00,       179.917930
04/11/2009 02:00:00,       192.115432
04/11/2009 03:00:00,       159.367903
04/11/2009 04:00:00,       115.589391
04/11/2009 05:00:00,       143.087440
04/11/2009 06:00:00,       126.982968
04/11/2009 07:00:00,       134.249139
04/11/2009 08:00:00,        97.234379
04/11/2009 09:00:00,        90.306891
04/11/2009 10:00:00,        81.808116
04/11/2009 11:00:00,        85.621879
04/11/2009 12:00:00,       123.859118
04/11/2009 13:00:00,        89.375465
04/11/2009 14:00:00,        72.061549
04/11/2009 15:00:00,        72.416924
04/11/2009 16:00:00,       106.033108
04/11/2009 17:00:00,       101.167027
04/11/2009 18:00:00,       100.083103
04/11/2009 19:00:00,        99.818777
04/11/2009 20:00:00,        97.215624
04/11/2009 21:00:00,        99.751855
04/11/2009 22:00:00,        87.608159
04/11/2009 23:00:00,        93.438277
04/12/2009 00:00:00,        98.027838
04/12/2009 01:00:00,        87.538219
04/12/2009 02:00:00,        89.512391
04/12/2009 03:00:00,        98.082957
04/12/2009 04:00:00,        80.314384
04/12/2009 05:00:00,        26.524772
04/12/2009 06:00:00,         6.421729
04/12/2009 07:00:00,         0.742086
04/12/2009 08:00:00,         0.000000
04/12/2009 09:00:00,         0.609520
04/12/2009 10:00:00,         0.000000
04/12/2009 11:00:00,         0.000000
04/12/2009 12:00:00,        23.659426
04/12/2009 13:00:00,         0.000000
04/12/2009 14:00:00,         0.000000
04/12/2009 15:00:00,         0.000000
04/12/2009 16:00:00,         0.000000
04/12/2009 17:00:00,         0.000000
04/12/2009 18:00:00,        12.506254
04/12/2009 19:00:00,       232.674880
04/12/2009 20:00:00,       213.797121
04/12/2009 21:00:00,       150.586157
04/12/2009 22:00:00,       233.246753
04/12/2009 23:00:00,       233.826376
04/13/2009 00:00:00,       318.763476
04/13/2009 01:00:00,       318.848617
04/13/2009 02:00:00,       319.143928
04/13/2009 03:00:00,       319.821915
04/13/2009 04:00:00,       319.962612
04/13/2009 05:00:00,       319.933394
04/13/2009 06:00:00,       319.980758
04/13/2009 07:00:00,       319.992122
04/13/2009 08:00:00,       319.999848
04/13/2009 09:00:00,       320.000000
04/13/2009 10:00:00,       319.998623
04/13/2009 11:00:00,       319.996166
04/13/2009 12:00:00,       319.998733
04/13/2009 13:00:00,       319.999274
04/13/2009 14:00:00,       320.000000
04/13/2009 15:00:00,       319.997119
04/13/2009 16:00:00,       319.789004
04/13/2009 17:00:00,       318.515302
04/13/2009 18:00:00,       313.410499
04/13/2009 19:00:00,       308.714230
04/13/2009 20:00:00,       290.846974
04/13/2009 21:00:00,       267.128365
04/13/2009 22:00:00,       243.281189
04/13/2009 23:00:00,       222.463041
04/14/2009 00:00:00,       229.722461
04/14/2009 01:00:00,       228.274759
04/14/2009 02:00:00,       220.899498
04/14/2009 03:00:00,       222.430650
04/14/2009 04:00:00,       221.132888
04/14/2009 05:00:00,       218.144977
04/14/2009 06:00:00,       215.755853
04/14/2009 07:00:00,       201.163811
04/14/2009 08:00:00,       204.407551
04/14/2009 09:00:00,       202.511971
04/14/2009 10:00:00,       190.114302
04/14/2009 11:00:00,       176.244628
04/14/2009 12:00:00,       170.411738
04/14/2009 13:00:00,       150.988651
04/14/2009 14:00:00,       130.897164
04/14/2009 15:00:00,        95.963740
04/14/2009 16:00:00,        69.833489
04/14/2009 17:00:00,        70.854720
04/14/2009 18:00:00,        90.752249
04/14/2009 19:00:00,       120.910840
04/14/2009 20:00:00,       126.759764
04/14/2009 21:00:00,       170.261242
04/14/2009 22:00:00,       216.410995
04/14/2009 23:00:00,       248.637295
04/15/2009 00:00:00,       257.872078
04/15/2009 01:00:00,       238.910615
04/15/2009 02:00:00,       219.384830
04/15/2009 03:00:00,       253.974866
04/15/2009 04:00:00,       272.875446
04/15/2009 05:00:00,       277.920618
04/15/2009 06:00:00,       276.695742
04/15/2009 07:00:00,       260.173161
04/15/2009 08:00:00,       240.634357
04/15/2009 09:00:00,       183.180363
04/15/2009 10:00:00,       154.764199
04/15/2009 11:00:00,       146.823273
04/15/2009 12:00:00,       133.082961
04/15/2009 13:00:00,       116.812786
04/15/2009 14:00:00,        72.817662
04/15/2009 15:00:00,        39.861934
04/15/2009 16:00:00,        25.518296
04/15/2009 17:00:00,        21.985083
04/15/2009 18:00:00,        62.464653
04/15/2009 19:00:00,        80.926274
04/15/2009 20:00:00,        66.731304
04/15/2009 21:00:00,        58.006381
04/15/2009 22:00:00,        40.820696
04/15/2009 23:00:00,        20.648103
04/16/2009 00:00:00,         5.615132
04/16/2009 01:00:00,        27.625371
04/16/2009 02:00:00,        63.853330
04/16/2009 03:00:00,       130.148379
04/16/2009 04:00:00,       132.721814
04/16/2009 05:00:00,        92.755126
04/16/2009 06:00:00,       104.026758
04/16/2009 07:00:00,       141.059442
04/16/2009 08:00:00,       152.909484
04/16/2009 09:00:00,       173.361063
04/16/2009 10:00:00,       190.243073
04/16/2009 11:00:00,       198.928260
04/16/2009 12:00:00,       159.378106
04/16/2009 13:00:00,       127.026189
04/16/2009 14:00:00,        68.497841
04/16/2009 15:00:00,        38.076742
04/16/2009 16:00:00,        10.952846
04/16/2009 17:00:00,         1.530541
04/16/2009 18:00:00,         1.338691
04/16/2009 19:00:00,         6.100834
04/16/2009 20:00:00,        16.913279
04/16/2009 21:00:00,        29.585114
04/16/2009 22:00:00,        82.650516
04/16/2009 23:00:00,       156.988914
04/17/2009 00:00:00,       211.265808
04/17/2009 01:00:00,       197.655581
04/17/2009 02:00:00,       180.744713
04/17/2009 03:00:00,       179.973529
04/17/2009 04:00:00,       151.657738
04/17/2009 05:00:00,        70.375973
04/17/2009 06:00:00,        38.344727
04/17/2009 07:00:00,        35.952900
04/17/2009 08:00:00,        26.668634
04/17/2009 09:00:00,        23.587820
04/17/2009 10:00:00,        28.896815
04/17/2009 11:00:00,        19.133837
04/17/2009 12:00:00,         5.579702
04/17/2009 13:00:00,         0.000000
04/17/2009 14:00:00,         0.000000
04/17/2009 15:00:00,         0.000000
04/17/2009 16:00:00,         0.000000
04/17/2009 17:00:00,         0.000000
04/17/2009 18:00:00,         0.000000
04/17/2009 19:00:00,         0.000000
04/17/2009 20:00:00,         0.000000
04/17/2009 21:00:00,        43.733163
04/17/2009 22:00:00,        27.221867
04/17/2009 23:00:00,         3.316137
04/18/2009 00:00:00,         0.315584
04/18/2009 01:00:00,         0.039383
04/18/2009 02:00:00,         0.114283
04/18/2009 03:00:00,         0.845764
04/18/2009 04:00:00,         6.659831
04/18/2009 05:00:00,        12.211389
04/18/2009 06:00:00,         8.284436
04/18/2009 07:00:00,        13.025037
04/18/2009 08:00:00,       187.608280
04/18/2009 09:00:00,       242.355069
04/18/2009 10:00:00,       208.845709
04/18/2009 11:00:00,       186.713490
04/18/2009 12:00:00,       146.107764
04/18/2009 13:00:00,        98.313822
04/18/2009 14:00:00,        54.054645
04/18/2009 15:00:00,        36.453413
04/18/2009 16:00:00,        31.318015
04/18/2009 17:00:00,        20.696434
04/18/2009 18:00:00,         9.971731
04/18/2009 19:00:00,         4.214177
04/18/2009 20:00:00,         0.937139
04/18/2009 21:00:00,         0.965814
04/18/2009 22:00:00,         1.171272
04/18/2009 23:00:00,         0.971231
04/19/2009 00:00:00,         1.002918
04/19/2009 01:00:00,         2.115912
04/19/2009 02:00:00,        15.412415
04/19/2009 03:00:00,        23.049039
04/19/2009 04:00:00,         8.155664
04/19/2009 05:00:00,         1.131892
04/19/2009 06:00:00,        19.911210
04/19/2009 07:00:00,       122.993937
04/19/2009 08:00:00,       156.383554
04/19/2009 09:00:00,       307.587966
04/19/2009 10:00:00,       308.915182
04/19/2009 11:00:00,       279.653699
04/19/2009 12:00:00,       240.407807
04/19/2009 13:00:00,       206.114988
04/19/2009 14:00:00,       133.265763
04/19/2009 15:00:00,        88.747707
04/19/2009 16:00:00,        44.083467
04/19/2009 17:00:00,        23.332230
04/19/2009 18:00:00,        12.198951
04/19/2009 19:00:00,         3.571058
04/19/2009 20:00:00,         0.878985
04/19/2009 21:00:00,        13.019418
04/19/2009 22:00:00,        28.960096
04/19/2009 23:00:00,        30.468826
04/20/2009 00:00:00,        32.200642
04/20/2009 01:00:00,        41.677356
04/20/2009 02:00:00,        26.384772
04/20/2009 03:00:00,        13.062519
04/20/2009 04:00:00,         0.879042
04/20/2009 05:00:00,         0.565148
04/20/2009 06:00:00,         0.159080
04/20/2009 07:00:00,         0.016777
04/20/2009 08:00:00,         0.000000
04/20/2009 09:00:00,         0.000000
04/20/2009 10:00:00,         0.000000
04/20/2009 11:00:00,         0.018717
04/20/2009 12:00:00,         0.000000
04/20/2009 13:00:00,         0.071346
04/20/2009 14:00:00,         0.279048
04/20/2009 15:00:00,         0.000000
04/20/2009 16:00:00,         0.000000
04/20/2009 17:00:00,         0.000000
04/20/2009 18:00:00,         0.108720
04/20/2009 19:00:00,         0.265468
04/20/2009 20:00:00,         0.356362
04/20/2009 21:00:00,         0.214291
04/20/2009 22:00:00,         0.033929
04/20/2009 23:00:00,         0.000000
04/21/2009 00:00:00,         0.212219
04/21/2009 01:00:00,         8.941250
04/21/2009 02:00:00,        22.472450
04/21/2009 03:00:00,        33.574389
04/21/2009 04:00:00,        48.956463
04/21/2009 05:00:00,        74.248572
04/21/2009 06:00:00,       248.266805
04/21/2009 07:00:00,       310.718949
04/21/2009 08:00:00,       319.226944
04/21/2009 09:00:00,       318.788163
04/21/2009 10:00:00,       319.379261
04/21/2009 11:00:00,       319.605720
04/21/2009 12:00:00,       319.342979
04/21/2009 13:00:00,       315.444455
04/21/2009 14:00:00,       259.005720
04/21/2009 15:00:00,       152.967156
04/21/2009 16:00:00,       181.122432
04/21/2009 17:00:00,       208.685287
04/21/2009 18:00:00,       234.959625
04/21/2009 19:00:00,       273.760227
04/21/2009 20:00:00,       283.472460
04/21/2009 21:00:00,       303.147917
04/21/2009 22:00:00,       316.690804
04/21/2009 23:00:00,       319.677397
04/22/2009 00:00:00,       319.987147
04/22/2009 01:00:00,       319.647292
04/22/2009 02:00:00,       319.984969
04/22/2009 03:00:00,       313.880323
04/22/2009 04:00:00,       315.816685
04/22/2009 05:00:00,       294.132565
04/22/2009 06:00:00,       319.697730
04/22/2009 07:00:00,       306.966422
04/22/2009 08:00:00,       320.000000
04/22/2009 09:00:00,       320.000000
04/22/2009 10:00:00,       320.000000
04/22/2009 11:00:00,       319.990425
04/22/2009 12:00:00,       319.857752
04/22/2009 13:00:00,       314.654197
04/22/2009 14:00:00,       297.342163
04/22/2009 15:00:00,       273.224941
04/22/2009 16:00:00,       257.073722
04/22/2009 17:00:00,       264.625809
04/22/2009 18:00:00,       263.918865
04/22/2009 19:00:00,       234.989063
04/22/2009 20:00:00,       285.440341
04/22/2009 21:00:00,       236.408744
04/22/2009 22:00:00,        61.271706
04/22/2009 23:00:00,         0.179415
04/23/2009 00:00:00,        13.610763
04/23/2009 01:00:00,         7.110152
04/23/2009 02:00:00,         7.881563
04/23/2009 03:00:00,         4.933456
04/23/2009 04:00:00,        73.313695
04/23/2009 05:00:00,       207.410038
04/23/2009 06:00:00,        73.213499
04/23/2009 07:00:00,       124.589130
04/23/2009 08:00:00,        93.851995
04/23/2009 09:00:00,       129.638616
04/23/2009 10:00:00,        88.542811
04/23/2009 11:00:00,        56.092922
04/23/2009 12:00:00,        29.714833
04/23/2009 13:00:00,        29.631519
04/23/2009 14:00:00,        22.472199
04/23/2009 15:00:00,        21.401245
04/23/2009 16:00:00,        10.308656
04/23/2009 17:00:00,         6.073046
04/23/2009 18:00:00,         0.937561
04/23/2009 19:00:00,         0.000000
04/23/2009 20:00:00,         0.443382
04/23/2009 21:00:00,         1.019071
04/23/2009 22:00:00,         9.319108
04/23/2009 23:00:00,        49.261474
04/24/2009 00:00:00,       264.864725
04/24/2009 01:00:00,       316.348895
04/24/2009 02:00:00,       318.235331
04/24/2009 03:00:00,       318.762344
04/24/2009 04:00:00,       319.574282
04/24/2009 05:00:00,       319.931272
04/24/2009 06:00:00,       319.999952
04/24/2009 07:00:00,       320.000000
04/24/2009 08:00:00,       320.000000
04/24/2009 09:00:00,       320.000000
04/24/2009 10:00:00,       320.000000
04/24/2009 11:00:00,       320.000000
04/24/2009 12:00:00,       319.996169
04/24/2009 13:00:00,       319.942397
04/24/2009 14:00:00,       318.937913
04/24/2009 15:00:00,       315.347819
04/24/2009 16:00:00,       305.509562
04/24/2009 17:00:00,       286.154606
04/24/2009 18:00:00,       244.491730
04/24/2009 19:00:00,       212.462590
04/24/2009 20:00:00,       138.386408
04/24/2009 21:00:00,        87.031558
04/24/2009 22:00:00,        48.811777
04/24/2009 23:00:00,        35.230932
04/25/2009 00:00:00,        39.502596
04/25/2009 01:00:00,        88.438424
04/25/2009 02:00:00,       207.126751
04/25/2009 03:00:00,       285.203516
04/25/2009 04:00:00,       312.934754
04/25/2009 05:00:00,       308.154479
04/25/2009 06:00:00,       316.058072
04/25/2009 07:00:00,       318.412063
04/25/2009 08:00:00,       311.847871
04/25/2009 09:00:00,       303.614397
04/25/2009 10:00:00,       290.680152
04/25/2009 11:00:00,       288.459040
04/25/2009 12:00:00,       301.319804
04/25/2009 13:00:00,       295.224313
04/25/2009 14:00:00,       267.456845
04/25/2009 15:00:00,       198.120639
04/25/2009 16:00:00,       118.092187
04/25/2009 17:00:00,        38.522694
04/25/2009 18:00:00,        12.189143
04/25/2009 19:00:00,        21.049922
04/25/2009 20:00:00,        25.248250
04/25/2009 21:00:00,       108.678411
04/25/2009 22:00:00,       192.430858
04/25/2009 23:00:00,       254.646475
04/26/2009 00:00:00,       303.653296
04/26/2009 01:00:00,       318.360695
04/26/2009 02:00:00,       319.788220
04/26/2009 03:00:00,       319.878977
04/26/2009 04:00:00,       318.651405
04/26/2009 05:00:00,       305.083655
04/26/2009 06:00:00,       288.877203
04/26/2009 07:00:00,       314.223220
04/26/2009 08:00:00,       319.386058
04/26/2009 09:00:00,       236.917252
04/26/2009 10:00:00,       153.467820
04/26/2009 11:00:00,       185.854229
04/26/2009 12:00:00,       290.120695
04/26/2009 13:00:00,       314.798845
04/26/2009 14:00:00,       288.084667
04/26/2009 15:00:00,       285.914795
04/26/2009 16:00:00,       207.165833
04/26/2009 17:00:00,       180.245706
04/26/2009 18:00:00,       146.279240
04/26/2009 19:00:00,       130.012358
04/26/2009 20:00:00,       125.716552
04/26/2009 21:00:00,       121.118586
04/26/2009 22:00:00,       109.497585
04/26/2009 23:00:00,        84.655358
04/27/2009 00:00:00,        55.891702
04/27/2009 01:00:00,        46.831870
04/27/2009 02:00:00,        42.898542
04/27/2009 03:00:00,       100.898769
04/27/2009 04:00:00,        85.773505
04/27/2009 05:00:00,        23.909840
04/27/2009 06:00:00,         4.392258
04/27/2009 07:00:00,         6.359221
04/27/2009 08:00:00,         9.838456
04/27/2009 09:00:00,        54.417801
04/27/2009 10:00:00,        53.988789
04/27/2009 11:00:00,        47.964027
04/27/2009 12:00:00,        33.306495
04/27/2009 13:00:00,       137.446688
04/27/2009 14:00:00,       116.695730
04/27/2009 15:00:00,        16.389081
04/27/2009 16:00:00,         8.773818
04/27/2009 17:00:00,        13.450593
04/27/2009 18:00:00,        19.495080
04/27/2009 19:00:00,        18.014482
04/27/2009 20:00:00,        13.305208
04/27/2009 21:00:00,         2.843257
04/27/2009 22:00:00,        12.371172
04/27/2009 23:00:00,        25.148973
04/28/2009 00:00:00,        39.674984
04/28/2009 01:00:00,        39.059935
04/28/2009 02:00:00,        33.315619
04/28/2009 03:00:00,        28.147667
04/28/2009 04:00:00,        17.747893
04/28/2009 05:00:00,        44.709621
04/28/2009 06:00:00,       102.922704
04/28/2009 07:00:00,       170.908643
04/28/2009 08:00:00,       168.404162
04/28/2009 09:00:00,       160.100968
04/28/2009 10:00:00,       166.861364
04/28/2009 11:00:00,       187.520455
04/28/2009 12:00:00,       178.485526
04/28/2009 13:00:00,       170.274997
04/28/2009 14:00:00,       156.485842
04/28/2009 15:00:00,       153.184449
04/28/2009 16:00:00,       258.516045
04/28/2009 17:00:00,       309.259522
04/28/2009 18:00:00,       318.245311
04/28/2009 19:00:00,       319.863197
04/28/2009 20:00:00,       319.432076
04/28/2009 21:00:00,       287.228176
04/28/2009 22:00:00,       319.107022
04/28/2009 23:00:00,       319.905066
04/29/2009 00:00:00,       320.000000
04/29/2009 01:00:00,       320.000000
04/29/2009 02:00:00,       320.000000
04/29/2009 03:00:00,       319.960712
04/29/2009 04:00:00,       319.990116
04/29/2009 05:00:00,       319.866275
04/29/2009 06:00:00,       320.000000
04/29/2009 07:00:00,       319.963632
04/29/2009 08:00:00,       319.870726
04/29/2009 09:00:00,       319.213990
04/29/2009 10:00:00,       313.580611
04/29/2009 11:00:00,       309.538726
04/29/2009 12:00:00,       302.606878
04/29/2009 13:00:00,       280.346560
04/29/2009 14:00:00,       253.534746
04/29/2009 15:00:00,       290.083511
04/29/2009 16:00:00,       312.343958
04/29/2009 17:00:00,       319.157676
04/29/2009 18:00:00,       319.863790
04/29/2009 19:00:00,       319.869144
04/29/2009 20:00:00,       319.046294
04/29/2009 21:00:00,       311.843930
04/29/2009 22:00:00,       315.573512
04/29/2009 23:00:00,       313.966888
04/30/2009 00:00:00,       310.522360
04/30/2009 01:00:00,       314.492057
04/30/2009 02:00:00,       296.069709
04/30/2009 03:00:00,       300.260238
04/30/2009 04:00:00,       269.704815
04/30/2009 05:00:00,       123.126755
04/30/2009 06:00:00,        45.667838
04/30/2009 07:00:00,        33.805346
04/30/2009 08:00:00,        52.086747
04/30/2009 09:00:00,        82.595382
04/30/2009 10:00:00,        93.564710
04/30/2009 11:00:00,        91.477329
04/30/2009 12:00:00,        90.354416
04/30/2009 13:00:00,        90.703558
04/30/2009 14:00:00,       106.196988
04/30/2009 15:00:00,       129.109544
04/30/2009 16:00:00,       141.550490
04/30/2009 17:00:00,       131.250212
04/30/2009 18:00:00,       114.678456
04/30/2009 19:00:00,       101.427041
04/30/2009 20:00:00,       106.426075
04/30/2009 21:00:00,        76.020790
04/30/2009 22:00:00,        40.119821
04/30/2009 23:00:00,        13.741538
05/01/2009 00:00:00,        19.078661
05/01/2009 01:00:00,        40.680005
05/01/2009 02:00:00,       115.031979
05/01/2009 03:00:00,       260.137706
05/01/2009 04:00:00,       318.648803
05/01/2009 05:00:00,       319.895350
05/01/2009 06:00:00,       319.996644
05/01/2009 07:00:00,       320.000000
05/01/2009 08:00:00,       320.000000
05/01/2009 09:00:00,       320.000000
05/01/2009 10:00:00,       319.996350
05/01/2009 11:00:00,       319.998290
05/01/2009 12:00:00,       319.977436
05/01/2009 13:00:00,       320.000000
05/01/2009 14:00:00,       320.000000
05/01/2009 15:00:00,       319.999159
05/01/2009 16:00:00,       319.983624
05/01/2009 17:00:00,       317.795337
05/01/2009 18:00:00,       296.180346
05/01/2009 19:00:00,       265.938070
05/01/2009 20:00:00,       221.472344
05/01/2009 21:00:00,       196.814358
05/01/2009 22:00:00,       220.811331
05/01/2009 23:00:00,       253.741363
05/02/2009 00:00:00,       290.890913
05/02/2009 01:00:00,       310.836884
05/02/2009 02:00:00,       319.645655
05/02/2009 03:00:00,       319.834764
05/02/2009 04:00:00,       319.440450
05/02/2009 05:00:00,       315.205895
05/02/2009 06:00:00,       253.013413
05/02/2009 07:00:00,       191.585785
05/02/2009 08:00:00,       181.127083
05/02/2009 09:00:00,       141.236871
05/02/2009 10:00:00,       116.319695
05/02/2009 11:00:00,        86.605232
05/02/2009 12:00:00,        76.642845
05/02/2009 13:00:00,        77.082476
05/02/2009 14:00:00,        93.455818
05/02/2009 15:00:00,       100.912641
05/02/2009 16:00:00,       106.159660
05/02/2009 17:00:00,       132.359293
05/02/2009 18:00:00,       244.125764
05/02/2009 19:00:00,       172.970421
05/02/2009 20:00:00,       118.460062
05/02/2009 21:00:00,       105.599855
05/02/2009 22:00:00,        95.766079
05/02/2009 23:00:00,        57.869513
05/03/2009 00:00:00,        51.378009
05/03/2009 01:00:00,        46.707248
05/03/2009 02:00:00,        43.283762
05/03/2009 03:00:00,        87.604326
05/03/2009 04:00:00,       118.936914
05/03/2009 05:00:00,       188.159193
05/03/2009 06:00:00,       309.519403
05/03/2009 07:00:00,       319.976065
05/03/2009 08:00:00,       320.000000
05/03/2009 09:00:00,       319.983439
05/03/2009 10:00:00,       317.197907
05/03/2009 11:00:00,       272.846566
05/03/2009 12:00:00,        82.370059
05/03/2009 13:00:00,        70.501496
05/03/2009 14:00:00,       300.104501
05/03/2009 15:00:00,       229.008422
05/03/2009 16:00:00,       267.994694
05/03/2009 17:00:00,       261.765991
05/03/2009 18:00:00,       224.576891
05/03/2009 19:00:00,       204.338703
05/03/2009 20:00:00,        82.103463
05/03/2009 21:00:00,        15.359592
05/03/2009 22:00:00,        15.829715
05/03/2009 23:00:00,        23.025884
05/04/2009 00:00:00,        20.349013
05/04/2009 01:00:00,        14.514425
05/04/2009 02:00:00,         8.801327
05/04/2009 03:00:00,       166.343481
05/04/2009 04:00:00,       178.185380
05/04/2009 05:00:00,       267.476432
05/04/2009 06:00:00,       308.420187
05/04/2009 07:00:00,       313.925271
05/04/2009 08:00:00,       306.296528
05/04/2009 09:00:00,       254.095695
05/04/2009 10:00:00,       225.811469
05/04/2009 11:00:00,       141.187406
05/04/2009 12:00:00,       199.872738
05/04/2009 13:00:00,       251.828967
05/04/2009 14:00:00,       237.796095
05/04/2009 15:00:00,       268.646217
05/04/2009 16:00:00,       297.811584
05/04/2009 17:00:00,       312.423484
05/04/2009 18:00:00,       318.760053
05/04/2009 19:00:00,       319.689731
05/04/2009 20:00:00,       319.232649
05/04/2009 21:00:00,       319.246707
05/04/2009 22:00:00,       315.998177
05/04/2009 23:00:00,       290.796451
05/05/2009 00:00:00,       147.666296
05/05/2009 01:00:00,       160.507335
05/05/2009 02:00:00,       170.353528
05/05/2009 03:00:00,       146.112587
05/05/2009 04:00:00,       100.472672
05/05/2009 05:00:00,        47.682154
05/05/2009 06:00:00,        29.098039
05/05/2009 07:00:00,        43.438068
05/05/2009 08:00:00,        44.969715
05/05/2009 09:00:00,        30.028077
05/05/2009 10:00:00,        25.724280
05/05/2009 11:00:00,        26.266824
05/05/2009 12:00:00,        23.782083
05/05/2009 13:00:00,        17.518146
05/05/2009 14:00:00,        13.378339
05/05/2009 15:00:00,         0.224835
05/05/2009 16:00:00,         0.000000
05/05/2009 17:00:00,         0.024108
05/05/2009 18:00:00,         0.543012
05/05/2009 19:00:00,         3.599043
05/05/2009 20:00:00,         9.158263
05/05/2009 21:00:00,        15.514577
05/05/2009 22:00:00,        18.370202
05/05/2009 23:00:00,        16.186323
05/06/2009 00:00:00,        14.817296
05/06/2009 01:00:00,        17.931803
05/06/2009 02:00:00,        14.905405
05/06/2009 03:00:00,        61.586621
05/06/2009 04:00:00,       302.941761
05/06/2009 05:00:00,       319.455620
05/06/2009 06:00:00,       319.716783
05/06/2009 07:00:00,       319.623374
05/06/2009 08:00:00,       319.165429
05/06/2009 09:00:00,       318.276456
05/06/2009 10:00:00,       256.783552
05/06/2009 11:00:00,       152.659190
05/06/2009 12:00:00,        26.993729
05/06/2009 13:00:00,        10.578769
05/06/2009 14:00:00,         9.909087
05/06/2009 15:00:00,         5.765831
05/06/2009 16:00:00,        17.615140
05/06/2009 17:00:00,        34.761924
05/06/2009 18:00:00,        55.952988
05/06/2009 19:00:00,        68.045411
05/06/2009 20:00:00,       106.202474
05/06/2009 21:00:00,        90.820324
05/06/2009 22:00:00,        63.581359
05/06/2009 23:00:00,        58.746504
05/07/2009 00:00:00,        58.183516
05/07/2009 01:00:00,        50.516648
05/07/2009 02:00:00,        21.780677
05/07/2009 03:00:00,        10.369034
05/07/2009 04:00:00,         0.551234
05/07/2009 05:00:00,         0.000000
05/07/2009 06:00:00,         0.000000
05/07/2009 07:00:00,         0.000000
05/07/2009 08:00:00,         0.000000
05/07/2009 09:00:00,         0.065820
05/07/2009 10:00:00,         0.646724
05/07/2009 11:00:00,         0.646777
05/07/2009 12:00:00,         1.740747
05/07/2009 13:00:00,        11.680123
05/07/2009 14:00:00,         6.809418
05/07/2009 15:00:00,         0.697996
05/07/2009 16:00:00,         0.989414
05/07/2009 17:00:00,         2.928508
05/07/2009 18:00:00,         8.497156
05/07/2009 19:00:00,        17.710350
05/07/2009 20:00:00,        20.392765
05/07/2009 21:00:00,        21.229056
05/07/2009 22:00:00,        45.625198
05/07/2009 23:00:00,        77.306335
05/08/2009 00:00:00,        76.498991
05/08/2009 01:00:00,        91.554694
05/08/2009 02:00:00,       123.378380
05/08/2009 03:00:00,       144.579107
05/08/2009 04:00:00,       152.005963
05/08/2009 05:00:00,       155.296636
05/08/2009 06:00:00,       134.830031
05/08/2009 07:00:00,       118.988597
05/08/2009 08:00:00,        62.575919
05/08/2009 09:00:00,        18.898998
05/08/2009 10:00:00,        18.284075
05/08/2009 11:00:00,         9.658422
05/08/2009 12:00:00,         8.653923
05/08/2009 13:00:00,         6.059222
05/08/2009 14:00:00,         8.238460
05/08/2009 15:00:00,         4.471892
05/08/2009 16:00:00,         0.467353
05/08/2009 17:00:00,         0.415175
05/08/2009 18:00:00,         0.687216
05/08/2009 19:00:00,         0.906544
05/08/2009 20:00:00,         0.922221
05/08/2009 21:00:00,         0.812239
05/08/2009 22:00:00,         0.716112
05/08/2009 23:00:00,         0.193534
05/09/2009 00:00:00,         0.000000
05/09/2009 01:00:00,         0.000000
05/09/2009 02:00:00,         0.000000
05/09/2009 03:00:00,         0.000000
05/09/2009 04:00:00,         0.000000
05/09/2009 05:00:00,         0.000000
05/09/2009 06:00:00,         0.000000
05/09/2009 07:00:00,         0.000000
05/09/2009 08:00:00,         0.000000
05/09/2009 09:00:00,         0.287137
05/09/2009 10:00:00,         4.231040
05/09/2009 11:00:00,        10.684290
05/09/2009 12:00:00,         3.582088
05/09/2009 13:00:00,         4.682530
05/09/2009 14:00:00,         1.256764
05/09/2009 15:00:00,         0.001545
05/09/2009 16:00:00,         0.000000
05/09/2009 17:00:00,         0.000000
05/09/2009 18:00:00,         0.054899
05/09/2009 19:00:00,         3.020302
05/09/2009 20:00:00,        17.695637
05/09/2009 21:00:00,        26.364715
05/09/2009 22:00:00,        39.663052
05/09/2009 23:00:00,        87.624637
05/10/2009 00:00:00,        29.863898
05/10/2009 01:00:00,         0.633917
05/10/2009 02:00:00,       118.440928
05/10/2009 03:00:00,        79.314961
05/10/2009 04:00:00,         4.470139
05/10/2009 05:00:00,        42.382045
05/10/2009 06:00:00,        76.918742
05/10/2009 07:00:00,        70.606580
05/10/2009 08:00:00,        65.350379
05/10/2009 09:00:00,       110.325518
05/10/2009 10:00:00,       179.713892
05/10/2009 11:00:00,       218.642610
05/10/2009 12:00:00,       257.587127
05/10/2009 13:00:00,       253.886762
05/10/2009 14:00:00,       308.630474
05/10/2009 15:00:00,       289.452546
05/10/2009 16:00:00,       319.351233
05/10/2009 17:00:00,       313.280703
05/10/2009 18:00:00,       306.878504
05/10/2009 19:00:00,       247.258064
05/10/2009 20:00:00,       201.715877
05/10/2009 21:00:00,       157.031378
05/10/2009 22:00:00,        90.328302
05/10/2009 23:00:00,        58.161833
05/11/2009 00:00:00,        18.819154
05/11/2009 01:00:00,         0.448536
05/11/2009 02:00:00,         0.074526
05/11/2009 03:00:00,         5.808596
05/11/2009 04:00:00,        32.600098
05/11/2009 05:00:00,        26.498593
05/11/2009 06:00:00,        22.524784
05/11/2009 07:00:00,        57.269999
05/11/2009 08:00:00,       161.413703
05/11/2009 09:00:00,       155.411769
05/11/2009 10:00:00,        97.995366
05/11/2009 11:00:00,        77.860194
05/11/2009 12:00:00,        59.021172
05/11/2009 13:00:00,        30.337975
05/11/2009 14:00:00,        13.306831
05/11/2009 15:00:00,         4.148056
05/11/2009 16:00:00,         2.432082
05/11/2009 17:00:00,         6.345787
05/11/2009 18:00:00,         6.647756
05/11/2009 19:00:00,        10.548212
05/11/2009 20:00:00,        12.127295
05/11/2009 21:00:00,         7.093804
05/11/2009 22:00:00,         8.708925
05/11/2009 23:00:00,        19.707668
05/12/2009 00:00:00,        20.205620
05/12/2009 01:00:00,        27.819603
05/12/2009 02:00:00,        45.262713
05/12/2009 03:00:00,        46.543682
05/12/2009 04:00:00,        44.632221
05/12/2009 05:00:00,        27.529804
05/12/2009 06:00:00,         5.228228
05/12/2009 07:00:00,         2.334556
05/12/2009 08:00:00,         2.612549
05/12/2009 09:00:00,         7.897639
05/12/2009 10:00:00,        22.082136
05/12/2009 11:00:00,        44.023739
05/12/2009 12:00:00,        51.435607
05/12/2009 13:00:00,        43.991243
05/12/2009 14:00:00,        29.788450
05/12/2009 15:00:00,        36.462583
05/12/2009 16:00:00,        25.919940
05/12/2009 17:00:00,        16.659345
05/12/2009 18:00:00,        29.501339
05/12/2009 19:00:00,        47.316753
05/12/2009 20:00:00,        51.909583
05/12/2009 21:00:00,        42.969347
05/12/2009 22:00:00,        33.141408
05/12/2009 23:00:00,        22.613326
05/13/2009 00:00:00,        20.086932
05/13/2009 01:00:00,        20.070795
05/13/2009 02:00:00,        29.029819
05/13/2009 03:00:00,        47.110242
05/13/2009 04:00:00,        95.253805
05/13/2009 05:00:00,       133.853833
05/13/2009 06:00:00,       146.346651
05/13/2009 07:00:00,       138.896502
05/13/2009 08:00:00,       122.775436
05/13/2009 09:00:00,       174.792229
05/13/2009 10:00:00,       169.770700
05/13/2009 11:00:00,       154.853455
05/13/2009 12:00:00,       103.926667
05/13/2009 13:00:00,        27.129583
05/13/2009 14:00:00,         8.546292
05/13/2009 15:00:00,         9.996421
05/13/2009 16:00:00,        19.983420
05/13/2009 17:00:00,        27.656354
05/13/2009 18:00:00,        47.071938
05/13/2009 19:00:00,        58.626676
05/13/2009 20:00:00,        65.153340
05/13/2009 21:00:00,        68.866075
05/13/2009 22:00:00,       103.196133
05/13/2009 23:00:00,        69.921572
05/14/2009 00:00:00,        79.593302
05/14/2009 01:00:00,        46.303862
05/14/2009 02:00:00,        48.985795
05/14/2009 03:00:00,        95.213623
05/14/2009 04:00:00,       255.647687
05/14/2009 05:00:00,       316.236705
05/14/2009 06:00:00,       319.617099
05/14/2009 07:00:00,       319.809807
05/14/2009 08:00:00,       319.951818
05/14/2009 09:00:00,       319.969317
05/14/2009 10:00:00,       319.939080
05/14/2009 11:00:00,       319.985284
05/14/2009 12:00:00,       319.983712
05/14/2009 13:00:00,       319.897698
05/14/2009 14:00:00,       318.649395
05/14/2009 15:00:00,       310.702439
05/14/2009 16:00:00,       311.039816
05/14/2009 17:00:00,       318.823405
05/14/2009 18:00:00,       319.719544
05/14/2009 19:00:00,       319.961095
05/14/2009 20:00:00,       320.000000
05/14/2009 21:00:00,       320.000000
05/14/2009 22:00:00,       320.000000
05/14/2009 23:00:00,       320.000000
05/15/2009 00:00:00,       320.000000
05/15/2009 01:00:00,       320.000000
05/15/2009 02:00:00,       320.000000
05/15/2009 03:00:00,       320.000000
05/15/2009 04:00:00,       320.000000
05/15/2009 05:00:00,       320.000000
05/15/2009 06:00:00,       320.000000
05/15/2009 07:00:00,       319.965708
05/15/2009 08:00:00,       319.695146
05/15/2009 09:00:00,       319.978212
05/15/2009 10:00:00,       319.929399
05/15/2009 11:00:00,       320.000000
05/15/2009 12:00:00,       320.000000
05/15/2009 13:00:00,       319.922342
05/15/2009 14:00:00,       319.940962
05/15/2009 15:00:00,       319.796957
05/15/2009 16:00:00,       318.609271
05/15/2009 17:00:00,       317.388532
05/15/2009 18:00:00,       314.735287
05/15/2009 19:00:00,       311.195517
05/15/2009 20:00:00,       302.915995
05/15/2009 21:00:00,       279.701993
05/15/2009 22:00:00,       263.903645
05/15/2009 23:00:00,       223.920468
05/16/2009 00:00:00,       175.924167
05/16/2009 01:00:00,       104.778397
05/16/2009 02:00:00,        77.420166
05/16/2009 03:00:00,        38.403629
05/16/2009 04:00:00,         5.143236
05/16/2009 05:00:00,         2.896703
05/16/2009 06:00:00,         1.315763
05/16/2009 07:00:00,         0.925198
05/16/2009 08:00:00,         0.487588
05/16/2009 09:00:00,         0.111931
05/16/2009 10:00:00,         0.244751
05/16/2009 11:00:00,         2.108787
05/16/2009 12:00:00,        15.849355
05/16/2009 13:00:00,        38.781758
05/16/2009 14:00:00,        28.059606
05/16/2009 15:00:00,         1.776698
05/16/2009 16:00:00,         1.708406
05/16/2009 17:00:00,         8.096782
05/16/2009 18:00:00,        15.661538
05/16/2009 19:00:00,        21.672113
05/16/2009 20:00:00,        32.757250
05/16/2009 21:00:00,        42.431524
05/16/2009 22:00:00,        42.647038
05/16/2009 23:00:00,        41.523827
05/17/2009 00:00:00,        62.418501
05/17/2009 01:00:00,       119.235320
05/17/2009 02:00:00,       226.387978
05/17/2009 03:00:00,       307.145108
05/17/2009 04:00:00,       307.299600
05/17/2009 05:00:00,       319.959785
05/17/2009 06:00:00,       320.000000
05/17/2009 07:00:00,       320.000000
05/17/2009 08:00:00,       320.000000
05/17/2009 09:00:00,       320.000000
05/17/2009 10:00:00,       320.000000
05/17/2009 11:00:00,       320.000000
05/17/2009 12:00:00,       320.000000
05/17/2009 13:00:00,       320.000000
05/17/2009 14:00:00,       319.994123
05/17/2009 15:00:00,       318.597024
05/17/2009 16:00:00,       294.140985
05/17/2009 17:00:00,       265.134378
05/17/2009 18:00:00,       140.019946
05/17/2009 19:00:00,       281.875124
05/17/2009 20:00:00,       319.944424
05/17/2009 21:00:00,       319.665485
05/17/2009 22:00:00,       314.587296
05/17/2009 23:00:00,       315.394213
05/18/2009 00:00:00,       318.759235
05/18/2009 01:00:00,       294.812464
05/18/2009 02:00:00,       231.577123
05/18/2009 03:00:00,       188.648805
05/18/2009 04:00:00,       133.695282
05/18/2009 05:00:00,        86.446193
05/18/2009 06:00:00,        55.662456
05/18/2009 07:00:00,       135.935646
05/18/2009 08:00:00,       145.126295
05/18/2009 09:00:00,       160.697896
05/18/2009 10:00:00,       112.278028
05/18/2009 11:00:00,        80.327245
05/18/2009 12:00:00,        65.249038
05/18/2009 13:00:00,        78.975044
05/18/2009 14:00:00,       104.967749
05/18/2009 15:00:00,       104.873650
05/18/2009 16:00:00,        97.525015
05/18/2009 17:00:00,        86.906970
05/18/2009 18:00:00,        66.195780
05/18/2009 19:00:00,        59.412840
05/18/2009 20:00:00,        46.884358
05/18/2009 21:00:00,        39.187606
05/18/2009 22:00:00,        27.577918
05/18/2009 23:00:00,        11.867596
05/19/2009 00:00:00,         3.463841
05/19/2009 01:00:00,         0.276760
05/19/2009 02:00:00,         0.042783
05/19/2009 03:00:00,         0.624438
05/19/2009 04:00:00,         4.024897
05/19/2009 05:00:00,        12.833297
05/19/2009 06:00:00,        29.160077
05/19/2009 07:00:00,        47.584113
05/19/2009 08:00:00,        60.363069
05/19/2009 09:00:00,        92.011247
05/19/2009 10:00:00,       127.443654
05/19/2009 11:00:00,       126.901453
05/19/2009 12:00:00,       180.985201
05/19/2009 13:00:00,       121.531846
05/19/2009 14:00:00,        42.369438
05/19/2009 15:00:00,        33.282715
05/19/2009 16:00:00,        20.060461
05/19/2009 17:00:00,        34.845245
05/19/2009 18:00:00,        33.587144
05/19/2009 19:00:00,        81.567489
05/19/2009 20:00:00,        97.173086
05/19/2009 21:00:00,        78.339455
05/19/2009 22:00:00,       104.207852
05/19/2009 23:00:00,       210.331119
05/20/2009 00:00:00,       311.724038
05/20/2009 01:00:00,       278.198857
05/20/2009 02:00:00,       307.151067
05/20/2009 03:00:00,       199.707905
05/20/2009 04:00:00,       131.045682
05/20/2009 05:00:00,       124.830478
05/20/2009 06:00:00,       215.220612
05/20/2009 07:00:00,       170.538790
05/20/2009 08:00:00,       127.972342
05/20/2009 09:00:00,       113.927594
05/20/2009 10:00:00,        81.787933
05/20/2009 11:00:00,        50.346549
05/20/2009 12:00:00,        30.055714
05/20/2009 13:00:00,        21.648627
05/20/2009 14:00:00,        19.632066
05/20/2009 15:00:00,        13.922628
05/20/2009 16:00:00,        15.422527
05/20/2009 17:00:00,        34.907525
05/20/2009 18:00:00,        57.391352
05/20/2009 19:00:00,        85.220205
05/20/2009 20:00:00,        94.486556
05/20/2009 21:00:00,        74.096757
05/20/2009 22:00:00,        56.685996
05/20/2009 23:00:00,        51.701307
05/21/2009 00:00:00,        52.689132
05/21/2009 01:00:00,        28.622954
05/21/2009 02:00:00,         8.644568
05/21/2009 03:00:00,         9.879834
05/21/2009 04:00:00,        35.246574
05/21/2009 05:00:00,        34.449203
05/21/2009 06:00:00,        24.662548
05/21/2009 07:00:00,        68.010471
05/21/2009 08:00:00,       137.399608
05/21/2009 09:00:00,       183.535576
05/21/2009 10:00:00,       239.315544
05/21/2009 11:00:00,       210.899356
05/21/2009 12:00:00,       146.277994
05/21/2009 13:00:00,        88.362204
05/21/2009 14:00:00,        12.991625
05/21/2009 15:00:00,         6.156703
05/21/2009 16:00:00,         2.025986
05/21/2009 17:00:00,         1.904319
05/21/2009 18:00:00,         0.816324
05/21/2009 19:00:00,         6.654164
05/21/2009 20:00:00,         2.289609
05/21/2009 21:00:00,        16.934848
05/21/2009 22:00:00,        58.885475
05/21/2009 23:00:00,       100.636071
05/22/2009 00:00:00,       169.858994
05/22/2009 01:00:00,       140.406381
05/22/2009 02:00:00,       203.582611
05/22/2009 03:00:00,        66.220511
05/22/2009 04:00:00,         1.724794
05/22/2009 05:00:00,         0.088839
05/22/2009 06:00:00,       139.184693
05/22/2009 07:00:00,       111.933097
05/22/2009 08:00:00,       156.092301
05/22/2009 09:00:00,       129.631634
05/22/2009 10:00:00,       218.489762
05/22/2009 11:00:00,       260.497859
05/22/2009 12:00:00,       294.084439
05/22/2009 13:00:00,       302.387477
05/22/2009 14:00:00,       310.439334
05/22/2009 15:00:00,       300.462538
05/22/2009 16:00:00,       313.441614
05/22/2009 17:00:00,       312.696291
05/22/2009 18:00:00,        75.733957
05/22/2009 19:00:00,       195.282812
05/22/2009 20:00:00,       133.469694
05/22/2009 21:00:00,       266.926074
05/22/2009 22:00:00,       162.003437
05/22/2009 23:00:00,       219.854125
05/23/2009 00:00:00,       187.116861
05/23/2009 01:00:00,       259.639869
05/23/2009 02:00:00,       311.698635
05/23/2009 03:00:00,       318.073254
05/23/2009 04:00:00,       312.517428
05/23/2009 05:00:00,       312.686045
05/23/2009 06:00:00,       149.436010
05/23/2009 07:00:00,       257.724941
05/23/2009 08:00:00,       256.177003
05/23/2009 09:00:00,       192.220006
05/23/2009 10:00:00,       101.954969
05/23/2009 11:00:00,        49.293488
05/23/2009 12:00:00,        29.286684
05/23/2009 13:00:00,         6.927482
05/23/2009 14:00:00,         1.225317
05/23/2009 15:00:00,         2.346435
05/23/2009 16:00:00,         5.177575
05/23/2009 17:00:00,         9.079146
05/23/2009 18:00:00,         9.792805
05/23/2009 19:00:00,        14.200868
05/23/2009 20:00:00,        21.536014
05/23/2009 21:00:00,        12.395787
05/23/2009 22:00:00,         2.388996
05/23/2009 23:00:00,         0.000000
05/24/2009 00:00:00,         0.000000
05/24/2009 01:00:00,         0.000000
05/24/2009 02:00:00,         0.564847
05/24/2009 03:00:00,         1.485666
05/24/2009 04:00:00,         7.048437
05/24/2009 05:00:00,        56.859366
05/24/2009 06:00:00,       137.255840
05/24/2009 07:00:00,       200.761845
05/24/2009 08:00:00,       312.599646
05/24/2009 09:00:00,       317.829252
05/24/2009 10:00:00,       286.721255
05/24/2009 11:00:00,       258.919347
05/24/2009 12:00:00,       162.595398
05/24/2009 13:00:00,       178.743113
05/24/2009 14:00:00,       130.432030
05/24/2009 15:00:00,       112.395410
05/24/2009 16:00:00,        74.392967
05/24/2009 17:00:00,        94.681651
05/24/2009 18:00:00,       135.213014
05/24/2009 19:00:00,        63.171446
05/24/2009 20:00:00,        49.382879
05/24/2009 21:00:00,        64.873569
05/24/2009 22:00:00,        79.341427
05/24/2009 23:00:00,        75.315898
05/25/2009 00:00:00,        89.967919
05/25/2009 01:00:00,       107.968331
05/25/2009 02:00:00,       126.010062
05/25/2009 03:00:00,       163.096434
05/25/2009 04:00:00,       120.950715
05/25/2009 05:00:00,       180.567169
05/25/2009 06:00:00,       173.266553
05/25/2009 07:00:00,       188.514364
05/25/2009 08:00:00,       304.710271
05/25/2009 09:00:00,       311.157354
05/25/2009 10:00:00,       296.615091
05/25/2009 11:00:00,       271.734738
05/25/2009 12:00:00,       278.877117
05/25/2009 13:00:00,       314.565084
05/25/2009 14:00:00,       316.910956
05/25/2009 15:00:00,       316.146940
05/25/2009 16:00:00,       317.315215
05/25/2009 17:00:00,       319.040643
05/25/2009 18:00:00,       319.556670
05/25/2009 19:00:00,       319.770139
05/25/2009 20:00:00,       319.805911
05/25/2009 21:00:00,       319.090370
05/25/2009 22:00:00,       313.075997
05/25/2009 23:00:00,       298.361342
05/26/2009 00:00:00,       286.313741
05/26/2009 01:00:00,       306.667481
05/26/2009 02:00:00,       259.573164
05/26/2009 03:00:00,       264.298139
05/26/2009 04:00:00,       219.607441
05/26/2009 05:00:00,       214.350684
05/26/2009 06:00:00,       205.135092
05/26/2009 07:00:00,       208.253944
05/26/2009 08:00:00,       201.915071
05/26/2009 09:00:00,       128.606126
05/26/2009 10:00:00,       129.963189
05/26/2009 11:00:00,       133.067113
05/26/2009 12:00:00,        91.722747
05/26/2009 13:00:00,        84.830993
05/26/2009 14:00:00,       103.776610
05/26/2009 15:00:00,       133.635631
05/26/2009 16:00:00,       115.514812
05/26/2009 17:00:00,       149.371530
05/26/2009 18:00:00,       130.990590
05/26/2009 19:00:00,       132.515618
05/26/2009 20:00:00,       108.086926
05/26/2009 21:00:00,        85.961646
05/26/2009 22:00:00,        93.923434
05/26/2009 23:00:00,        99.828689
05/27/2009 00:00:00,        97.697762
05/27/2009 01:00:00,        91.354557
05/27/2009 02:00:00,        81.856665
05/27/2009 03:00:00,        79.887285
05/27/2009 04:00:00,        68.446665
05/27/2009 05:00:00,        57.533423
05/27/2009 06:00:00,        19.896935
05/27/2009 07:00:00,         9.229289
05/27/2009 08:00:00,         2.850133
05/27/2009 09:00:00,         0.026326
05/27/2009 10:00:00,         0.000000
05/27/2009 11:00:00,         0.000000
05/27/2009 12:00:00,         1.993864
05/27/2009 13:00:00,        19.814310
05/27/2009 14:00:00,        36.462089
05/27/2009 15:00:00,        12.348367
05/27/2009 16:00:00,         1.204800
05/27/2009 17:00:00,         0.303432
05/27/2009 18:00:00,         1.159218
05/27/2009 19:00:00,         1.392571
05/27/2009 20:00:00,         3.343281
05/27/2009 21:00:00,         3.716700
05/27/2009 22:00:00,         1.013937
05/27/2009 23:00:00,         7.927227
05/28/2009 00:00:00,         7.419068
05/28/2009 01:00:00,        21.147152
05/28/2009 02:00:00,        27.317310
05/28/2009 03:00:00,        10.979795
05/28/2009 04:00:00,         0.355942
05/28/2009 05:00:00,         0.016943
05/28/2009 06:00:00,         0.000000
05/28/2009 07:00:00,         0.199426
05/28/2009 08:00:00,         7.374511
05/28/2009 09:00:00,        41.768628
05/28/2009 10:00:00,        35.217841
05/28/2009 11:00:00,         6.561707
05/28/2009 12:00:00,         1.751413
05/28/2009 13:00:00,         1.215663
05/28/2009 14:00:00,         0.271608
05/28/2009 15:00:00,         0.192230
05/28/2009 16:00:00,         0.822145
05/28/2009 17:00:00,         0.595337
05/28/2009 18:00:00,         0.921519
05/28/2009 19:00:00,         1.346061
05/28/2009 20:00:00,         3.445975
05/28/2009 21:00:00,         5.137066
05/28/2009 22:00:00,         5.622163
05/28/2009 23:00:00,        10.803965
05/29/2009 00:00:00,        25.989814
05/29/2009 01:00:00,        25.592116
05/29/2009 02:00:00,        25.197106
05/29/2009 03:00:00,       117.431108
05/29/2009 04:00:00,       280.465695
05/29/2009 05:00:00,       292.631060
05/29/2009 06:00:00,       302.499047
05/29/2009 07:00:00,       309.916992
05/29/2009 08:00:00,       305.772038
05/29/2009 09:00:00,       307.293835
05/29/2009 10:00:00,       309.769391
05/29/2009 11:00:00,       287.244592
05/29/2009 12:00:00,       278.143461
05/29/2009 13:00:00,       313.913535
05/29/2009 14:00:00,       283.502002
05/29/2009 15:00:00,       285.659153
05/29/2009 16:00:00,       287.391675
05/29/2009 17:00:00,       308.920818
05/29/2009 18:00:00,       310.947999
05/29/2009 19:00:00,       306.779884
05/29/2009 20:00:00,       304.783460
05/29/2009 21:00:00,       301.022029
05/29/2009 22:00:00,       308.423240
05/29/2009 23:00:00,       314.627341
05/30/2009 00:00:00,       317.192616
05/30/2009 01:00:00,       317.795156
05/30/2009 02:00:00,       311.497985
05/30/2009 03:00:00,       292.254109
05/30/2009 04:00:00,       266.515770
05/30/2009 05:00:00,       197.131619
05/30/2009 06:00:00,       183.327100
05/30/2009 07:00:00,       173.058255
05/30/2009 08:00:00,       139.197209
05/30/2009 09:00:00,       110.087300
05/30/2009 10:00:00,        82.556525
05/30/2009 11:00:00,        58.488396
05/30/2009 12:00:00,        42.597644
05/30/2009 13:00:00,        20.492933
05/30/2009 14:00:00,         4.237519
05/30/2009 15:00:00,        16.699204
05/30/2009 16:00:00,        29.115392
05/30/2009 17:00:00,        32.307218
05/30/2009 18:00:00,        22.333506
05/30/2009 19:00:00,        10.713774
05/30/2009 20:00:00,         0.739139
05/30/2009 21:00:00,         0.193879
05/30/2009 22:00:00,         0.043657
05/30/2009 23:00:00,         0.070998
05/31/2009 00:00:00,         0.551433
05/31/2009 01:00:00,         0.042922
05/31/2009 02:00:00,         1.139637
05/31/2009 03:00:00,        15.283025
05/31/2009 04:00:00,        47.775638
05/31/2009 05:00:00,        60.859109
05/31/2009 06:00:00,       120.548781
05/31/2009 07:00:00,       175.646563
05/31/2009 08:00:00,       218.275500
05/31/2009 09:00:00,       182.991050
05/31/2009 10:00:00,       126.204078
05/31/2009 11:00:00,       105.406677
05/31/2009 12:00:00,        79.810317
05/31/2009 13:00:00,        41.928470
05/31/2009 14:00:00,        19.215685
05/31/2009 15:00:00,        19.384346
05/31/2009 16:00:00,        17.957656
05/31/2009 17:00:00,        26.344648
05/31/2009 18:00:00,        14.255337
05/31/2009 19:00:00,        22.947374
05/31/2009 20:00:00,        37.732202
05/31/2009 21:00:00,         5.717671
05/31/2009 22:00:00,        41.108533
05/31/2009 23:00:00,        78.726771
06/01/2009 00:00:00,        72.210399
06/01/2009 01:00:00,        90.071591
06/01/2009 02:00:00,       122.484935
06/01/2009 03:00:00,        41.501003
06/01/2009 04:00:00,         0.550160
06/01/2009 05:00:00,         0.229375
06/01/2009 06:00:00,         0.000000
06/01/2009 07:00:00,         0.368763
06/01/2009 08:00:00,         0.566018
06/01/2009 09:00:00,        63.109905
06/01/2009 10:00:00,        18.940307
06/01/2009 11:00:00,         0.424932
06/01/2009 12:00:00,         1.512096
06/01/2009 13:00:00,        79.614675
06/01/2009 14:00:00,       278.257298
06/01/2009 15:00:00,       320.000000
06/01/2009 16:00:00,       319.644070
06/01/2009 17:00:00,       319.855539
06/01/2009 18:00:00,       319.892941
06/01/2009 19:00:00,       319.927040
06/01/2009 20:00:00,       319.978123
06/01/2009 21:00:00,       319.996667
06/01/2009 22:00:00,       319.983639
06/01/2009 23:00:00,       319.478650
06/02/2009 00:00:00,       312.264461
06/02/2009 01:00:00,       264.403811
06/02/2009 02:00:00,       234.343470
06/02/2009 03:00:00,       187.531528
06/02/2009 04:00:00,       113.794420
06/02/2009 05:00:00,        99.656058
06/02/2009 06:00:00,       170.343587
06/02/2009 07:00:00,       229.983093
06/02/2009 08:00:00,       211.793529
06/02/2009 09:00:00,       269.044424
06/02/2009 10:00:00,       233.967173
06/02/2009 11:00:00,       207.548091
06/02/2009 12:00:00,       201.983880
06/02/2009 13:00:00,       191.625494
06/02/2009 14:00:00,       179.573889
06/02/2009 15:00:00,       262.018978
06/02/2009 16:00:00,       307.307466
06/02/2009 17:00:00,       318.079226
06/02/2009 18:00:00,       319.263521
06/02/2009 19:00:00,       319.228883
06/02/2009 20:00:00,       318.418099
06/02/2009 21:00:00,       316.484710
06/02/2009 22:00:00,       311.735525
06/02/2009 23:00:00,       318.751942
06/03/2009 00:00:00,       184.699967
06/03/2009 01:00:00,       230.291675
06/03/2009 02:00:00,        67.351235
06/03/2009 03:00:00,       177.130064
06/03/2009 04:00:00,       222.798960
06/03/2009 05:00:00,        60.285650
06/03/2009 06:00:00,       107.652826
06/03/2009 07:00:00,       145.513082
06/03/2009 08:00:00,       106.621469
06/03/2009 09:00:00,       118.936453
06/03/2009 10:00:00,       117.530032
06/03/2009 11:00:00,       177.463066
06/03/2009 12:00:00,       171.670881
06/03/2009 13:00:00,       116.732908
06/03/2009 14:00:00,        87.490502
06/03/2009 15:00:00,        81.850683
06/03/2009 16:00:00,        70.082292
06/03/2009 17:00:00,        82.997097
06/03/2009 18:00:00,       139.438938
06/03/2009 19:00:00,       115.459893
06/03/2009 20:00:00,       109.440047
06/03/2009 21:00:00,       144.350723
06/03/2009 22:00:00,       177.170031
06/03/2009 23:00:00,       108.275935
06/04/2009 00:00:00,       116.583359
06/04/2009 01:00:00,       290.220707
06/04/2009 02:00:00,        92.773713
06/04/2009 03:00:00,       293.442883
06/04/2009 04:00:00,        94.836529
06/04/2009 05:00:00,       168.731344
06/04/2009 06:00:00,       125.301737
06/04/2009 07:00:00,        40.295606
06/04/2009 08:00:00,        42.129290
06/04/2009 09:00:00,        88.713071
06/04/2009 10:00:00,        83.386537
06/04/2009 11:00:00,        84.200520
06/04/2009 12:00:00,        61.753926
06/04/2009 13:00:00,        69.608948
06/04/2009 14:00:00,       120.625119
06/04/2009 15:00:00,       195.272143
06/04/2009 16:00:00,       157.041777
06/04/2009 17:00:00,       142.414683
06/04/2009 18:00:00,       149.791101
06/04/2009 19:00:00,       124.520332
06/04/2009 20:00:00,       106.017266
06/04/2009 21:00:00,        63.541505
06/04/2009 22:00:00,        44.740947
06/04/2009 23:00:00,        42.940530
06/05/2009 00:00:00,         4.663753
06/05/2009 01:00:00,         7.545469
06/05/2009 02:00:00,        24.388468
06/05/2009 03:00:00,        23.934028
06/05/2009 04:00:00,        22.366499
06/05/2009 05:00:00,        43.742839
06/05/2009 06:00:00,       236.239076
06/05/2009 07:00:00,       283.977633
06/05/2009 08:00:00,       319.050342
06/05/2009 09:00:00,       319.224482
06/05/2009 10:00:00,       317.371623
06/05/2009 11:00:00,       318.459300
06/05/2009 12:00:00,       302.272476
06/05/2009 13:00:00,       216.500101
06/05/2009 14:00:00,       159.443282
06/05/2009 15:00:00,       120.977411
06/05/2009 16:00:00,       173.754783
06/05/2009 17:00:00,       294.006790
06/05/2009 18:00:00,       275.715977
06/05/2009 19:00:00,       224.064458
06/05/2009 20:00:00,       181.112874
06/05/2009 21:00:00,       122.191396
06/05/2009 22:00:00,       189.370501
06/05/2009 23:00:00,        67.298231
06/06/2009 00:00:00,        93.862179
06/06/2009 01:00:00,        18.108762
06/06/2009 02:00:00,        85.556141
06/06/2009 03:00:00,        16.093079
06/06/2009 04:00:00,        11.710244
06/06/2009 05:00:00,       115.025760
06/06/2009 06:00:00,       199.542388
06/06/2009 07:00:00,       168.962761
06/06/2009 08:00:00,       239.436316
06/06/2009 09:00:00,       188.990237
06/06/2009 10:00:00,       155.117303
06/06/2009 11:00:00,        90.078984
06/06/2009 12:00:00,        65.474808
06/06/2009 13:00:00,        19.216874
06/06/2009 14:00:00,         8.771075
06/06/2009 15:00:00,        11.666038
06/06/2009 16:00:00,         6.785443
06/06/2009 17:00:00,         1.907214
06/06/2009 18:00:00,        59.937082
06/06/2009 19:00:00,        82.534248
06/06/2009 20:00:00,         2.008474
06/06/2009 21:00:00,        35.827200
06/06/2009 22:00:00,        73.769440
06/06/2009 23:00:00,        77.577420
06/07/2009 00:00:00,       137.208684
06/07/2009 01:00:00,       230.747332
06/07/2009 02:00:00,        59.238678
06/07/2009 03:00:00,        64.660012
06/07/2009 04:00:00,        34.860225
06/07/2009 05:00:00,       248.163819
06/07/2009 06:00:00,        94.472555
06/07/2009 07:00:00,       242.040572
06/07/2009 08:00:00,       278.290998
06/07/2009 09:00:00,       209.810986
06/07/2009 10:00:00,       163.066983
06/07/2009 11:00:00,       162.498482
06/07/2009 12:00:00,       126.338167
06/07/2009 13:00:00,        97.784751
06/07/2009 14:00:00,       173.296565
06/07/2009 15:00:00,       256.187194
06/07/2009 16:00:00,       276.352450
06/07/2009 17:00:00,       278.035082
06/07/2009 18:00:00,       300.368123
06/07/2009 19:00:00,       261.762923
06/07/2009 20:00:00,       220.614651
06/07/2009 21:00:00,       276.068933
06/07/2009 22:00:00,       264.765250
06/07/2009 23:00:00,       176.511658
06/08/2009 00:00:00,       168.878275
06/08/2009 01:00:00,        73.817185
06/08/2009 02:00:00,       106.801743
06/08/2009 03:00:00,       109.025768
06/08/2009 04:00:00,        51.734662
06/08/2009 05:00:00,        39.257509
06/08/2009 06:00:00,        92.345917
06/08/2009 07:00:00,       107.980982
06/08/2009 08:00:00,       147.920172
06/08/2009 09:00:00,       201.362170
06/08/2009 10:00:00,       239.862319
06/08/2009 11:00:00,       170.951548
06/08/2009 12:00:00,       184.283407
06/08/2009 13:00:00,       183.025344
06/08/2009 14:00:00,       212.964181
06/08/2009 15:00:00,       179.180358
06/08/2009 16:00:00,       123.515817
06/08/2009 17:00:00,       123.159625
06/08/2009 18:00:00,       124.914773
06/08/2009 19:00:00,       113.150154
06/08/2009 20:00:00,       114.171433
06/08/2009 21:00:00,       118.332907
06/08/2009 22:00:00,       106.552466
06/08/2009 23:00:00,        91.954942
06/09/2009 00:00:00,       174.260936
06/09/2009 01:00:00,        83.771009
06/09/2009 02:00:00,        52.888618
06/09/2009 03:00:00,        46.255581
06/09/2009 04:00:00,         5.890913
06/09/2009 05:00:00,         0.011016
06/09/2009 06:00:00,         0.000000
06/09/2009 07:00:00,         0.004914
06/09/2009 08:00:00,         0.046756
06/09/2009 09:00:00,         0.101986
06/09/2009 10:00:00,         0.324954
06/09/2009 11:00:00,         0.005790
06/09/2009 12:00:00,         0.000000
06/09/2009 13:00:00,         0.000000
06/09/2009 14:00:00,         0.000000
06/09/2009 15:00:00,         1.091254
06/09/2009 16:00:00,        27.518066
06/09/2009 17:00:00,        89.657746
06/09/2009 18:00:00,       119.372540
06/09/2009 19:00:00,       125.819382
06/09/2009 20:00:00,       166.903867
06/09/2009 21:00:00,       178.217836
06/09/2009 22:00:00,       144.235198
06/09/2009 23:00:00,        68.184573
06/10/2009 00:00:00,        95.374337
06/10/2009 01:00:00,       118.623029
06/10/2009 02:00:00,       130.390996
06/10/2009 03:00:00,       153.900625
06/10/2009 04:00:00,       186.278891
06/10/2009 05:00:00,       188.644485
06/10/2009 06:00:00,       172.418448
06/10/2009 07:00:00,       192.522180
06/10/2009 08:00:00,       232.246612
06/10/2009 09:00:00,       232.030891
06/10/2009 10:00:00,       219.459894
06/10/2009 11:00:00,       214.328792
06/10/2009 12:00:00,       179.686275
06/10/2009 13:00:00,       149.922723
06/10/2009 14:00:00,       136.017400
06/10/2009 15:00:00,       112.155333
06/10/2009 16:00:00,       105.672383
06/10/2009 17:00:00,       108.127357
06/10/2009 18:00:00,       123.740001
06/10/2009 19:00:00,       118.391239
06/10/2009 20:00:00,        99.766229
06/10/2009 21:00:00,        96.363647
06/10/2009 22:00:00,       108.568402
06/10/2009 23:00:00,       131.076652
06/11/2009 00:00:00,       153.882393
06/11/2009 01:00:00,       180.461078
06/11/2009 02:00:00,       234.344536
06/11/2009 03:00:00,       288.893378
06/11/2009 04:00:00,       318.312989
06/11/2009 05:00:00,       318.986275
06/11/2009 06:00:00,       314.764297
06/11/2009 07:00:00,       291.471253
06/11/2009 08:00:00,       277.390498
06/11/2009 09:00:00,       271.016068
06/11/2009 10:00:00,       259.626065
06/11/2009 11:00:00,       244.824579
06/11/2009 12:00:00,       210.320845
06/11/2009 13:00:00,       173.476834
06/11/2009 14:00:00,       181.946011
06/11/2009 15:00:00,       177.184382
06/11/2009 16:00:00,       137.807906
06/11/2009 17:00:00,       104.244286
06/11/2009 18:00:00,        86.812905
06/11/2009 19:00:00,        60.752055
06/11/2009 20:00:00,        44.398684
06/11/2009 21:00:00,        33.849366
06/11/2009 22:00:00,        26.765144
06/11/2009 23:00:00,        13.930153
06/12/2009 00:00:00,        17.292451
06/12/2009 01:00:00,        29.813969
06/12/2009 02:00:00,        54.967210
06/12/2009 03:00:00,        55.925604
06/12/2009 04:00:00,        71.905800
06/12/2009 05:00:00,        66.571894
06/12/2009 06:00:00,       115.280879
06/12/2009 07:00:00,        49.243236
06/12/2009 08:00:00,        50.589042
06/12/2009 09:00:00,        49.674884
06/12/2009 10:00:00,        28.854325
06/12/2009 11:00:00,        44.352113
06/12/2009 12:00:00,        34.338442
06/12/2009 13:00:00,        20.768971
06/12/2009 14:00:00,         7.203136
06/12/2009 15:00:00,         0.518077
06/12/2009 16:00:00,         5.543909
06/12/2009 17:00:00,         7.932039
06/12/2009 18:00:00,         9.357556
06/12/2009 19:00:00,        13.805896
06/12/2009 20:00:00,        25.599658
06/12/2009 21:00:00,        31.978171
06/12/2009 22:00:00,        20.440119
06/12/2009 23:00:00,        20.170977
06/13/2009 00:00:00,         3.227850
06/13/2009 01:00:00,         9.954108
06/13/2009 02:00:00,         0.992152
06/13/2009 03:00:00,         0.684652
06/13/2009 04:00:00,         0.009954
06/13/2009 05:00:00,         0.000000
06/13/2009 06:00:00,         0.000000
06/13/2009 07:00:00,         0.988786
06/13/2009 08:00:00,         3.631164
06/13/2009 09:00:00,         4.765293
06/13/2009 10:00:00,         5.495191
06/13/2009 11:00:00,         9.347174
06/13/2009 12:00:00,        13.858418
06/13/2009 13:00:00,        12.603963
06/13/2009 14:00:00,        11.932087
06/13/2009 15:00:00,         3.018932
06/13/2009 16:00:00,         2.891827
06/13/2009 17:00:00,         3.603739
06/13/2009 18:00:00,        13.654822
06/13/2009 19:00:00,        20.018371
06/13/2009 20:00:00,        19.343681
06/13/2009 21:00:00,        29.676436
06/13/2009 22:00:00,         0.064502
06/13/2009 23:00:00,        41.520984
06/14/2009 00:00:00,        16.055602
06/14/2009 01:00:00,         0.254196
06/14/2009 02:00:00,         5.560818
06/14/2009 03:00:00,        14.895334
06/14/2009 04:00:00,         0.109164
06/14/2009 05:00:00,         5.965965
06/14/2009 06:00:00,        12.225068
06/14/2009 07:00:00,        13.958131
06/14/2009 08:00:00,        34.023956
06/14/2009 09:00:00,       145.626778
06/14/2009 10:00:00,       105.490786
06/14/2009 11:00:00,        66.129997
06/14/2009 12:00:00,        44.179481
06/14/2009 13:00:00,         6.808826
06/14/2009 14:00:00,         7.601475
06/14/2009 15:00:00,         3.478708
06/14/2009 16:00:00,        12.158066
06/14/2009 17:00:00,        34.927931
06/14/2009 18:00:00,        40.079082
06/14/2009 19:00:00,        54.822124
06/14/2009 20:00:00,        67.404935
06/14/2009 21:00:00,       118.228029
06/14/2009 22:00:00,        57.317445
06/14/2009 23:00:00,        24.694704
06/15/2009 00:00:00,        33.535687
06/15/2009 01:00:00,        14.600756
06/15/2009 02:00:00,        44.504853
06/15/2009 03:00:00,        52.471913
06/15/2009 04:00:00,        69.400654
06/15/2009 05:00:00,       128.150496
06/15/2009 06:00:00,        62.625646
06/15/2009 07:00:00,       144.033042
06/15/2009 08:00:00,       225.897020
06/15/2009 09:00:00,       264.337356
06/15/2009 10:00:00,       253.825349
06/15/2009 11:00:00,       215.286239
06/15/2009 12:00:00,       213.900947
06/15/2009 13:00:00,       155.732861
06/15/2009 14:00:00,        83.052436
06/15/2009 15:00:00,        29.158790
06/15/2009 16:00:00,        13.242834
06/15/2009 17:00:00,         2.037141
06/15/2009 18:00:00,         3.895311
06/15/2009 19:00:00,        23.862351
06/15/2009 20:00:00,        63.545247
06/15/2009 21:00:00,         4.220558
06/15/2009 22:00:00,        22.598737
06/15/2009 23:00:00,        29.971830
06/16/2009 00:00:00,         4.064402
06/16/2009 01:00:00,         3.522310
06/16/2009 02:00:00,        16.873790
06/16/2009 03:00:00,         9.075007
06/16/2009 04:00:00,        83.343586
06/16/2009 05:00:00,       213.266346
06/16/2009 06:00:00,       209.903330
06/16/2009 07:00:00,       168.348627
06/16/2009 08:00:00,       104.291366
06/16/2009 09:00:00,        86.057105
06/16/2009 10:00:00,        53.130802
06/16/2009 11:00:00,        53.499628
06/16/2009 12:00:00,        51.676174
06/16/2009 13:00:00,        14.091310
06/16/2009 14:00:00,         8.065563
06/16/2009 15:00:00,        21.450655
06/16/2009 16:00:00,        16.901769
06/16/2009 17:00:00,        11.308477
06/16/2009 18:00:00,        26.993554
06/16/2009 19:00:00,        28.618497
06/16/2009 20:00:00,        66.424154
06/16/2009 21:00:00,        71.024476
06/16/2009 22:00:00,        82.706176
06/16/2009 23:00:00,       109.457973
06/17/2009 00:00:00,        76.887757
06/17/2009 01:00:00,        37.147037
06/17/2009 02:00:00,        13.335667
06/17/2009 03:00:00,        74.537559
06/17/2009 04:00:00,       192.953273
06/17/2009 05:00:00,       264.681402
06/17/2009 06:00:00,       301.237516
06/17/2009 07:00:00,       318.711005
06/17/2009 08:00:00,       317.246099
06/17/2009 09:00:00,       317.325639
06/17/2009 10:00:00,       318.422358
06/17/2009 11:00:00,       319.105440
06/17/2009 12:00:00,       294.814522
06/17/2009 13:00:00,       277.802213
06/17/2009 14:00:00,       182.456954
06/17/2009 15:00:00,       114.033389
06/17/2009 16:00:00,       104.028574
06/17/2009 17:00:00,        79.694541
06/17/2009 18:00:00,        62.587783
06/17/2009 19:00:00,        41.629952
06/17/2009 20:00:00,       152.439394
06/17/2009 21:00:00,       168.716071
06/17/2009 22:00:00,        83.411157
06/17/2009 23:00:00,       128.393432
06/18/2009 00:00:00,       136.508074
06/18/2009 01:00:00,        87.679919
06/18/2009 02:00:00,        86.981982
06/18/2009 03:00:00,        52.788012
06/18/2009 04:00:00,        40.250528
06/18/2009 05:00:00,        56.564463
06/18/2009 06:00:00,       300.180840
06/18/2009 07:00:00,       102.389231
06/18/2009 08:00:00,        53.163273
06/18/2009 09:00:00,       199.364398
06/18/2009 10:00:00,       225.254464
06/18/2009 11:00:00,       242.484972
06/18/2009 12:00:00,       144.721055
06/18/2009 13:00:00,        53.625528
06/18/2009 14:00:00,        27.627503
06/18/2009 15:00:00,        31.269486
06/18/2009 16:00:00,       129.776095
06/18/2009 17:00:00,       236.568542
06/18/2009 18:00:00,       235.973715
06/18/2009 19:00:00,       246.393601
06/18/2009 20:00:00,       248.106996
06/18/2009 21:00:00,       170.037714
06/18/2009 22:00:00,       282.749253
06/18/2009 23:00:00,       197.820727
06/19/2009 00:00:00,       102.843187
06/19/2009 01:00:00,       197.732649
06/19/2009 02:00:00,       233.449973
06/19/2009 03:00:00,       247.677812
06/19/2009 04:00:00,       280.564322
06/19/2009 05:00:00,       313.763730
06/19/2009 06:00:00,       254.327084
06/19/2009 07:00:00,       179.671682
06/19/2009 08:00:00,       121.174747
06/19/2009 09:00:00,       188.094446
06/19/2009 10:00:00,       250.702859
06/19/2009 11:00:00,       140.513923
06/19/2009 12:00:00,        80.105510
06/19/2009 13:00:00,        49.204030
06/19/2009 14:00:00,        33.110676
06/19/2009 15:00:00,        25.915201
06/19/2009 16:00:00,        27.896195
06/19/2009 17:00:00,        52.862237
06/19/2009 18:00:00,       116.752739
06/19/2009 19:00:00,       167.591092
06/19/2009 20:00:00,       246.017816
06/19/2009 21:00:00,       174.906030
06/19/2009 22:00:00,       171.833347
06/19/2009 23:00:00,       105.436324
06/20/2009 00:00:00,        25.550797
06/20/2009 01:00:00,         4.129808
06/20/2009 02:00:00,        96.266563
06/20/2009 03:00:00,       251.008761
06/20/2009 04:00:00,       262.113370
06/20/2009 05:00:00,       248.394541
06/20/2009 06:00:00,       286.046785
06/20/2009 07:00:00,       298.362770
06/20/2009 08:00:00,       284.566959
06/20/2009 09:00:00,       290.687638
06/20/2009 10:00:00,       265.712019
06/20/2009 11:00:00,       287.742917
06/20/2009 12:00:00,       247.151502
06/20/2009 13:00:00,       214.251868
06/20/2009 14:00:00,       183.803310
06/20/2009 15:00:00,       214.829044
06/20/2009 16:00:00,       276.308306
06/20/2009 17:00:00,       264.915283
06/20/2009 18:00:00,       248.116390
06/20/2009 19:00:00,       255.259604
06/20/2009 20:00:00,       199.155857
06/20/2009 21:00:00,       204.716223
06/20/2009 22:00:00,       215.723034
06/20/2009 23:00:00,       143.055713
06/21/2009 00:00:00,       168.325834
06/21/2009 01:00:00,       150.494486
06/21/2009 02:00:00,       125.395459
06/21/2009 03:00:00,       112.631390
06/21/2009 04:00:00,        32.296958
06/21/2009 05:00:00,        42.963107
06/21/2009 06:00:00,        62.150766
06/21/2009 07:00:00,        61.405109
06/21/2009 08:00:00,        49.679230
06/21/2009 09:00:00,        48.008888
06/21/2009 10:00:00,        71.656666
06/21/2009 11:00:00,        66.236131
06/21/2009 12:00:00,        97.083114
06/21/2009 13:00:00,       107.185501
06/21/2009 14:00:00,        77.648961
06/21/2009 15:00:00,        89.519618
06/21/2009 16:00:00,       100.180586
06/21/2009 17:00:00,       138.068154
06/21/2009 18:00:00,       130.487545
06/21/2009 19:00:00,       149.371167
06/21/2009 20:00:00,       153.153285
06/21/2009 21:00:00,       125.149227
06/21/2009 22:00:00,        98.484500
06/21/2009 23:00:00,        61.295470
06/22/2009 00:00:00,        65.473528
06/22/2009 01:00:00,        56.605648
06/22/2009 02:00:00,        38.576071
06/22/2009 03:00:00,        13.069968
06/22/2009 04:00:00,         8.874645
06/22/2009 05:00:00,        36.283008
06/22/2009 06:00:00,        32.366608
06/22/2009 07:00:00,        62.232722
06/22/2009 08:00:00,        92.056327
06/22/2009 09:00:00,        55.381401
06/22/2009 10:00:00,        27.152437
06/22/2009 11:00:00,        48.021974
06/22/2009 12:00:00,        41.440878
06/22/2009 13:00:00,        39.064452
06/22/2009 14:00:00,        79.282402
06/22/2009 15:00:00,       111.210289
06/22/2009 16:00:00,       139.455679
06/22/2009 17:00:00,       195.631187
06/22/2009 18:00:00,       230.132364
06/22/2009 19:00:00,       253.652998
06/22/2009 20:00:00,       207.799173
06/22/2009 21:00:00,       164.232317
06/22/2009 22:00:00,       152.882858
06/22/2009 23:00:00,       136.398484
06/23/2009 00:00:00,       107.445964
06/23/2009 01:00:00,       105.681630
06/23/2009 02:00:00,       101.754423
06/23/2009 03:00:00,        82.650103
06/23/2009 04:00:00,        77.848277
06/23/2009 05:00:00,        33.365995
06/23/2009 06:00:00,        19.669443
06/23/2009 07:00:00,        11.759625
06/23/2009 08:00:00,         8.198326
06/23/2009 09:00:00,         7.308975
06/23/2009 10:00:00,         9.597853
06/23/2009 11:00:00,         1.270150
06/23/2009 12:00:00,         0.294423
06/23/2009 13:00:00,         0.032838
06/23/2009 14:00:00,         0.118133
06/23/2009 15:00:00,         2.524909
06/23/2009 16:00:00,        11.118124
06/23/2009 17:00:00,        24.532362
06/23/2009 18:00:00,        46.042859
06/23/2009 19:00:00,        64.939107
06/23/2009 20:00:00,        83.699193
06/23/2009 21:00:00,       193.944069
06/23/2009 22:00:00,        73.642134
06/23/2009 23:00:00,        82.932524
06/24/2009 00:00:00,        74.374500
06/24/2009 01:00:00,        79.848123
06/24/2009 02:00:00,        36.984020
06/24/2009 03:00:00,         6.055600
06/24/2009 04:00:00,        10.647714
06/24/2009 05:00:00,         6.720198
06/24/2009 06:00:00,        36.402252
06/24/2009 07:00:00,        91.379786
06/24/2009 08:00:00,       110.866581
06/24/2009 09:00:00,       101.452635
06/24/2009 10:00:00,        48.807316
06/24/2009 11:00:00,         3.050573
06/24/2009 12:00:00,         0.267361
06/24/2009 13:00:00,         0.000000
06/24/2009 14:00:00,         0.714483
06/24/2009 15:00:00,         6.254335
06/24/2009 16:00:00,         2.742949
06/24/2009 17:00:00,         1.524698
06/24/2009 18:00:00,         1.617754
06/24/2009 19:00:00,         3.653117
06/24/2009 20:00:00,         6.363500
06/24/2009 21:00:00,         0.430230
06/24/2009 22:00:00,         9.330508
06/24/2009 23:00:00,         1.296914
06/25/2009 00:00:00,         0.083138
06/25/2009 01:00:00,         7.897530
06/25/2009 02:00:00,         2.154125
06/25/2009 03:00:00,         2.101714
06/25/2009 04:00:00,         4.223756
06/25/2009 05:00:00,         5.889411
06/25/2009 06:00:00,        41.902495
06/25/2009 07:00:00,        52.057294
06/25/2009 08:00:00,        48.648019
06/25/2009 09:00:00,        44.056005
06/25/2009 10:00:00,        32.086813
06/25/2009 11:00:00,        15.461396
06/25/2009 12:00:00,        15.931741
06/25/2009 13:00:00,         0.134616
06/25/2009 14:00:00,         0.000000
06/25/2009 15:00:00,         0.605660
06/25/2009 16:00:00,         0.516132
06/25/2009 17:00:00,         0.230128
06/25/2009 18:00:00,         2.340199
06/25/2009 19:00:00,         0.776362
06/25/2009 20:00:00,         0.000000
06/25/2009 21:00:00,         0.000000
06/25/2009 22:00:00,         0.028546
06/25/2009 23:00:00,         0.748638
06/26/2009 00:00:00,         3.440133
06/26/2009 01:00:00,        12.463988
06/26/2009 02:00:00,        14.769738
06/26/2009 03:00:00,         6.330685
06/26/2009 04:00:00,         2.281211
06/26/2009 05:00:00,         9.494022
06/26/2009 06:00:00,         7.665627
06/26/2009 07:00:00,        23.461330
06/26/2009 08:00:00,        25.961873
06/26/2009 09:00:00,        83.603340
06/26/2009 10:00:00,        61.042581
06/26/2009 11:00:00,       100.724782
06/26/2009 12:00:00,       110.110592
06/26/2009 13:00:00,        14.269841
06/26/2009 14:00:00,         3.789541
06/26/2009 15:00:00,         7.943198
06/26/2009 16:00:00,        19.982637
06/26/2009 17:00:00,        24.744587
06/26/2009 18:00:00,        78.926865
06/26/2009 19:00:00,        53.729228
06/26/2009 20:00:00,        45.119137
06/26/2009 21:00:00,        12.109663
06/26/2009 22:00:00,        11.464383
06/26/2009 23:00:00,         8.707827
06/27/2009 00:00:00,         1.907985
06/27/2009 01:00:00,        15.465949
06/27/2009 02:00:00,         5.987976
06/27/2009 03:00:00,        79.848096
06/27/2009 04:00:00,       166.447854
06/27/2009 05:00:00,       182.909794
06/27/2009 06:00:00,       138.128752
06/27/2009 07:00:00,       229.712648
06/27/2009 08:00:00,       139.373224
06/27/2009 09:00:00,       127.499597
06/27/2009 10:00:00,        64.503961
06/27/2009 11:00:00,        67.715588
06/27/2009 12:00:00,        67.113272
06/27/2009 13:00:00,        34.428275
06/27/2009 14:00:00,        20.225469
06/27/2009 15:00:00,        38.109963
06/27/2009 16:00:00,        23.582766
06/27/2009 17:00:00,        14.955815
06/27/2009 18:00:00,        22.377187
06/27/2009 19:00:00,        21.203964
06/27/2009 20:00:00,        33.323330
06/27/2009 21:00:00,        28.502960
06/27/2009 22:00:00,        44.049851
06/27/2009 23:00:00,         4.241946
06/28/2009 00:00:00,        24.851706
06/28/2009 01:00:00,        29.356786
06/28/2009 02:00:00,        32.757042
06/28/2009 03:00:00,        51.849575
06/28/2009 04:00:00,        35.931887
06/28/2009 05:00:00,        17.892404
06/28/2009 06:00:00,        25.630036
06/28/2009 07:00:00,        37.669596
06/28/2009 08:00:00,        53.385337
06/28/2009 09:00:00,        81.430630
06/28/2009 10:00:00,        77.081777
06/28/2009 11:00:00,        56.225686
06/28/2009 12:00:00,        45.028636
06/28/2009 13:00:00,        19.546838
06/28/2009 14:00:00,        25.227467
06/28/2009 15:00:00,        42.146764
06/28/2009 16:00:00,        59.837295
06/28/2009 17:00:00,       108.768778
06/28/2009 18:00:00,       146.243655
06/28/2009 19:00:00,       174.390420
06/28/2009 20:00:00,       178.536298
06/28/2009 21:00:00,       204.093442
06/28/2009 22:00:00,       184.159858
06/28/2009 23:00:00,       144.637237
06/29/2009 00:00:00,       169.498930
06/29/2009 01:00:00,       138.529470
06/29/2009 02:00:00,       123.851529
06/29/2009 03:00:00,        51.980547
06/29/2009 04:00:00,        44.498336
06/29/2009 05:00:00,        29.543128
06/29/2009 06:00:00,        39.152995
06/29/2009 07:00:00,        40.683890
06/29/2009 08:00:00,        49.151156
06/29/2009 09:00:00,        73.521987
06/29/2009 10:00:00,        69.002514
06/29/2009 11:00:00,        62.185739
06/29/2009 12:00:00,        61.921176
06/29/2009 13:00:00,        74.738263
06/29/2009 14:00:00,        83.004312
06/29/2009 15:00:00,        85.596354
06/29/2009 16:00:00,        85.560796
06/29/2009 17:00:00,       101.288903
06/29/2009 18:00:00,        89.221154
06/29/2009 19:00:00,        93.860737
06/29/2009 20:00:00,       121.228215
06/29/2009 21:00:00,       102.320879
06/29/2009 22:00:00,        65.349838
06/29/2009 23:00:00,        57.677496
06/30/2009 00:00:00,        78.402308
06/30/2009 01:00:00,        90.223098
06/30/2009 02:00:00,        83.323990
06/30/2009 03:00:00,        95.139371
06/30/2009 04:00:00,        86.934712
06/30/2009 05:00:00,        74.529196
06/30/2009 06:00:00,        53.920534
06/30/2009 07:00:00,        76.675408
06/30/2009 08:00:00,        63.784131
06/30/2009 09:00:00,        45.772882
06/30/2009 10:00:00,        21.287083
06/30/2009 11:00:00,        22.512660
06/30/2009 12:00:00,        16.480931
06/30/2009 13:00:00,         7.490409
06/30/2009 14:00:00,         8.366623
06/30/2009 15:00:00,         5.124757
06/30/2009 16:00:00,         7.106116
06/30/2009 17:00:00,        12.665309
06/30/2009 18:00:00,        22.287930
06/30/2009 19:00:00,        27.589337
06/30/2009 20:00:00,        44.429562
06/30/2009 21:00:00,        42.623479
06/30/2009 22:00:00,        39.097206
06/30/2009 23:00:00,        27.425350
07/01/2009 00:00:00,        21.730663
07/01/2009 01:00:00,        23.506064
07/01/2009 02:00:00,        46.861170
07/01/2009 03:00:00,        65.341303
07/01/2009 04:00:00,        50.625510
07/01/2009 05:00:00,        44.857736
07/01/2009 06:00:00,        41.623987
07/01/2009 07:00:00,        32.422202
07/01/2009 08:00:00,        46.887201
07/01/2009 09:00:00,        32.913568
07/01/2009 10:00:00,        35.519036
07/01/2009 11:00:00,        20.391534
07/01/2009 12:00:00,        16.719935
07/01/2009 13:00:00,        16.187770
07/01/2009 14:00:00,         7.088064
07/01/2009 15:00:00,         3.153476
07/01/2009 16:00:00,         4.578090
07/01/2009 17:00:00,         9.881568
07/01/2009 18:00:00,        17.932358
07/01/2009 19:00:00,        33.125073
07/01/2009 20:00:00,        38.942563
07/01/2009 21:00:00,        34.747553
07/01/2009 22:00:00,        34.350542
07/01/2009 23:00:00,        34.636058
07/02/2009 00:00:00,        40.541767
07/02/2009 01:00:00,        41.365728
07/02/2009 02:00:00,        44.453811
07/02/2009 03:00:00,        53.200011
07/02/2009 04:00:00,        73.992493
07/02/2009 05:00:00,       104.391490
07/02/2009 06:00:00,       160.338244
07/02/2009 07:00:00,       209.652374
07/02/2009 08:00:00,       221.250153
07/02/2009 09:00:00,       227.584402
07/02/2009 10:00:00,       203.629707
07/02/2009 11:00:00,       197.991517
07/02/2009 12:00:00,       149.938112
07/02/2009 13:00:00,        86.722526
07/02/2009 14:00:00,        30.559881
07/02/2009 15:00:00,         7.606581
07/02/2009 16:00:00,         9.537642
07/02/2009 17:00:00,         2.964106
07/02/2009 18:00:00,         7.427589
07/02/2009 19:00:00,        18.370243
07/02/2009 20:00:00,        24.237679
07/02/2009 21:00:00,        37.324038
07/02/2009 22:00:00,        59.596280
07/02/2009 23:00:00,        68.372845
07/03/2009 00:00:00,        62.865181
07/03/2009 01:00:00,        63.512801
07/03/2009 02:00:00,        56.014123
07/03/2009 03:00:00,        35.659668
07/03/2009 04:00:00,        19.412984
07/03/2009 05:00:00,        14.578212
07/03/2009 06:00:00,        25.094139
07/03/2009 07:00:00,        44.769406
07/03/2009 08:00:00,        64.031068
07/03/2009 09:00:00,        57.520625
07/03/2009 10:00:00,        39.274771
07/03/2009 11:00:00,        17.344952
07/03/2009 12:00:00,         8.932107
07/03/2009 13:00:00,         9.483131
07/03/2009 14:00:00,        24.064483
07/03/2009 15:00:00,        52.535826
07/03/2009 16:00:00,        81.363741
07/03/2009 17:00:00,       127.976599
07/03/2009 18:00:00,       164.010835
07/03/2009 19:00:00,       168.807034
07/03/2009 20:00:00,       173.545504
07/03/2009 21:00:00,       175.296584
07/03/2009 22:00:00,       154.984413
07/03/2009 23:00:00,        93.867695
07/04/2009 00:00:00,        98.527590
07/04/2009 01:00:00,        83.233816
07/04/2009 02:00:00,        55.876910
07/04/2009 03:00:00,        41.098297
07/04/2009 04:00:00,        31.473898
07/04/2009 05:00:00,        34.878700
07/04/2009 06:00:00,        31.009160
07/04/2009 07:00:00,        31.090291
07/04/2009 08:00:00,        32.976658
07/04/2009 09:00:00,        37.846440
07/04/2009 10:00:00,        72.978787
07/04/2009 11:00:00,       122.354747
07/04/2009 12:00:00,       112.250855
07/04/2009 13:00:00,        54.391655
07/04/2009 14:00:00,        19.226914
07/04/2009 15:00:00,         5.990924
07/04/2009 16:00:00,         8.221922
07/04/2009 17:00:00,        19.309726
07/04/2009 18:00:00,        40.211677
07/04/2009 19:00:00,        67.016295
07/04/2009 20:00:00,        87.249985
07/04/2009 21:00:00,        83.807087
07/04/2009 22:00:00,        75.217648
07/04/2009 23:00:00,        48.454221
07/05/2009 00:00:00,        82.257353
07/05/2009 01:00:00,        12.686803
07/05/2009 02:00:00,        12.130228
07/05/2009 03:00:00,         6.439261
07/05/2009 04:00:00,         4.382780
07/05/2009 05:00:00,         6.164558
07/05/2009 06:00:00,        12.399595
07/05/2009 07:00:00,        18.578240
07/05/2009 08:00:00,        43.103625
07/05/2009 09:00:00,         3.031252
07/05/2009 10:00:00,         1.299986
07/05/2009 11:00:00,         0.647093
07/05/2009 12:00:00,         0.261854
07/05/2009 13:00:00,         0.147144
07/05/2009 14:00:00,         0.000000
07/05/2009 15:00:00,         0.335745
07/05/2009 16:00:00,         1.236364
07/05/2009 17:00:00,         3.607288
07/05/2009 18:00:00,        24.853183
07/05/2009 19:00:00,        56.512945
07/05/2009 20:00:00,       126.241788
07/05/2009 21:00:00,       215.098733
07/05/2009 22:00:00,       223.232841
07/05/2009 23:00:00,       223.166033
07/06/2009 00:00:00,       199.177896
07/06/2009 01:00:00,       186.269480
07/06/2009 02:00:00,       190.329405
07/06/2009 03:00:00,       147.724609
07/06/2009 04:00:00,       125.248135
07/06/2009 05:00:00,       123.933184
07/06/2009 06:00:00,       126.880206
07/06/2009 07:00:00,        90.354742
07/06/2009 08:00:00,        66.662613
07/06/2009 09:00:00,        50.942076
07/06/2009 10:00:00,        55.068328
07/06/2009 11:00:00,        47.728593
07/06/2009 12:00:00,        24.740315
07/06/2009 13:00:00,        22.173630
07/06/2009 14:00:00,        24.863642
07/06/2009 15:00:00,        34.454621
07/06/2009 16:00:00,        41.720316
07/06/2009 17:00:00,        53.522920
07/06/2009 18:00:00,        67.265095
07/06/2009 19:00:00,        79.342784
07/06/2009 20:00:00,       101.756128
07/06/2009 21:00:00,       103.461461
07/06/2009 22:00:00,        78.491680
07/06/2009 23:00:00,        69.776768
07/07/2009 00:00:00,        49.466310
07/07/2009 01:00:00,        44.308600
07/07/2009 02:00:00,        34.016493
07/07/2009 03:00:00,        37.037716
07/07/2009 04:00:00,        17.332384
07/07/2009 05:00:00,        40.484694
07/07/2009 06:00:00,        81.213073
07/07/2009 07:00:00,       145.340739
07/07/2009 08:00:00,       195.805566
07/07/2009 09:00:00,       233.717726
07/07/2009 10:00:00,       201.463550
07/07/2009 11:00:00,       202.657445
07/07/2009 12:00:00,       179.007944
07/07/2009 13:00:00,        65.827372
07/07/2009 14:00:00,        27.995625
07/07/2009 15:00:00,         9.860195
07/07/2009 16:00:00,         7.948624
07/07/2009 17:00:00,        33.921568
07/07/2009 18:00:00,        55.867530
07/07/2009 19:00:00,        68.685822
07/07/2009 20:00:00,        99.032125
07/07/2009 21:00:00,        99.923206
07/07/2009 22:00:00,       104.532916
07/07/2009 23:00:00,        57.901188
07/08/2009 00:00:00,        24.735796
07/08/2009 01:00:00,         1.543299
07/08/2009 02:00:00,         1.650296
07/08/2009 03:00:00,         0.543953
07/08/2009 04:00:00,         0.000000
07/08/2009 05:00:00,         3.961778
07/08/2009 06:00:00,        17.917742
07/08/2009 07:00:00,        29.060391
07/08/2009 08:00:00,        29.363217
07/08/2009 09:00:00,        11.046742
07/08/2009 10:00:00,         2.511655
07/08/2009 11:00:00,         1.773773
07/08/2009 12:00:00,         1.934055
07/08/2009 13:00:00,         7.524820
07/08/2009 14:00:00,         0.888975
07/08/2009 15:00:00,         0.411995
07/08/2009 16:00:00,         2.884340
07/08/2009 17:00:00,         7.913754
07/08/2009 18:00:00,        13.698260
07/08/2009 19:00:00,        12.171368
07/08/2009 20:00:00,         8.914736
07/08/2009 21:00:00,        16.653013
07/08/2009 22:00:00,         1.508812
07/08/2009 23:00:00,         3.167872
07/09/2009 00:00:00,         3.852545
07/09/2009 01:00:00,         2.367451
07/09/2009 02:00:00,        14.057436
07/09/2009 03:00:00,        22.054796
07/09/2009 04:00:00,        14.561052
07/09/2009 05:00:00,        45.547484
07/09/2009 06:00:00,        93.882569
07/09/2009 07:00:00,       187.008049
07/09/2009 08:00:00,       149.351938
07/09/2009 09:00:00,       140.169004
07/09/2009 10:00:00,       263.537572
07/09/2009 11:00:00,       146.174162
07/09/2009 12:00:00,        88.833078
07/09/2009 13:00:00,       121.627973
07/09/2009 14:00:00,       123.682884
07/09/2009 15:00:00,       273.783128
07/09/2009 16:00:00,        64.232237
07/09/2009 17:00:00,        67.178188
07/09/2009 18:00:00,       110.757039
07/09/2009 19:00:00,        89.457332
07/09/2009 20:00:00,        32.893378
07/09/2009 21:00:00,        88.452549
07/09/2009 22:00:00,       243.507903
07/09/2009 23:00:00,       163.521231
07/10/2009 00:00:00,       235.261310
07/10/2009 01:00:00,       164.971013
07/10/2009 02:00:00,       256.599513
07/10/2009 03:00:00,       313.158945
07/10/2009 04:00:00,       179.396543
07/10/2009 05:00:00,       298.340072
07/10/2009 06:00:00,       313.814180
07/10/2009 07:00:00,       305.395723
07/10/2009 08:00:00,       305.451987
07/10/2009 09:00:00,       313.789852
07/10/2009 10:00:00,       315.088985
07/10/2009 11:00:00,       293.835402
07/10/2009 12:00:00,       312.665433
07/10/2009 13:00:00,       307.176621
07/10/2009 14:00:00,        81.997545
07/10/2009 15:00:00,       173.941079
07/10/2009 16:00:00,       191.362983
07/10/2009 17:00:00,       160.319460
07/10/2009 18:00:00,       122.918786
07/10/2009 19:00:00,       181.054138
07/10/2009 20:00:00,       214.024880
07/10/2009 21:00:00,       137.212319
07/10/2009 22:00:00,        66.821651
07/10/2009 23:00:00,       134.978120
07/11/2009 00:00:00,        21.645562
07/11/2009 01:00:00,        58.279867
07/11/2009 02:00:00,       182.636585
07/11/2009 03:00:00,       137.809954
07/11/2009 04:00:00,       144.360292
07/11/2009 05:00:00,       202.853116
07/11/2009 06:00:00,       298.954678
07/11/2009 07:00:00,       290.729198
07/11/2009 08:00:00,       314.130836
07/11/2009 09:00:00,       318.442033
07/11/2009 10:00:00,       316.923846
07/11/2009 11:00:00,       309.240883
07/11/2009 12:00:00,       306.107128
07/11/2009 13:00:00,       255.627732
07/11/2009 14:00:00,       168.364158
07/11/2009 15:00:00,        89.579326
07/11/2009 16:00:00,        48.260506
07/11/2009 17:00:00,        29.020159
07/11/2009 18:00:00,        38.008801
07/11/2009 19:00:00,        56.831965
07/11/2009 20:00:00,       125.207831
07/11/2009 21:00:00,       127.765139
07/11/2009 22:00:00,       162.368511
07/11/2009 23:00:00,       178.541615
07/12/2009 00:00:00,       109.289065
07/12/2009 01:00:00,       160.741656
07/12/2009 02:00:00,        78.429327
07/12/2009 03:00:00,       316.205648
07/12/2009 04:00:00,       316.819947
07/12/2009 05:00:00,       318.399592
07/12/2009 06:00:00,       317.993320
07/12/2009 07:00:00,       319.787648
07/12/2009 08:00:00,       319.922094
07/12/2009 09:00:00,       319.839683
07/12/2009 10:00:00,       319.526201
07/12/2009 11:00:00,       319.802422
07/12/2009 12:00:00,       319.653476
07/12/2009 13:00:00,       319.362715
07/12/2009 14:00:00,       314.461083
07/12/2009 15:00:00,       258.782036
07/12/2009 16:00:00,       164.094202
07/12/2009 17:00:00,       127.261982
07/12/2009 18:00:00,       127.269917
07/12/2009 19:00:00,       140.078460
07/12/2009 20:00:00,       107.653435
07/12/2009 21:00:00,       136.401820
07/12/2009 22:00:00,       180.856510
07/12/2009 23:00:00,       166.984581
07/13/2009 00:00:00,        52.753784
07/13/2009 01:00:00,        98.108361
07/13/2009 02:00:00,        91.711511
07/13/2009 03:00:00,        33.988884
07/13/2009 04:00:00,        13.658122
07/13/2009 05:00:00,         3.710598
07/13/2009 06:00:00,         1.855358
07/13/2009 07:00:00,         2.012675
07/13/2009 08:00:00,        12.746656
07/13/2009 09:00:00,         4.130983
07/13/2009 10:00:00,         0.187650
07/13/2009 11:00:00,         0.536099
07/13/2009 12:00:00,         0.750557
07/13/2009 13:00:00,         2.352482
07/13/2009 14:00:00,         0.044072
07/13/2009 15:00:00,         0.000000
07/13/2009 16:00:00,         0.175523
07/13/2009 17:00:00,         2.091134
07/13/2009 18:00:00,         0.546861
07/13/2009 19:00:00,         0.167022
07/13/2009 20:00:00,         0.207142
07/13/2009 21:00:00,         1.867754
07/13/2009 22:00:00,         2.751412
07/13/2009 23:00:00,         0.901352
07/14/2009 00:00:00,         0.141373
07/14/2009 01:00:00,         2.039530
07/14/2009 02:00:00,        14.558156
07/14/2009 03:00:00,        54.093252
07/14/2009 04:00:00,        54.685918
07/14/2009 05:00:00,        80.668986
07/14/2009 06:00:00,       142.342565
07/14/2009 07:00:00,       160.862488
07/14/2009 08:00:00,       206.084607
07/14/2009 09:00:00,       156.400754
07/14/2009 10:00:00,       154.314190
07/14/2009 11:00:00,       120.789060
07/14/2009 12:00:00,        98.050112
07/14/2009 13:00:00,        67.298101
07/14/2009 14:00:00,        39.639962
07/14/2009 15:00:00,        26.963704
07/14/2009 16:00:00,        29.938007
07/14/2009 17:00:00,        48.423746
07/14/2009 18:00:00,        75.155229
07/14/2009 19:00:00,        86.384056
07/14/2009 20:00:00,       103.812374
07/14/2009 21:00:00,       142.016921
07/14/2009 22:00:00,       234.123436
07/14/2009 23:00:00,       251.477533
07/15/2009 00:00:00,       170.977994
07/15/2009 01:00:00,       194.060732
07/15/2009 02:00:00,       177.260766
07/15/2009 03:00:00,       215.274403
07/15/2009 04:00:00,       221.181169
07/15/2009 05:00:00,       223.063056
07/15/2009 06:00:00,       243.432763
07/15/2009 07:00:00,       235.720188
07/15/2009 08:00:00,       156.829523
07/15/2009 09:00:00,       198.361515
07/15/2009 10:00:00,       234.011284
07/15/2009 11:00:00,       262.367188
07/15/2009 12:00:00,       275.672363
07/15/2009 13:00:00,       262.545397
07/15/2009 14:00:00,       208.799755
07/15/2009 15:00:00,       185.578495
07/15/2009 16:00:00,       205.171530
07/15/2009 17:00:00,       202.707387
07/15/2009 18:00:00,       208.473244
07/15/2009 19:00:00,       225.473601
07/15/2009 20:00:00,       184.778734
07/15/2009 21:00:00,       184.249447
07/15/2009 22:00:00,       247.218991
07/15/2009 23:00:00,       276.540212
07/16/2009 00:00:00,       277.040441
07/16/2009 01:00:00,       263.871357
07/16/2009 02:00:00,       247.837891
07/16/2009 03:00:00,       279.756708
07/16/2009 04:00:00,       256.177119
07/16/2009 05:00:00,       295.762422
07/16/2009 06:00:00,       268.061280
07/16/2009 07:00:00,       284.506273
07/16/2009 08:00:00,       284.708874
07/16/2009 09:00:00,       286.682933
07/16/2009 10:00:00,       249.516235
07/16/2009 11:00:00,       221.708921
07/16/2009 12:00:00,       203.862283
07/16/2009 13:00:00,       123.365845
07/16/2009 14:00:00,        78.344216
07/16/2009 15:00:00,        58.257601
07/16/2009 16:00:00,        42.346561
07/16/2009 17:00:00,        41.447981
07/16/2009 18:00:00,        53.285510
07/16/2009 19:00:00,        42.979875
07/16/2009 20:00:00,        32.604466
07/16/2009 21:00:00,        35.155200
07/16/2009 22:00:00,        24.451722
07/16/2009 23:00:00,         8.394860
07/17/2009 00:00:00,         1.332255
07/17/2009 01:00:00,         0.000000
07/17/2009 02:00:00,         0.249386
07/17/2009 03:00:00,         3.115505
07/17/2009 04:00:00,        21.729511
07/17/2009 05:00:00,        59.853725
07/17/2009 06:00:00,        30.467394
07/17/2009 07:00:00,        27.058547
07/17/2009 08:00:00,        50.126893
07/17/2009 09:00:00,        82.106969
07/17/2009 10:00:00,        63.341189
07/17/2009 11:00:00,        60.172651
07/17/2009 12:00:00,        62.098259
07/17/2009 13:00:00,        59.635960
07/17/2009 14:00:00,        19.299418
07/17/2009 15:00:00,        12.132543
07/17/2009 16:00:00,         7.793742
07/17/2009 17:00:00,         7.959169
07/17/2009 18:00:00,        13.756840
07/17/2009 19:00:00,        52.747362
07/17/2009 20:00:00,        76.014235
07/17/2009 21:00:00,        42.932711
07/17/2009 22:00:00,        13.562084
07/17/2009 23:00:00,         1.733419
07/18/2009 00:00:00,         1.473812
07/18/2009 01:00:00,         0.488574
07/18/2009 02:00:00,         2.739077
07/18/2009 03:00:00,         6.566236
07/18/2009 04:00:00,        19.907991
07/18/2009 05:00:00,       106.612605
07/18/2009 06:00:00,        98.530436
07/18/2009 07:00:00,       190.082351
07/18/2009 08:00:00,       269.455138
07/18/2009 09:00:00,       267.292425
07/18/2009 10:00:00,       234.712030
07/18/2009 11:00:00,       148.072155
07/18/2009 12:00:00,       132.598751
07/18/2009 13:00:00,       101.902424
07/18/2009 14:00:00,        28.807195
07/18/2009 15:00:00,        10.845772
07/18/2009 16:00:00,        11.014988
07/18/2009 17:00:00,        31.904353
07/18/2009 18:00:00,        46.295363
07/18/2009 19:00:00,        38.561691
07/18/2009 20:00:00,        48.300697
07/18/2009 21:00:00,        50.345268
07/18/2009 22:00:00,        84.364485
07/18/2009 23:00:00,        57.409865
07/19/2009 00:00:00,       188.369075
07/19/2009 01:00:00,       161.798231
07/19/2009 02:00:00,       114.892301
07/19/2009 03:00:00,       178.573511
07/19/2009 04:00:00,       117.703932
07/19/2009 05:00:00,       129.911303
07/19/2009 06:00:00,        75.507869
07/19/2009 07:00:00,        83.385912
07/19/2009 08:00:00,       122.321376
07/19/2009 09:00:00,       149.012101
07/19/2009 10:00:00,       196.561736
07/19/2009 11:00:00,       193.716374
07/19/2009 12:00:00,       184.330240
07/19/2009 13:00:00,       132.358366
07/19/2009 14:00:00,        70.282429
07/19/2009 15:00:00,        84.447454
07/19/2009 16:00:00,        83.157905
07/19/2009 17:00:00,       137.926814
07/19/2009 18:00:00,       229.679559
07/19/2009 19:00:00,       252.433173
07/19/2009 20:00:00,       253.732394
07/19/2009 21:00:00,       222.792673
07/19/2009 22:00:00,       150.447119
07/19/2009 23:00:00,       274.306974
07/20/2009 00:00:00,       304.804178
07/20/2009 01:00:00,       287.208322
07/20/2009 02:00:00,       308.700240
07/20/2009 03:00:00,       314.895613
07/20/2009 04:00:00,       312.535108
07/20/2009 05:00:00,       306.595270
07/20/2009 06:00:00,       309.883249
07/20/2009 07:00:00,       311.001456
07/20/2009 08:00:00,       312.336989
07/20/2009 09:00:00,       307.062625
07/20/2009 10:00:00,       304.858521
07/20/2009 11:00:00,       297.630542
07/20/2009 12:00:00,       252.558907
07/20/2009 13:00:00,       217.385423
07/20/2009 14:00:00,       187.686886
07/20/2009 15:00:00,       183.442379
07/20/2009 16:00:00,       160.894431
07/20/2009 17:00:00,       105.641868
07/20/2009 18:00:00,        95.718689
07/20/2009 19:00:00,        85.444764
07/20/2009 20:00:00,        89.665581
07/20/2009 21:00:00,        93.479612
07/20/2009 22:00:00,       105.823815
07/20/2009 23:00:00,        82.999351
07/21/2009 00:00:00,        83.435337
07/21/2009 01:00:00,        79.328735
07/21/2009 02:00:00,       124.215161
07/21/2009 03:00:00,       114.660933
07/21/2009 04:00:00,        92.697335
07/21/2009 05:00:00,        85.555785
07/21/2009 06:00:00,       169.292534
07/21/2009 07:00:00,        44.858338
07/21/2009 08:00:00,         0.020938
07/21/2009 09:00:00,         4.651294
07/21/2009 10:00:00,         0.000000
07/21/2009 11:00:00,         0.000000
07/21/2009 12:00:00,         0.000000
07/21/2009 13:00:00,         2.341323
07/21/2009 14:00:00,         0.682597
07/21/2009 15:00:00,        11.181675
07/21/2009 16:00:00,        10.912027
07/21/2009 17:00:00,         4.245326
07/21/2009 18:00:00,         2.094493
07/21/2009 19:00:00,         0.005519
07/21/2009 20:00:00,         0.000000
07/21/2009 21:00:00,         0.000000
07/21/2009 22:00:00,         0.000000
07/21/2009 23:00:00,         2.297261
07/22/2009 00:00:00,         0.191078
07/22/2009 01:00:00,         0.010725
07/22/2009 02:00:00,         0.872756
07/22/2009 03:00:00,         2.018553
07/22/2009 04:00:00,         0.040369
07/22/2009 05:00:00,         0.000000
07/22/2009 06:00:00,         1.425457
07/22/2009 07:00:00,        62.680379
07/22/2009 08:00:00,        89.093185
07/22/2009 09:00:00,       185.530468
07/22/2009 10:00:00,        89.861699
07/22/2009 11:00:00,        27.662505
07/22/2009 12:00:00,        18.819993
07/22/2009 13:00:00,        24.292148
07/22/2009 14:00:00,        14.699522
07/22/2009 15:00:00,         3.786362
07/22/2009 16:00:00,         6.605925
07/22/2009 17:00:00,         2.049440
07/22/2009 18:00:00,        20.272602
07/22/2009 19:00:00,        58.591293
07/22/2009 20:00:00,        10.809326
07/22/2009 21:00:00,         3.080228
07/22/2009 22:00:00,         0.732687
07/22/2009 23:00:00,         0.096788
07/23/2009 00:00:00,         0.000000
07/23/2009 01:00:00,         0.000000
07/23/2009 02:00:00,         0.015860
07/23/2009 03:00:00,         0.811451
07/23/2009 04:00:00,         2.800078
07/23/2009 05:00:00,         0.891248
07/23/2009 06:00:00,         0.913076
07/23/2009 07:00:00,         0.058607
07/23/2009 08:00:00,         1.192768
07/23/2009 09:00:00,         0.879595
07/23/2009 10:00:00,        14.297415
07/23/2009 11:00:00,        93.487813
07/23/2009 12:00:00,        48.872067
07/23/2009 13:00:00,         0.958555
07/23/2009 14:00:00,         7.591418
07/23/2009 15:00:00,        18.853383
07/23/2009 16:00:00,        16.281563
07/23/2009 17:00:00,        18.695725
07/23/2009 18:00:00,        19.484855
07/23/2009 19:00:00,        28.270813
07/23/2009 20:00:00,        13.692745
07/23/2009 21:00:00,         5.916476
07/23/2009 22:00:00,         3.418920
07/23/2009 23:00:00,         1.892826
07/24/2009 00:00:00,         3.131942
07/24/2009 01:00:00,         2.666334
07/24/2009 02:00:00,         0.000000
07/24/2009 03:00:00,         0.000000
07/24/2009 04:00:00,         0.080724
07/24/2009 05:00:00,       109.449991
07/24/2009 06:00:00,       112.800961
07/24/2009 07:00:00,        80.010949
07/24/2009 08:00:00,        46.880432
07/24/2009 09:00:00,        76.990436
07/24/2009 10:00:00,       161.481034
07/24/2009 11:00:00,       201.460913
07/24/2009 12:00:00,       207.814049
07/24/2009 13:00:00,       124.050069
07/24/2009 14:00:00,        28.696760
07/24/2009 15:00:00,         2.088544
07/24/2009 16:00:00,         0.127577
07/24/2009 17:00:00,         3.220446
07/24/2009 18:00:00,        13.682368
07/24/2009 19:00:00,        15.439082
07/24/2009 20:00:00,        24.083668
07/24/2009 21:00:00,        61.128195
07/24/2009 22:00:00,        76.834954
07/24/2009 23:00:00,        68.789549
07/25/2009 00:00:00,        81.608938
07/25/2009 01:00:00,        98.933570
07/25/2009 02:00:00,       168.972890
07/25/2009 03:00:00,       183.900618
07/25/2009 04:00:00,       161.927314
07/25/2009 05:00:00,       111.423088
07/25/2009 06:00:00,        55.580675
07/25/2009 07:00:00,        62.400926
07/25/2009 08:00:00,        53.910425
07/25/2009 09:00:00,        41.195767
07/25/2009 10:00:00,        52.467804
07/25/2009 11:00:00,        74.080970
07/25/2009 12:00:00,       152.796943
07/25/2009 13:00:00,       205.529180
07/25/2009 14:00:00,       158.938958
07/25/2009 15:00:00,       198.257104
07/25/2009 16:00:00,       195.628914
07/25/2009 17:00:00,       210.869043
07/25/2009 18:00:00,       205.972085
07/25/2009 19:00:00,       250.913910
07/25/2009 20:00:00,       271.818350
07/25/2009 21:00:00,       241.198545
07/25/2009 22:00:00,       197.230003
07/25/2009 23:00:00,       240.955781
07/26/2009 00:00:00,       265.968115
07/26/2009 01:00:00,       200.539140
07/26/2009 02:00:00,       155.534969
07/26/2009 03:00:00,        99.010806
07/26/2009 04:00:00,        86.704273
07/26/2009 05:00:00,        98.677776
07/26/2009 06:00:00,        67.340847
07/26/2009 07:00:00,        64.452965
07/26/2009 08:00:00,        45.572240
07/26/2009 09:00:00,        45.431679
07/26/2009 10:00:00,        25.995181
07/26/2009 11:00:00,        48.164436
07/26/2009 12:00:00,        34.189566
07/26/2009 13:00:00,        32.713201
07/26/2009 14:00:00,        50.470185
07/26/2009 15:00:00,        54.846279
07/26/2009 16:00:00,        59.475744
07/26/2009 17:00:00,        69.568201
07/26/2009 18:00:00,        82.548702
07/26/2009 19:00:00,        92.284208
07/26/2009 20:00:00,       104.279002
07/26/2009 21:00:00,        99.793669
07/26/2009 22:00:00,        90.851617
07/26/2009 23:00:00,        99.585987
07/27/2009 00:00:00,       101.350485
07/27/2009 01:00:00,        92.025791
07/27/2009 02:00:00,        29.126875
07/27/2009 03:00:00,        42.949952
07/27/2009 04:00:00,        50.320798
07/27/2009 05:00:00,       126.118128
07/27/2009 06:00:00,       158.999892
07/27/2009 07:00:00,       201.554467
07/27/2009 08:00:00,       279.788799
07/27/2009 09:00:00,       292.813508
07/27/2009 10:00:00,       260.140334
07/27/2009 11:00:00,       230.457444
07/27/2009 12:00:00,       197.922030
07/27/2009 13:00:00,       174.345620
07/27/2009 14:00:00,        72.343002
07/27/2009 15:00:00,         4.320254
07/27/2009 16:00:00,         0.812655
07/27/2009 17:00:00,         1.579235
07/27/2009 18:00:00,         3.084891
07/27/2009 19:00:00,         7.753850
07/27/2009 20:00:00,        21.608521
07/27/2009 21:00:00,        19.191076
07/27/2009 22:00:00,         2.843015
07/27/2009 23:00:00,        77.791565
07/28/2009 00:00:00,        29.347543
07/28/2009 01:00:00,        17.605103
07/28/2009 02:00:00,        32.604898
07/28/2009 03:00:00,        49.415763
07/28/2009 04:00:00,        90.051435
07/28/2009 05:00:00,       137.888934
07/28/2009 06:00:00,        50.422787
07/28/2009 07:00:00,       101.005982
07/28/2009 08:00:00,       178.319272
07/28/2009 09:00:00,       151.116293
07/28/2009 10:00:00,        70.863711
07/28/2009 11:00:00,        44.741286
07/28/2009 12:00:00,        74.902109
07/28/2009 13:00:00,        41.409060
07/28/2009 14:00:00,        29.268625
07/28/2009 15:00:00,        51.518201
07/28/2009 16:00:00,        81.769947
07/28/2009 17:00:00,       124.200303
07/28/2009 18:00:00,       176.769293
07/28/2009 19:00:00,       154.587122
07/28/2009 20:00:00,       151.456840
07/28/2009 21:00:00,       178.827903
07/28/2009 22:00:00,       220.462653
07/28/2009 23:00:00,       189.289656
07/29/2009 00:00:00,       172.610098
07/29/2009 01:00:00,       139.802642
07/29/2009 02:00:00,        98.760710
07/29/2009 03:00:00,       124.405605
07/29/2009 04:00:00,       200.076527
07/29/2009 05:00:00,       258.638998
07/29/2009 06:00:00,       268.158610
07/29/2009 07:00:00,       261.189853
07/29/2009 08:00:00,       268.181555
07/29/2009 09:00:00,       266.112814
07/29/2009 10:00:00,       242.221247
07/29/2009 11:00:00,       219.994093
07/29/2009 12:00:00,       203.368076
07/29/2009 13:00:00,       155.139381
07/29/2009 14:00:00,       120.605953
07/29/2009 15:00:00,        49.148676
07/29/2009 16:00:00,        24.731915
07/29/2009 17:00:00,        29.488807
07/29/2009 18:00:00,        58.181611
07/29/2009 19:00:00,       130.091419
07/29/2009 20:00:00,        88.607301
07/29/2009 21:00:00,        21.544153
07/29/2009 22:00:00,       169.333183
07/29/2009 23:00:00,       195.211340
07/30/2009 00:00:00,        53.263112
07/30/2009 01:00:00,       239.663938
07/30/2009 02:00:00,       252.604400
07/30/2009 03:00:00,       178.442811
07/30/2009 04:00:00,        74.296495
07/30/2009 05:00:00,       111.234548
07/30/2009 06:00:00,        89.437771
07/30/2009 07:00:00,        64.575211
07/30/2009 08:00:00,       157.583067
07/30/2009 09:00:00,       147.542431
07/30/2009 10:00:00,       175.326454
07/30/2009 11:00:00,       128.901716
07/30/2009 12:00:00,        79.794433
07/30/2009 13:00:00,        50.611994
07/30/2009 14:00:00,        54.201242
07/30/2009 15:00:00,        37.696981
07/30/2009 16:00:00,        50.410671
07/30/2009 17:00:00,        73.194706
07/30/2009 18:00:00,        59.106110
07/30/2009 19:00:00,        37.003668
07/30/2009 20:00:00,        25.360553
07/30/2009 21:00:00,        12.056221
07/30/2009 22:00:00,        16.245230
07/30/2009 23:00:00,        15.277430
07/31/2009 00:00:00,        55.649626
07/31/2009 01:00:00,        29.473114
07/31/2009 02:00:00,        50.262313
07/31/2009 03:00:00,        16.792115
07/31/2009 04:00:00,        16.197224
07/31/2009 05:00:00,       180.969874
07/31/2009 06:00:00,       224.446810
07/31/2009 07:00:00,       228.810837
07/31/2009 08:00:00,       177.815771
07/31/2009 09:00:00,       103.591675
07/31/2009 10:00:00,        63.182181
07/31/2009 11:00:00,        52.611909
07/31/2009 12:00:00,        95.569194
07/31/2009 13:00:00,        70.841175
07/31/2009 14:00:00,        22.311227
07/31/2009 15:00:00,         5.999052
07/31/2009 16:00:00,        19.372484
07/31/2009 17:00:00,         2.036216
07/31/2009 18:00:00,        29.519434
07/31/2009 19:00:00,        14.439144
07/31/2009 20:00:00,        95.572574
07/31/2009 21:00:00,        77.579550
07/31/2009 22:00:00,       141.242503
07/31/2009 23:00:00,       219.243632
08/01/2009 00:00:00,       165.904552
08/01/2009 01:00:00,       213.007055
08/01/2009 02:00:00,       257.579191
08/01/2009 03:00:00,       139.245020
08/01/2009 04:00:00,        94.179902
08/01/2009 05:00:00,       132.675867
08/01/2009 06:00:00,       229.259276
08/01/2009 07:00:00,       179.771862
08/01/2009 08:00:00,       139.547171
08/01/2009 09:00:00,       108.066168
08/01/2009 10:00:00,       122.277501
08/01/2009 11:00:00,       153.273890
08/01/2009 12:00:00,       180.496858
08/01/2009 13:00:00,       146.725537
08/01/2009 14:00:00,       113.174051
08/01/2009 15:00:00,        75.156172
08/01/2009 16:00:00,        83.389824
08/01/2009 17:00:00,       121.268293
08/01/2009 18:00:00,       135.393846
08/01/2009 19:00:00,        95.072908
08/01/2009 20:00:00,       119.076363
08/01/2009 21:00:00,       141.565347
08/01/2009 22:00:00,       145.749137
08/01/2009 23:00:00,       117.829087
08/02/2009 00:00:00,        53.185740
08/02/2009 01:00:00,        27.885583
08/02/2009 02:00:00,        28.167777
08/02/2009 03:00:00,         1.044342
08/02/2009 04:00:00,         0.121520
08/02/2009 05:00:00,        23.272503
08/02/2009 06:00:00,        44.384081
08/02/2009 07:00:00,       110.217899
08/02/2009 08:00:00,       110.638889
08/02/2009 09:00:00,       124.688303
08/02/2009 10:00:00,        91.019944
08/02/2009 11:00:00,       223.238543
08/02/2009 12:00:00,       290.054183
08/02/2009 13:00:00,       279.941086
08/02/2009 14:00:00,       223.454079
08/02/2009 15:00:00,       236.536521
08/02/2009 16:00:00,        29.657460
08/02/2009 17:00:00,         8.038939
08/02/2009 18:00:00,        15.205993
08/02/2009 19:00:00,        52.158326
08/02/2009 20:00:00,        30.623911
08/02/2009 21:00:00,        29.009537
08/02/2009 22:00:00,        77.079673
08/02/2009 23:00:00,       276.996844
08/03/2009 00:00:00,       320.000000
08/03/2009 01:00:00,       245.701164
08/03/2009 02:00:00,       284.500443
08/03/2009 03:00:00,       308.740447
08/03/2009 04:00:00,       244.300761
08/03/2009 05:00:00,       316.325131
08/03/2009 06:00:00,       318.922034
08/03/2009 07:00:00,       319.672927
08/03/2009 08:00:00,       318.161304
08/03/2009 09:00:00,       284.167968
08/03/2009 10:00:00,       243.616875
08/03/2009 11:00:00,       249.132742
08/03/2009 12:00:00,       179.064644
08/03/2009 13:00:00,       137.694729
08/03/2009 14:00:00,       103.363283
08/03/2009 15:00:00,        85.375342
08/03/2009 16:00:00,       136.719168
08/03/2009 17:00:00,       206.014886
08/03/2009 18:00:00,       188.971184
08/03/2009 19:00:00,       164.339885
08/03/2009 20:00:00,       163.045037
08/03/2009 21:00:00,       182.415717
08/03/2009 22:00:00,       192.154692
08/03/2009 23:00:00,       154.511940
08/04/2009 00:00:00,       181.132592
08/04/2009 01:00:00,       193.907147
08/04/2009 02:00:00,       194.558513
08/04/2009 03:00:00,       205.532482
08/04/2009 04:00:00,       198.964184
08/04/2009 05:00:00,       186.164755
08/04/2009 06:00:00,       164.548422
08/04/2009 07:00:00,       196.804828
08/04/2009 08:00:00,       188.469286
08/04/2009 09:00:00,       111.829068
08/04/2009 10:00:00,       128.719745
08/04/2009 11:00:00,       164.458257
08/04/2009 12:00:00,       171.810511
08/04/2009 13:00:00,       163.417509
08/04/2009 14:00:00,       153.971378
08/04/2009 15:00:00,        96.925070
08/04/2009 16:00:00,        91.638828
08/04/2009 17:00:00,        56.812638
08/04/2009 18:00:00,        53.960325
08/04/2009 19:00:00,        14.319346
08/04/2009 20:00:00,        10.507379
08/04/2009 21:00:00,        53.665028
08/04/2009 22:00:00,        12.584409
08/04/2009 23:00:00,       136.107018
08/05/2009 00:00:00,       247.410852
08/05/2009 01:00:00,       295.349508
08/05/2009 02:00:00,       316.693305
08/05/2009 03:00:00,       271.594430
08/05/2009 04:00:00,       318.162745
08/05/2009 05:00:00,       319.196619
08/05/2009 06:00:00,       316.727838
08/05/2009 07:00:00,       319.516650
08/05/2009 08:00:00,       319.996717
08/05/2009 09:00:00,       317.892827
08/05/2009 10:00:00,       313.563770
08/05/2009 11:00:00,       317.075903
08/05/2009 12:00:00,       281.396518
08/05/2009 13:00:00,       236.872913
08/05/2009 14:00:00,       226.417710
08/05/2009 15:00:00,       307.523647
08/05/2009 16:00:00,       317.615995
08/05/2009 17:00:00,       317.071043
08/05/2009 18:00:00,       314.845741
08/05/2009 19:00:00,       302.267004
08/05/2009 20:00:00,       297.083215
08/05/2009 21:00:00,       296.889789
08/05/2009 22:00:00,       303.850914
08/05/2009 23:00:00,       303.079583
08/06/2009 00:00:00,       306.635795
08/06/2009 01:00:00,       272.633625
08/06/2009 02:00:00,       236.418545
08/06/2009 03:00:00,       239.186393
08/06/2009 04:00:00,       265.380004
08/06/2009 05:00:00,       245.655495
08/06/2009 06:00:00,       229.315936
08/06/2009 07:00:00,       245.733434
08/06/2009 08:00:00,       246.019807
08/06/2009 09:00:00,       219.502627
08/06/2009 10:00:00,       159.675664
08/06/2009 11:00:00,       180.017187
08/06/2009 12:00:00,       172.840742
08/06/2009 13:00:00,       132.614413
08/06/2009 14:00:00,        91.257107
08/06/2009 15:00:00,        84.287806
08/06/2009 16:00:00,        73.760874
08/06/2009 17:00:00,        70.592688
08/06/2009 18:00:00,        56.519692
08/06/2009 19:00:00,        46.127374
08/06/2009 20:00:00,        66.009061
08/06/2009 21:00:00,       119.042063
08/06/2009 22:00:00,       145.067465
08/06/2009 23:00:00,        82.104551
08/07/2009 00:00:00,       134.782826
08/07/2009 01:00:00,        54.480597
08/07/2009 02:00:00,        70.077595
08/07/2009 03:00:00,        61.556083
08/07/2009 04:00:00,        19.743190
08/07/2009 05:00:00,        64.554024
08/07/2009 06:00:00,        87.787627
08/07/2009 07:00:00,        91.893027
08/07/2009 08:00:00,        72.208479
08/07/2009 09:00:00,        92.409133
08/07/2009 10:00:00,        58.180978
08/07/2009 11:00:00,        65.061860
08/07/2009 12:00:00,        98.389252
08/07/2009 13:00:00,        88.335309
08/07/2009 14:00:00,        59.156826
08/07/2009 15:00:00,        44.793880
08/07/2009 16:00:00,        46.378002
08/07/2009 17:00:00,        45.143722
08/07/2009 18:00:00,        32.614896
08/07/2009 19:00:00,        28.374696
08/07/2009 20:00:00,        35.232463
08/07/2009 21:00:00,        74.863673
08/07/2009 22:00:00,        92.790349
08/07/2009 23:00:00,       172.833749
08/08/2009 00:00:00,       147.006795
08/08/2009 01:00:00,       246.798220
08/08/2009 02:00:00,       318.151152
08/08/2009 03:00:00,       266.885133
08/08/2009 04:00:00,       243.088519
08/08/2009 05:00:00,       154.328189
08/08/2009 06:00:00,       101.520483
08/08/2009 07:00:00,        69.826068
08/08/2009 08:00:00,        29.121665
08/08/2009 09:00:00,        21.611192
08/08/2009 10:00:00,        21.610224
08/08/2009 11:00:00,        43.574666
08/08/2009 12:00:00,        66.660021
08/08/2009 13:00:00,        70.673587
08/08/2009 14:00:00,        71.592592
08/08/2009 15:00:00,        93.691735
08/08/2009 16:00:00,       110.235945
08/08/2009 17:00:00,       121.873262
08/08/2009 18:00:00,       130.999396
08/08/2009 19:00:00,       199.539892
08/08/2009 20:00:00,       192.040285
08/08/2009 21:00:00,       262.970094
08/08/2009 22:00:00,       181.659417
08/08/2009 23:00:00,       235.519381
08/09/2009 00:00:00,        78.846233
08/09/2009 01:00:00,       155.939671
08/09/2009 02:00:00,       257.199833
08/09/2009 03:00:00,       133.893977
08/09/2009 04:00:00,       157.158357
08/09/2009 05:00:00,       189.638045
08/09/2009 06:00:00,       245.720701
08/09/2009 07:00:00,       172.418330
08/09/2009 08:00:00,       194.366269
08/09/2009 09:00:00,       212.511930
08/09/2009 10:00:00,       196.470259
08/09/2009 11:00:00,       179.939480
08/09/2009 12:00:00,       154.520312
08/09/2009 13:00:00,       118.409395
08/09/2009 14:00:00,        38.372518
08/09/2009 15:00:00,         9.288762
08/09/2009 16:00:00,        18.788655
08/09/2009 17:00:00,        14.000454
08/09/2009 18:00:00,        27.395640
08/09/2009 19:00:00,        34.818193
08/09/2009 20:00:00,        57.236782
08/09/2009 21:00:00,        47.812970
08/09/2009 22:00:00,        54.338644
08/09/2009 23:00:00,        93.933937
08/10/2009 00:00:00,        19.729605
08/10/2009 01:00:00,        62.145064
08/10/2009 02:00:00,         5.677502
08/10/2009 03:00:00,        52.260925
08/10/2009 04:00:00,        49.084031
08/10/2009 05:00:00,       108.349578
08/10/2009 06:00:00,       118.910567
08/10/2009 07:00:00,       172.422079
08/10/2009 08:00:00,       203.842561
08/10/2009 09:00:00,       174.201758
08/10/2009 10:00:00,       140.441936
08/10/2009 11:00:00,        94.050139
08/10/2009 12:00:00,        38.043269
08/10/2009 13:00:00,        31.725433
08/10/2009 14:00:00,        46.392683
08/10/2009 15:00:00,        36.608361
08/10/2009 16:00:00,        17.066292
08/10/2009 17:00:00,         4.430414
08/10/2009 18:00:00,         6.898337
08/10/2009 19:00:00,         3.302782
08/10/2009 20:00:00,         1.494528
08/10/2009 21:00:00,         1.136996
08/10/2009 22:00:00,         1.114917
08/10/2009 23:00:00,         0.636959
08/11/2009 00:00:00,         1.006303
08/11/2009 01:00:00,         0.015397
08/11/2009 02:00:00,         0.000000
08/11/2009 03:00:00,         0.351586
08/11/2009 04:00:00,         0.107314
08/11/2009 05:00:00,         4.184088
08/11/2009 06:00:00,        27.841593
08/11/2009 07:00:00,         0.333564
08/11/2009 08:00:00,         3.118521
08/11/2009 09:00:00,        13.774944
08/11/2009 10:00:00,         3.318499
08/11/2009 11:00:00,         4.146530
08/11/2009 12:00:00,         7.921406
08/11/2009 13:00:00,         8.523725
08/11/2009 14:00:00,         0.291360
08/11/2009 15:00:00,         0.000000
08/11/2009 16:00:00,         0.094741
08/11/2009 17:00:00,         2.068838
08/11/2009 18:00:00,         7.951355
08/11/2009 19:00:00,        10.293957
08/11/2009 20:00:00,        14.436772
08/11/2009 21:00:00,        17.716494
08/11/2009 22:00:00,        11.835795
08/11/2009 23:00:00,         1.248309
08/12/2009 00:00:00,        17.287008
08/12/2009 01:00:00,        33.402981
08/12/2009 02:00:00,        39.566150
08/12/2009 03:00:00,        22.547126
08/12/2009 04:00:00,        31.193069
08/12/2009 05:00:00,        36.294657
08/12/2009 06:00:00,        65.296418
08/12/2009 07:00:00,       225.881672
08/12/2009 08:00:00,       207.609511
08/12/2009 09:00:00,       232.887289
08/12/2009 10:00:00,       278.706048
08/12/2009 11:00:00,       251.343822
08/12/2009 12:00:00,       244.447879
08/12/2009 13:00:00,       209.169436
08/12/2009 14:00:00,       109.524118
08/12/2009 15:00:00,        31.922618
08/12/2009 16:00:00,         0.083302
08/12/2009 17:00:00,         0.522608
08/12/2009 18:00:00,         0.116777
08/12/2009 19:00:00,         0.528241
08/12/2009 20:00:00,         0.595311
08/12/2009 21:00:00,         0.019198
08/12/2009 22:00:00,         0.020039
08/12/2009 23:00:00,         0.000000
08/13/2009 00:00:00,         0.000000
08/13/2009 01:00:00,         0.000000
08/13/2009 02:00:00,        11.742297
08/13/2009 03:00:00,        36.508635
08/13/2009 04:00:00,        44.503277
08/13/2009 05:00:00,        96.322337
08/13/2009 06:00:00,        81.374722
08/13/2009 07:00:00,       103.162602
08/13/2009 08:00:00,       117.779464
08/13/2009 09:00:00,        80.248344
08/13/2009 10:00:00,        57.660003
08/13/2009 11:00:00,        77.944131
08/13/2009 12:00:00,        68.137144
08/13/2009 13:00:00,        34.649849
08/13/2009 14:00:00,         9.630301
08/13/2009 15:00:00,         3.764487
08/13/2009 16:00:00,         6.201231
08/13/2009 17:00:00,         3.581887
08/13/2009 18:00:00,         6.334744
08/13/2009 19:00:00,        18.703606
08/13/2009 20:00:00,        64.915137
08/13/2009 21:00:00,        99.227485
08/13/2009 22:00:00,       121.108773
08/13/2009 23:00:00,        89.863809
08/14/2009 00:00:00,       112.363894
08/14/2009 01:00:00,       102.385266
08/14/2009 02:00:00,       144.929763
08/14/2009 03:00:00,       171.843801
08/14/2009 04:00:00,       200.435988
08/14/2009 05:00:00,       269.085713
08/14/2009 06:00:00,       266.549538
08/14/2009 07:00:00,       296.985022
08/14/2009 08:00:00,       297.554318
08/14/2009 09:00:00,       299.843848
08/14/2009 10:00:00,       286.223570
08/14/2009 11:00:00,       284.107526
08/14/2009 12:00:00,       242.951163
08/14/2009 13:00:00,       201.080292
08/14/2009 14:00:00,       158.329130
08/14/2009 15:00:00,        94.033030
08/14/2009 16:00:00,        85.242021
08/14/2009 17:00:00,       104.404818
08/14/2009 18:00:00,       112.330247
08/14/2009 19:00:00,       129.114065
08/14/2009 20:00:00,        99.494097
08/14/2009 21:00:00,       168.319252
08/14/2009 22:00:00,       121.223247
08/14/2009 23:00:00,       176.996252
08/15/2009 00:00:00,       117.784504
08/15/2009 01:00:00,        98.914387
08/15/2009 02:00:00,        95.454127
08/15/2009 03:00:00,       130.081647
08/15/2009 04:00:00,       255.212928
08/15/2009 05:00:00,       274.851229
08/15/2009 06:00:00,       251.461902
08/15/2009 07:00:00,       257.592366
08/15/2009 08:00:00,       228.736774
08/15/2009 09:00:00,       188.369510
08/15/2009 10:00:00,       202.433596
08/15/2009 11:00:00,       201.078144
08/15/2009 12:00:00,       233.545171
08/15/2009 13:00:00,       261.176697
08/15/2009 14:00:00,       255.465085
08/15/2009 15:00:00,       248.480480
08/15/2009 16:00:00,       283.679795
08/15/2009 17:00:00,       302.069964
08/15/2009 18:00:00,       305.888253
08/15/2009 19:00:00,       315.928269
08/15/2009 20:00:00,       315.405198
08/15/2009 21:00:00,       314.857434
08/15/2009 22:00:00,       316.096627
08/15/2009 23:00:00,       226.355084
08/16/2009 00:00:00,       311.302810
08/16/2009 01:00:00,       222.060958
08/16/2009 02:00:00,       200.935630
08/16/2009 03:00:00,       161.250172
08/16/2009 04:00:00,       185.208411
08/16/2009 05:00:00,       150.249348
08/16/2009 06:00:00,        52.155626
08/16/2009 07:00:00,        10.527580
08/16/2009 08:00:00,         3.929111
08/16/2009 09:00:00,         4.203997
08/16/2009 10:00:00,         0.804977
08/16/2009 11:00:00,         0.780437
08/16/2009 12:00:00,         1.314978
08/16/2009 13:00:00,         1.148047
08/16/2009 14:00:00,        14.794475
08/16/2009 15:00:00,        34.429713
08/16/2009 16:00:00,        36.357260
08/16/2009 17:00:00,        24.312063
08/16/2009 18:00:00,        16.440421
08/16/2009 19:00:00,        15.414834
08/16/2009 20:00:00,         9.223267
08/16/2009 21:00:00,         8.808688
08/16/2009 22:00:00,         8.829210
08/16/2009 23:00:00,         7.538675
08/17/2009 00:00:00,         3.580851
08/17/2009 01:00:00,         0.985609
08/17/2009 02:00:00,         8.044074
08/17/2009 03:00:00,         3.646079
08/17/2009 04:00:00,         0.000210
08/17/2009 05:00:00,         0.444935
08/17/2009 06:00:00,         0.160424
08/17/2009 07:00:00,         0.000000
08/17/2009 08:00:00,         0.423932
08/17/2009 09:00:00,         0.000000
08/17/2009 10:00:00,         0.000000
08/17/2009 11:00:00,         0.041658
08/17/2009 12:00:00,         0.125488
08/17/2009 13:00:00,         0.117917
08/17/2009 14:00:00,         0.000000
08/17/2009 15:00:00,         0.000000
08/17/2009 16:00:00,         0.000000
08/17/2009 17:00:00,         0.017280
08/17/2009 18:00:00,         0.318526
08/17/2009 19:00:00,         3.941283
08/17/2009 20:00:00,         1.614912
08/17/2009 21:00:00,         0.665535
08/17/2009 22:00:00,         0.669969
08/17/2009 23:00:00,         0.368219
08/18/2009 00:00:00,         9.129058
08/18/2009 01:00:00,        37.564290
08/18/2009 02:00:00,        44.138449
08/18/2009 03:00:00,       230.229581
08/18/2009 04:00:00,       180.128672
08/18/2009 05:00:00,       133.093261
08/18/2009 06:00:00,       195.749812
08/18/2009 07:00:00,       123.829760
08/18/2009 08:00:00,       129.404773
08/18/2009 09:00:00,       130.140384
08/18/2009 10:00:00,       140.574675
08/18/2009 11:00:00,        38.624399
08/18/2009 12:00:00,        45.179938
08/18/2009 13:00:00,        22.111795
08/18/2009 14:00:00,        11.755103
08/18/2009 15:00:00,         1.451399
08/18/2009 16:00:00,         0.000000
08/18/2009 17:00:00,         0.000000
08/18/2009 18:00:00,         0.000000
08/18/2009 19:00:00,         3.678098
08/18/2009 20:00:00,        13.907595
08/18/2009 21:00:00,        22.250605
08/18/2009 22:00:00,         0.540775
08/18/2009 23:00:00,       125.135864
08/19/2009 00:00:00,        89.888972
08/19/2009 01:00:00,       304.331719
08/19/2009 02:00:00,       234.018417
08/19/2009 03:00:00,       124.305286
08/19/2009 04:00:00,        66.758529
08/19/2009 05:00:00,        66.804641
08/19/2009 06:00:00,         3.426212
08/19/2009 07:00:00,         6.825768
08/19/2009 08:00:00,        18.332494
08/19/2009 09:00:00,         9.146415
08/19/2009 10:00:00,        24.119495
08/19/2009 11:00:00,        44.387363
08/19/2009 12:00:00,        44.793006
08/19/2009 13:00:00,        71.365486
08/19/2009 14:00:00,        67.577797
08/19/2009 15:00:00,        76.684023
08/19/2009 16:00:00,        92.350021
08/19/2009 17:00:00,        76.587998
08/19/2009 18:00:00,       107.048935
08/19/2009 19:00:00,       165.980013
08/19/2009 20:00:00,       128.978022
08/19/2009 21:00:00,       162.154767
08/19/2009 22:00:00,       185.969903
08/19/2009 23:00:00,       189.772783
08/20/2009 00:00:00,        48.788835
08/20/2009 01:00:00,        58.389564
08/20/2009 02:00:00,        48.923426
08/20/2009 03:00:00,       193.124479
08/20/2009 04:00:00,       159.737910
08/20/2009 05:00:00,       137.171192
08/20/2009 06:00:00,       117.598773
08/20/2009 07:00:00,       213.740758
08/20/2009 08:00:00,       143.323367
08/20/2009 09:00:00,       129.056736
08/20/2009 10:00:00,        71.467800
08/20/2009 11:00:00,        86.739931
08/20/2009 12:00:00,        54.561479
08/20/2009 13:00:00,        63.481222
08/20/2009 14:00:00,         7.483742
08/20/2009 15:00:00,        24.745930
08/20/2009 16:00:00,        13.952965
08/20/2009 17:00:00,        29.776062
08/20/2009 18:00:00,        35.140637
08/20/2009 19:00:00,         3.959231
08/20/2009 20:00:00,         0.977572
08/20/2009 21:00:00,         9.243924
08/20/2009 22:00:00,         0.239556
08/20/2009 23:00:00,         6.008271
08/21/2009 00:00:00,         5.584488
08/21/2009 01:00:00,        24.709683
08/21/2009 02:00:00,        13.298234
08/21/2009 03:00:00,        11.019366
08/21/2009 04:00:00,         0.754510
08/21/2009 05:00:00,         0.000000
08/21/2009 06:00:00,         0.077072
08/21/2009 07:00:00,         3.281391
08/21/2009 08:00:00,        27.368269
08/21/2009 09:00:00,       173.487310
08/21/2009 10:00:00,       284.014210
08/21/2009 11:00:00,       301.156315
08/21/2009 12:00:00,       311.945685
08/21/2009 13:00:00,       314.225784
08/21/2009 14:00:00,       297.349539
08/21/2009 15:00:00,       252.103431
08/21/2009 16:00:00,       189.295511
08/21/2009 17:00:00,       160.180536
08/21/2009 18:00:00,       287.516746
08/21/2009 19:00:00,       304.646768
08/21/2009 20:00:00,       313.277251
08/21/2009 21:00:00,       312.483892
08/21/2009 22:00:00,       290.718713
08/21/2009 23:00:00,       316.492375
08/22/2009 00:00:00,       314.440569
08/22/2009 01:00:00,       307.299502
08/22/2009 02:00:00,       244.493038
08/22/2009 03:00:00,       235.329294
08/22/2009 04:00:00,       291.202446
08/22/2009 05:00:00,        83.455297
08/22/2009 06:00:00,       146.130933
08/22/2009 07:00:00,       202.907263
08/22/2009 08:00:00,       232.063805
08/22/2009 09:00:00,       204.723079
08/22/2009 10:00:00,       235.490540
08/22/2009 11:00:00,       218.274552
08/22/2009 12:00:00,       187.529666
08/22/2009 13:00:00,       204.179668
08/22/2009 14:00:00,       229.849216
08/22/2009 15:00:00,       229.869281
08/22/2009 16:00:00,       149.456103
08/22/2009 17:00:00,        93.859417
08/22/2009 18:00:00,        73.996840
08/22/2009 19:00:00,        62.285886
08/22/2009 20:00:00,        83.653577
08/22/2009 21:00:00,       103.546824
08/22/2009 22:00:00,       130.132307
08/22/2009 23:00:00,        97.495111
08/23/2009 00:00:00,        85.041909
08/23/2009 01:00:00,       281.188921
08/23/2009 02:00:00,       135.742409
08/23/2009 03:00:00,       107.821995
08/23/2009 04:00:00,       120.447300
08/23/2009 05:00:00,       103.957422
08/23/2009 06:00:00,        16.274507
08/23/2009 07:00:00,         0.875344
08/23/2009 08:00:00,         8.240666
08/23/2009 09:00:00,        24.968572
08/23/2009 10:00:00,       144.870986
08/23/2009 11:00:00,       273.224981
08/23/2009 12:00:00,       236.838456
08/23/2009 13:00:00,       238.814319
08/23/2009 14:00:00,       260.159356
08/23/2009 15:00:00,       217.497654
08/23/2009 16:00:00,       245.435302
08/23/2009 17:00:00,       264.598243
08/23/2009 18:00:00,       245.057868
08/23/2009 19:00:00,       237.287127
08/23/2009 20:00:00,       198.959427
08/23/2009 21:00:00,       132.044102
08/23/2009 22:00:00,        85.835770
08/23/2009 23:00:00,        51.092183
08/24/2009 00:00:00,        10.203669
08/24/2009 01:00:00,         1.304857
08/24/2009 02:00:00,         0.448882
08/24/2009 03:00:00,         0.000000
08/24/2009 04:00:00,         0.000000
08/24/2009 05:00:00,         0.000000
08/24/2009 06:00:00,         0.161303
08/24/2009 07:00:00,         6.480613
08/24/2009 08:00:00,         4.570219
08/24/2009 09:00:00,         0.731364
08/24/2009 10:00:00,         0.053236
08/24/2009 11:00:00,         0.026558
08/24/2009 12:00:00,         0.176918
08/24/2009 13:00:00,         1.021906
08/24/2009 14:00:00,         1.582631
08/24/2009 15:00:00,         0.236467
08/24/2009 16:00:00,         1.883952
08/24/2009 17:00:00,         4.209368
08/24/2009 18:00:00,         3.165587
08/24/2009 19:00:00,         3.764585
08/24/2009 20:00:00,         0.123729
08/24/2009 21:00:00,         0.154307
08/24/2009 22:00:00,         0.000000
08/24/2009 23:00:00,         0.567491
08/25/2009 00:00:00,         0.062302
08/25/2009 01:00:00,         0.010072
08/25/2009 02:00:00,         0.009010
08/25/2009 03:00:00,         0.013516
08/25/2009 04:00:00,         1.539328
08/25/2009 05:00:00,         1.462294
08/25/2009 06:00:00,         0.015412
08/25/2009 07:00:00,         0.000000
08/25/2009 08:00:00,         0.107220
08/25/2009 09:00:00,         0.160778
08/25/2009 10:00:00,         0.060817
08/25/2009 11:00:00,         0.000000
08/25/2009 12:00:00,         0.131340
08/25/2009 13:00:00,         0.009765
08/25/2009 14:00:00,         0.000000
08/25/2009 15:00:00,         0.000000
08/25/2009 16:00:00,         0.008598
08/25/2009 17:00:00,         0.215887
08/25/2009 18:00:00,         0.628694
08/25/2009 19:00:00,         0.817971
08/25/2009 20:00:00,         6.630233
08/25/2009 21:00:00,         0.021962
08/25/2009 22:00:00,         0.000000
08/25/2009 23:00:00,         0.000000
08/26/2009 00:00:00,         0.000000
08/26/2009 01:00:00,         3.242066
08/26/2009 02:00:00,        13.069158
08/26/2009 03:00:00,       107.474904
08/26/2009 04:00:00,       131.756849
08/26/2009 05:00:00,       194.645435
08/26/2009 06:00:00,       276.136409
08/26/2009 07:00:00,       300.875518
08/26/2009 08:00:00,       302.152187
08/26/2009 09:00:00,       276.583584
08/26/2009 10:00:00,       304.560424
08/26/2009 11:00:00,       319.547180
08/26/2009 12:00:00,       319.992107
08/26/2009 13:00:00,       319.932016
08/26/2009 14:00:00,       319.953032
08/26/2009 15:00:00,       319.943087
08/26/2009 16:00:00,       320.000000
08/26/2009 17:00:00,       320.000000
08/26/2009 18:00:00,       320.000000
08/26/2009 19:00:00,       320.000000
08/26/2009 20:00:00,       320.000000
08/26/2009 21:00:00,       319.995137
08/26/2009 22:00:00,       320.000000
08/26/2009 23:00:00,       320.000000
08/27/2009 00:00:00,       320.000000
08/27/2009 01:00:00,       319.998477
08/27/2009 02:00:00,       319.999318
08/27/2009 03:00:00,       320.000000
08/27/2009 04:00:00,       319.995676
08/27/2009 05:00:00,       319.986963
08/27/2009 06:00:00,       319.999702
08/27/2009 07:00:00,       319.997990
08/27/2009 08:00:00,       320.000000
08/27/2009 09:00:00,       319.988680
08/27/2009 10:00:00,       319.981070
08/27/2009 11:00:00,       319.889711
08/27/2009 12:00:00,       316.797630
08/27/2009 13:00:00,       317.933825
08/27/2009 14:00:00,       319.269399
08/27/2009 15:00:00,       319.853260
08/27/2009 16:00:00,       319.952559
08/27/2009 17:00:00,       319.978495
08/27/2009 18:00:00,       320.000000
08/27/2009 19:00:00,       319.974054
08/27/2009 20:00:00,       320.000000
08/27/2009 21:00:00,       320.000000
08/27/2009 22:00:00,       319.998186
08/27/2009 23:00:00,       319.892965
08/28/2009 00:00:00,       319.981783
08/28/2009 01:00:00,       318.489900
08/28/2009 02:00:00,       317.290499
08/28/2009 03:00:00,       311.741040
08/28/2009 04:00:00,       256.743814
08/28/2009 05:00:00,       191.061167
08/28/2009 06:00:00,       168.679561
08/28/2009 07:00:00,       165.093851
08/28/2009 08:00:00,       168.662430
08/28/2009 09:00:00,       120.994025
08/28/2009 10:00:00,        98.628439
08/28/2009 11:00:00,        88.760579
08/28/2009 12:00:00,        78.729513
08/28/2009 13:00:00,        65.997258
08/28/2009 14:00:00,        56.316994
08/28/2009 15:00:00,        65.524331
08/28/2009 16:00:00,        86.009738
08/28/2009 17:00:00,       108.935278
08/28/2009 18:00:00,       122.325647
08/28/2009 19:00:00,       143.717405
08/28/2009 20:00:00,       166.038327
08/28/2009 21:00:00,       156.419009
08/28/2009 22:00:00,       139.629911
08/28/2009 23:00:00,       132.763908
08/29/2009 00:00:00,       115.843155
08/29/2009 01:00:00,       109.103206
08/29/2009 02:00:00,       106.885808
08/29/2009 03:00:00,        91.702192
08/29/2009 04:00:00,        64.647930
08/29/2009 05:00:00,        40.341212
08/29/2009 06:00:00,        19.548917
08/29/2009 07:00:00,         6.333200
08/29/2009 08:00:00,         0.623841
08/29/2009 09:00:00,         0.052677
08/29/2009 10:00:00,         0.828540
08/29/2009 11:00:00,         2.286162
08/29/2009 12:00:00,        21.691555
08/29/2009 13:00:00,       110.032436
08/29/2009 14:00:00,       148.287577
08/29/2009 15:00:00,       136.467957
08/29/2009 16:00:00,        48.851461
08/29/2009 17:00:00,         8.914433
08/29/2009 18:00:00,        11.007970
08/29/2009 19:00:00,        41.842581
08/29/2009 20:00:00,        90.641321
08/29/2009 21:00:00,        76.741291
08/29/2009 22:00:00,        67.056941
08/29/2009 23:00:00,        77.995372
08/30/2009 00:00:00,       134.967930
08/30/2009 01:00:00,       191.592950
08/30/2009 02:00:00,       224.715873
08/30/2009 03:00:00,       208.968843
08/30/2009 04:00:00,       154.301664
08/30/2009 05:00:00,       118.700317
08/30/2009 06:00:00,       128.791419
08/30/2009 07:00:00,       122.044932
08/30/2009 08:00:00,        89.023960
08/30/2009 09:00:00,        91.284230
08/30/2009 10:00:00,        58.270792
08/30/2009 11:00:00,        68.482183
08/30/2009 12:00:00,        91.363016
08/30/2009 13:00:00,        49.540101
08/30/2009 14:00:00,        79.019005
08/30/2009 15:00:00,        38.552749
08/30/2009 16:00:00,        27.023454
08/30/2009 17:00:00,        25.366480
08/30/2009 18:00:00,        21.983964
08/30/2009 19:00:00,        37.304270
08/30/2009 20:00:00,        51.090642
08/30/2009 21:00:00,        64.563013
08/30/2009 22:00:00,       137.659913
08/30/2009 23:00:00,       134.054479
08/31/2009 00:00:00,       233.259252
08/31/2009 01:00:00,       300.934124
08/31/2009 02:00:00,       319.527967
08/31/2009 03:00:00,       317.943661
08/31/2009 04:00:00,       301.124450
08/31/2009 05:00:00,       305.414793
08/31/2009 06:00:00,       203.689183
08/31/2009 07:00:00,       158.956001
08/31/2009 08:00:00,       275.535619
08/31/2009 09:00:00,       205.661272
08/31/2009 10:00:00,       221.928817
08/31/2009 11:00:00,       286.063280
08/31/2009 12:00:00,       262.909240
08/31/2009 13:00:00,       290.645208
08/31/2009 14:00:00,       298.448086
08/31/2009 15:00:00,       305.239290
08/31/2009 16:00:00,       304.728993
08/31/2009 17:00:00,       290.510200
08/31/2009 18:00:00,       299.943959
08/31/2009 19:00:00,       301.887083
08/31/2009 20:00:00,       310.144463
08/31/2009 21:00:00,       310.321659
08/31/2009 22:00:00,       305.555262
08/31/2009 23:00:00,       248.505685
09/01/2009 00:00:00,       221.078012
09/01/2009 01:00:00,       201.232854
09/01/2009 02:00:00,       208.180655
09/01/2009 03:00:00,       207.964763
09/01/2009 04:00:00,       179.794357
09/01/2009 05:00:00,       115.466507
09/01/2009 06:00:00,        99.579636
09/01/2009 07:00:00,        87.247054
09/01/2009 08:00:00,        88.482193
09/01/2009 09:00:00,        82.118955
09/01/2009 10:00:00,        70.721503
09/01/2009 11:00:00,        65.633928
09/01/2009 12:00:00,        81.239610
09/01/2009 13:00:00,       106.020159
09/01/2009 14:00:00,        47.053260
09/01/2009 15:00:00,        21.673412
09/01/2009 16:00:00,         2.951674
09/01/2009 17:00:00,        15.507014
09/01/2009 18:00:00,        27.735788
09/01/2009 19:00:00,        43.563027
09/01/2009 20:00:00,         2.457233
09/01/2009 21:00:00,         6.357485
09/01/2009 22:00:00,        77.872485
09/01/2009 23:00:00,        39.073770
09/02/2009 00:00:00,        72.815942
09/02/2009 01:00:00,        98.977906
09/02/2009 02:00:00,        78.054939
09/02/2009 03:00:00,       125.117471
09/02/2009 04:00:00,       119.000937
09/02/2009 05:00:00,       154.921934
09/02/2009 06:00:00,       201.844171
09/02/2009 07:00:00,       220.802472
09/02/2009 08:00:00,       265.585629
09/02/2009 09:00:00,       271.007583
09/02/2009 10:00:00,       247.571661
09/02/2009 11:00:00,       253.409184
09/02/2009 12:00:00,       277.557253
09/02/2009 13:00:00,       242.746231
09/02/2009 14:00:00,       206.306732
09/02/2009 15:00:00,       177.245557
09/02/2009 16:00:00,       170.656914
09/02/2009 17:00:00,       185.297027
09/02/2009 18:00:00,       234.360510
09/02/2009 19:00:00,       271.395679
09/02/2009 20:00:00,       231.760065
09/02/2009 21:00:00,       244.523668
09/02/2009 22:00:00,       281.266536
09/02/2009 23:00:00,       285.776879
09/03/2009 00:00:00,       309.322314
09/03/2009 01:00:00,       311.695363
09/03/2009 02:00:00,       315.741632
09/03/2009 03:00:00,       317.141574
09/03/2009 04:00:00,       318.788675
09/03/2009 05:00:00,       319.425084
09/03/2009 06:00:00,       319.615555
09/03/2009 07:00:00,       319.118679
09/03/2009 08:00:00,       318.212627
09/03/2009 09:00:00,       317.097572
09/03/2009 10:00:00,       315.832002
09/03/2009 11:00:00,       315.658549
09/03/2009 12:00:00,       313.627874
09/03/2009 13:00:00,       311.429732
09/03/2009 14:00:00,       296.017746
09/03/2009 15:00:00,       281.203899
09/03/2009 16:00:00,       280.196012
09/03/2009 17:00:00,       269.759259
09/03/2009 18:00:00,       236.731111
09/03/2009 19:00:00,       196.452216
09/03/2009 20:00:00,       213.713857
09/03/2009 21:00:00,        96.501825
09/03/2009 22:00:00,       217.684499
09/03/2009 23:00:00,       126.002056
09/04/2009 00:00:00,       129.677467
09/04/2009 01:00:00,        43.991517
09/04/2009 02:00:00,       126.322891
09/04/2009 03:00:00,       178.018229
09/04/2009 04:00:00,       173.863897
09/04/2009 05:00:00,       177.744531
09/04/2009 06:00:00,       245.077155
09/04/2009 07:00:00,       105.083993
09/04/2009 08:00:00,       107.972977
09/04/2009 09:00:00,       158.628361
09/04/2009 10:00:00,        59.778037
09/04/2009 11:00:00,        78.845318
09/04/2009 12:00:00,       149.697582
09/04/2009 13:00:00,       110.618398
09/04/2009 14:00:00,        70.521657
09/04/2009 15:00:00,        25.446174
09/04/2009 16:00:00,         8.653667
09/04/2009 17:00:00,        14.491213
09/04/2009 18:00:00,        23.632667
09/04/2009 19:00:00,        42.486274
09/04/2009 20:00:00,        57.246909
09/04/2009 21:00:00,        62.766071
09/04/2009 22:00:00,       102.836061
09/04/2009 23:00:00,       123.725832
09/05/2009 00:00:00,       118.839310
09/05/2009 01:00:00,       104.702356
09/05/2009 02:00:00,        88.651031
09/05/2009 03:00:00,        81.951337
09/05/2009 04:00:00,        53.593606
09/05/2009 05:00:00,        24.170059
09/05/2009 06:00:00,         4.494208
09/05/2009 07:00:00,         6.048651
09/05/2009 08:00:00,         1.715540
09/05/2009 09:00:00,         2.822927
09/05/2009 10:00:00,         1.780253
09/05/2009 11:00:00,         4.403832
09/05/2009 12:00:00,         6.483968
09/05/2009 13:00:00,        18.824078
09/05/2009 14:00:00,        23.698854
09/05/2009 15:00:00,        19.654654
09/05/2009 16:00:00,        20.623302
09/05/2009 17:00:00,        43.466139
09/05/2009 18:00:00,        43.653063
09/05/2009 19:00:00,        43.979139
09/05/2009 20:00:00,       111.619532
09/05/2009 21:00:00,       149.885533
09/05/2009 22:00:00,       168.669388
09/05/2009 23:00:00,       183.313944
09/06/2009 00:00:00,        82.007755
09/06/2009 01:00:00,        46.538590
09/06/2009 02:00:00,        23.064644
09/06/2009 03:00:00,        52.360573
09/06/2009 04:00:00,        82.257955
09/06/2009 05:00:00,        15.637505
09/06/2009 06:00:00,        25.677324
09/06/2009 07:00:00,        50.541710
09/06/2009 08:00:00,        80.839329
09/06/2009 09:00:00,       104.586662
09/06/2009 10:00:00,        42.153065
09/06/2009 11:00:00,        15.822825
09/06/2009 12:00:00,        13.114313
09/06/2009 13:00:00,         0.977333
09/06/2009 14:00:00,         0.008479
09/06/2009 15:00:00,         0.043855
09/06/2009 16:00:00,         1.517069
09/06/2009 17:00:00,        13.303822
09/06/2009 18:00:00,        17.501709
09/06/2009 19:00:00,        11.372401
09/06/2009 20:00:00,        17.363599
09/06/2009 21:00:00,        23.532924
09/06/2009 22:00:00,        32.696936
09/06/2009 23:00:00,        45.932288
09/07/2009 00:00:00,        55.493201
09/07/2009 01:00:00,        55.516850
09/07/2009 02:00:00,       145.969274
09/07/2009 03:00:00,       255.358404
09/07/2009 04:00:00,       306.622201
09/07/2009 05:00:00,       311.940339
09/07/2009 06:00:00,       319.009459
09/07/2009 07:00:00,       319.487675
09/07/2009 08:00:00,       319.169024
09/07/2009 09:00:00,       318.006495
09/07/2009 10:00:00,       315.579944
09/07/2009 11:00:00,       311.233512
09/07/2009 12:00:00,       313.217878
09/07/2009 13:00:00,       302.603370
09/07/2009 14:00:00,       274.325720
09/07/2009 15:00:00,       221.679668
09/07/2009 16:00:00,       209.820101
09/07/2009 17:00:00,       261.784369
09/07/2009 18:00:00,       298.527984
09/07/2009 19:00:00,       295.140044
09/07/2009 20:00:00,       268.538276
09/07/2009 21:00:00,       211.503780
09/07/2009 22:00:00,       296.413366
09/07/2009 23:00:00,       266.381987
09/08/2009 00:00:00,       297.045180
09/08/2009 01:00:00,       305.355569
09/08/2009 02:00:00,       266.845195
09/08/2009 03:00:00,       242.382688
09/08/2009 04:00:00,       239.541597
09/08/2009 05:00:00,       250.256723
09/08/2009 06:00:00,       233.119398
09/08/2009 07:00:00,       200.128975
09/08/2009 08:00:00,       182.069072
09/08/2009 09:00:00,       119.598571
09/08/2009 10:00:00,        61.537983
09/08/2009 11:00:00,        34.519381
09/08/2009 12:00:00,        34.987683
09/08/2009 13:00:00,        40.312110
09/08/2009 14:00:00,        37.244031
09/08/2009 15:00:00,        28.027802
09/08/2009 16:00:00,        23.060432
09/08/2009 17:00:00,        19.295361
09/08/2009 18:00:00,        17.916167
09/08/2009 19:00:00,        25.654488
09/08/2009 20:00:00,        32.014621
09/08/2009 21:00:00,        35.173900
09/08/2009 22:00:00,        78.350735
09/08/2009 23:00:00,       112.549739
09/09/2009 00:00:00,        97.609863
09/09/2009 01:00:00,        55.436445
09/09/2009 02:00:00,        88.849954
09/09/2009 03:00:00,       196.015112
09/09/2009 04:00:00,        57.761474
09/09/2009 05:00:00,        52.228442
09/09/2009 06:00:00,        43.788885
09/09/2009 07:00:00,        29.711530
09/09/2009 08:00:00,        41.066088
09/09/2009 09:00:00,        49.614689
09/09/2009 10:00:00,        62.596062
09/09/2009 11:00:00,        89.400635
09/09/2009 12:00:00,        84.454616
09/09/2009 13:00:00,        87.417184
09/09/2009 14:00:00,        69.492234
09/09/2009 15:00:00,        40.106496
09/09/2009 16:00:00,        30.846418
09/09/2009 17:00:00,        24.961276
09/09/2009 18:00:00,        20.316632
09/09/2009 19:00:00,        10.260548
09/09/2009 20:00:00,         2.391461
09/09/2009 21:00:00,         0.424349
09/09/2009 22:00:00,         0.000000
09/09/2009 23:00:00,         0.000000
09/10/2009 00:00:00,         0.000000
09/10/2009 01:00:00,         0.140929
09/10/2009 02:00:00,         1.407702
09/10/2009 03:00:00,         7.647525
09/10/2009 04:00:00,        10.688282
09/10/2009 05:00:00,        18.046945
09/10/2009 06:00:00,        17.891926
09/10/2009 07:00:00,        15.772076
09/10/2009 08:00:00,        18.242190
09/10/2009 09:00:00,        16.610630
09/10/2009 10:00:00,        27.854157
09/10/2009 11:00:00,        38.004398
09/10/2009 12:00:00,        33.586350
09/10/2009 13:00:00,        43.104215
09/10/2009 14:00:00,        40.772290
09/10/2009 15:00:00,        14.191668
09/10/2009 16:00:00,         5.985268
09/10/2009 17:00:00,         4.800626
09/10/2009 18:00:00,         4.992663
09/10/2009 19:00:00,         9.626463
09/10/2009 20:00:00,         8.443970
09/10/2009 21:00:00,        10.131246
09/10/2009 22:00:00,        15.512000
09/10/2009 23:00:00,        27.600047
09/11/2009 00:00:00,        27.038118
09/11/2009 01:00:00,        47.333011
09/11/2009 02:00:00,       101.352198
09/11/2009 03:00:00,       239.027019
09/11/2009 04:00:00,       283.672131
09/11/2009 05:00:00,       279.041385
09/11/2009 06:00:00,       306.892703
09/11/2009 07:00:00,       309.670968
09/11/2009 08:00:00,       274.136887
09/11/2009 09:00:00,       249.625230
09/11/2009 10:00:00,       241.517160
09/11/2009 11:00:00,       236.071586
09/11/2009 12:00:00,       153.006604
09/11/2009 13:00:00,       116.641307
09/11/2009 14:00:00,        91.463495
09/11/2009 15:00:00,        62.122809
09/11/2009 16:00:00,        53.635464
09/11/2009 17:00:00,        58.376631
09/11/2009 18:00:00,        72.342929
09/11/2009 19:00:00,       104.171485
09/11/2009 20:00:00,       117.243515
09/11/2009 21:00:00,       103.262777
09/11/2009 22:00:00,       106.300415
09/11/2009 23:00:00,       115.971143
09/12/2009 00:00:00,       152.292693
09/12/2009 01:00:00,       183.011275
09/12/2009 02:00:00,       222.246542
09/12/2009 03:00:00,       173.487993
09/12/2009 04:00:00,       106.864120
09/12/2009 05:00:00,        77.635085
09/12/2009 06:00:00,        90.079595
09/12/2009 07:00:00,       124.978059
09/12/2009 08:00:00,       131.271876
09/12/2009 09:00:00,       120.371388
09/12/2009 10:00:00,       127.189115
09/12/2009 11:00:00,       129.067122
09/12/2009 12:00:00,        96.039473
09/12/2009 13:00:00,        74.651703
09/12/2009 14:00:00,        81.311628
09/12/2009 15:00:00,        51.208794
09/12/2009 16:00:00,        81.299683
09/12/2009 17:00:00,        87.750224
09/12/2009 18:00:00,        87.083171
09/12/2009 19:00:00,        75.611793
09/12/2009 20:00:00,        25.017220
09/12/2009 21:00:00,         7.519834
09/12/2009 22:00:00,        26.212689
09/12/2009 23:00:00,        21.904660
09/13/2009 00:00:00,         5.627401
09/13/2009 01:00:00,         0.864587
09/13/2009 02:00:00,        44.827316
09/13/2009 03:00:00,       190.969961
09/13/2009 04:00:00,        51.513276
09/13/2009 05:00:00,        16.760367
09/13/2009 06:00:00,       150.094236
09/13/2009 07:00:00,        46.342847
09/13/2009 08:00:00,       117.592115
09/13/2009 09:00:00,       247.277493
09/13/2009 10:00:00,       301.721832
09/13/2009 11:00:00,       223.787204
09/13/2009 12:00:00,       242.071595
09/13/2009 13:00:00,       314.511716
09/13/2009 14:00:00,       302.246462
09/13/2009 15:00:00,       272.178604
09/13/2009 16:00:00,       273.519999
09/13/2009 17:00:00,       186.361418
09/13/2009 18:00:00,       151.274060
09/13/2009 19:00:00,       154.940079
09/13/2009 20:00:00,       100.463274
09/13/2009 21:00:00,        53.595797
09/13/2009 22:00:00,        66.555296
09/13/2009 23:00:00,        50.655451
09/14/2009 00:00:00,        49.313069
09/14/2009 01:00:00,        24.846018
09/14/2009 02:00:00,        12.016261
09/14/2009 03:00:00,        10.759179
09/14/2009 04:00:00,        28.863411
09/14/2009 05:00:00,        36.203619
09/14/2009 06:00:00,        23.996775
09/14/2009 07:00:00,        36.781847
09/14/2009 08:00:00,       110.271935
09/14/2009 09:00:00,        75.127505
09/14/2009 10:00:00,        47.327281
09/14/2009 11:00:00,        46.799175
09/14/2009 12:00:00,        26.442172
09/14/2009 13:00:00,         7.842141
09/14/2009 14:00:00,        13.870680
09/14/2009 15:00:00,        12.942855
09/14/2009 16:00:00,        15.043708
09/14/2009 17:00:00,        16.622662
09/14/2009 18:00:00,        14.606723
09/14/2009 19:00:00,        15.148876
09/14/2009 20:00:00,        10.171744
09/14/2009 21:00:00,        26.455824
09/14/2009 22:00:00,        63.039810
09/14/2009 23:00:00,       101.819795
09/15/2009 00:00:00,       108.419660
09/15/2009 01:00:00,       134.740504
09/15/2009 02:00:00,       127.868718
09/15/2009 03:00:00,       106.223486
09/15/2009 04:00:00,        85.342652
09/15/2009 05:00:00,        49.836929
09/15/2009 06:00:00,        67.897942
09/15/2009 07:00:00,       138.513356
09/15/2009 08:00:00,       207.651820
09/15/2009 09:00:00,       166.445011
09/15/2009 10:00:00,       144.312565
09/15/2009 11:00:00,       106.674182
09/15/2009 12:00:00,        71.052245
09/15/2009 13:00:00,        55.090900
09/15/2009 14:00:00,        47.801288
09/15/2009 15:00:00,        49.196923
09/15/2009 16:00:00,        45.772055
09/15/2009 17:00:00,        39.153069
09/15/2009 18:00:00,        39.546203
09/15/2009 19:00:00,        67.196560
09/15/2009 20:00:00,        95.734518
09/15/2009 21:00:00,        98.002740
09/15/2009 22:00:00,        86.277752
09/15/2009 23:00:00,        64.131125
09/16/2009 00:00:00,        43.884463
09/16/2009 01:00:00,        20.060363
09/16/2009 02:00:00,         2.704806
09/16/2009 03:00:00,         0.372452
09/16/2009 04:00:00,         0.444324
09/16/2009 05:00:00,         0.241918
09/16/2009 06:00:00,         0.112936
09/16/2009 07:00:00,         0.017418
09/16/2009 08:00:00,         1.390357
09/16/2009 09:00:00,        10.331605
09/16/2009 10:00:00,        11.888849
09/16/2009 11:00:00,         4.576808
09/16/2009 12:00:00,         1.257022
09/16/2009 13:00:00,         0.160770
09/16/2009 14:00:00,         0.000000
09/16/2009 15:00:00,         0.000000
09/16/2009 16:00:00,         0.723581
09/16/2009 17:00:00,         1.714573
09/16/2009 18:00:00,         5.189785
09/16/2009 19:00:00,        10.289608
09/16/2009 20:00:00,        11.459030
09/16/2009 21:00:00,         6.954094
09/16/2009 22:00:00,         1.065717
09/16/2009 23:00:00,         0.887627
09/17/2009 00:00:00,         3.961406
09/17/2009 01:00:00,        10.738887
09/17/2009 02:00:00,        23.188915
09/17/2009 03:00:00,        26.089922
09/17/2009 04:00:00,        29.469695
09/17/2009 05:00:00,        38.605216
09/17/2009 06:00:00,        50.683836
09/17/2009 07:00:00,        43.600776
09/17/2009 08:00:00,        42.234343
09/17/2009 09:00:00,        58.039250
09/17/2009 10:00:00,        75.035111
09/17/2009 11:00:00,        87.007327
09/17/2009 12:00:00,        92.801908
09/17/2009 13:00:00,        90.677773
09/17/2009 14:00:00,        40.241202
09/17/2009 15:00:00,         7.928564
09/17/2009 16:00:00,        10.319209
09/17/2009 17:00:00,         8.290701
09/17/2009 18:00:00,         8.829985
09/17/2009 19:00:00,         9.080174
09/17/2009 20:00:00,        11.667808
09/17/2009 21:00:00,        10.643139
09/17/2009 22:00:00,         4.857592
09/17/2009 23:00:00,         9.177392
09/18/2009 00:00:00,        10.919492
09/18/2009 01:00:00,         7.385549
09/18/2009 02:00:00,        51.840854
09/18/2009 03:00:00,       178.926514
09/18/2009 04:00:00,       203.842440
09/18/2009 05:00:00,       239.469130
09/18/2009 06:00:00,       264.915465
09/18/2009 07:00:00,       289.847334
09/18/2009 08:00:00,       302.396534
09/18/2009 09:00:00,       288.353636
09/18/2009 10:00:00,       274.864826
09/18/2009 11:00:00,       266.059711
09/18/2009 12:00:00,       235.653599
09/18/2009 13:00:00,       145.765539
09/18/2009 14:00:00,        94.142807
09/18/2009 15:00:00,        97.533851
09/18/2009 16:00:00,       130.983429
09/18/2009 17:00:00,       217.984215
09/18/2009 18:00:00,       270.408821
09/18/2009 19:00:00,       289.610065
09/18/2009 20:00:00,       243.297303
09/18/2009 21:00:00,       303.061773
09/18/2009 22:00:00,       292.733221
09/18/2009 23:00:00,       253.998900
09/19/2009 00:00:00,       307.144570
09/19/2009 01:00:00,       309.417081
09/19/2009 02:00:00,       318.838491
09/19/2009 03:00:00,       318.087746
09/19/2009 04:00:00,       307.385323
09/19/2009 05:00:00,       297.761420
09/19/2009 06:00:00,       286.773352
09/19/2009 07:00:00,       286.203158
09/19/2009 08:00:00,       247.351226
09/19/2009 09:00:00,       272.977338
09/19/2009 10:00:00,       251.347836
09/19/2009 11:00:00,       309.050437
09/19/2009 12:00:00,       292.339539
09/19/2009 13:00:00,       319.703638
09/19/2009 14:00:00,       319.447159
09/19/2009 15:00:00,       311.922387
09/19/2009 16:00:00,       258.476908
09/19/2009 17:00:00,       189.858565
09/19/2009 18:00:00,       202.316102
09/19/2009 19:00:00,       193.704664
09/19/2009 20:00:00,       176.420591
09/19/2009 21:00:00,       149.299495
09/19/2009 22:00:00,       124.560657
09/19/2009 23:00:00,       107.317945
09/20/2009 00:00:00,        88.257003
09/20/2009 01:00:00,        79.403278
09/20/2009 02:00:00,        59.276703
09/20/2009 03:00:00,       108.917470
09/20/2009 04:00:00,       135.526085
09/20/2009 05:00:00,       174.878249
09/20/2009 06:00:00,       199.449322
09/20/2009 07:00:00,       223.331007
09/20/2009 08:00:00,       240.690049
09/20/2009 09:00:00,       219.291456
09/20/2009 10:00:00,       207.118681
09/20/2009 11:00:00,       224.341808
09/20/2009 12:00:00,       222.498213
09/20/2009 13:00:00,       211.491375
09/20/2009 14:00:00,       196.019973
09/20/2009 15:00:00,       182.900981
09/20/2009 16:00:00,       179.243430
09/20/2009 17:00:00,       188.344561
09/20/2009 18:00:00,       170.749347
09/20/2009 19:00:00,       158.496933
09/20/2009 20:00:00,       139.896137
09/20/2009 21:00:00,       197.405571
09/20/2009 22:00:00,       129.134436
09/20/2009 23:00:00,       145.106659
09/21/2009 00:00:00,       260.772965
09/21/2009 01:00:00,       249.054494
09/21/2009 02:00:00,       212.155575
09/21/2009 03:00:00,       206.161696
09/21/2009 04:00:00,       224.502484
09/21/2009 05:00:00,       171.199226
09/21/2009 06:00:00,       172.931149
09/21/2009 07:00:00,       179.172912
09/21/2009 08:00:00,       176.060527
09/21/2009 09:00:00,       136.109350
09/21/2009 10:00:00,        89.342032
09/21/2009 11:00:00,        47.940960
09/21/2009 12:00:00,        28.815460
09/21/2009 13:00:00,        51.569540
09/21/2009 14:00:00,        45.289793
09/21/2009 15:00:00,        10.995791
09/21/2009 16:00:00,         3.614708
09/21/2009 17:00:00,         1.381905
09/21/2009 18:00:00,         0.469253
09/21/2009 19:00:00,         2.005591
09/21/2009 20:00:00,         1.308549
09/21/2009 21:00:00,         2.069047
09/21/2009 22:00:00,         4.711998
09/21/2009 23:00:00,         1.617201
09/22/2009 00:00:00,         6.853427
09/22/2009 01:00:00,        43.129221
09/22/2009 02:00:00,       150.815581
09/22/2009 03:00:00,       198.257794
09/22/2009 04:00:00,       114.032516
09/22/2009 05:00:00,       189.803932
09/22/2009 06:00:00,       262.295169
09/22/2009 07:00:00,       245.343555
09/22/2009 08:00:00,       246.110487
09/22/2009 09:00:00,       173.646250
09/22/2009 10:00:00,       108.362230
09/22/2009 11:00:00,       138.560686
09/22/2009 12:00:00,        95.685385
09/22/2009 13:00:00,       102.536783
09/22/2009 14:00:00,        27.106835
09/22/2009 15:00:00,        18.698398
09/22/2009 16:00:00,        22.167914
09/22/2009 17:00:00,        17.196311
09/22/2009 18:00:00,        49.223609
09/22/2009 19:00:00,        73.842765
09/22/2009 20:00:00,       106.466599
09/22/2009 21:00:00,       123.468558
09/22/2009 22:00:00,       158.657979
09/22/2009 23:00:00,       181.826084
09/23/2009 00:00:00,       210.034775
09/23/2009 01:00:00,       215.863691
09/23/2009 02:00:00,       223.596466
09/23/2009 03:00:00,       211.599483
09/23/2009 04:00:00,       227.342789
09/23/2009 05:00:00,       267.973394
09/23/2009 06:00:00,       270.002131
09/23/2009 07:00:00,       278.192214
09/23/2009 08:00:00,       276.706852
09/23/2009 09:00:00,       294.429078
09/23/2009 10:00:00,       287.740169
09/23/2009 11:00:00,       298.672467
09/23/2009 12:00:00,       289.698884
09/23/2009 13:00:00,       301.270182
09/23/2009 14:00:00,       296.697470
09/23/2009 15:00:00,       266.947629
09/23/2009 16:00:00,       279.993730
09/23/2009 17:00:00,       290.922451
09/23/2009 18:00:00,       265.514363
09/23/2009 19:00:00,       132.085604
09/23/2009 20:00:00,       282.555379
09/23/2009 21:00:00,       165.208979
09/23/2009 22:00:00,       296.721478
09/23/2009 23:00:00,       218.762920
09/24/2009 00:00:00,        75.269179
09/24/2009 01:00:00,       145.170014
09/24/2009 02:00:00,       139.458961
09/24/2009 03:00:00,        83.268064
09/24/2009 04:00:00,       111.337204
09/24/2009 05:00:00,       140.037884
09/24/2009 06:00:00,       187.879217
09/24/2009 07:00:00,       141.800463
09/24/2009 08:00:00,        55.659986
09/24/2009 09:00:00,        38.994843
09/24/2009 10:00:00,        29.855430
09/24/2009 11:00:00,        26.348480
09/24/2009 12:00:00,        20.765445
09/24/2009 13:00:00,        18.748695
09/24/2009 14:00:00,        20.045044
09/24/2009 15:00:00,        24.142958
09/24/2009 16:00:00,        20.469106
09/24/2009 17:00:00,        24.918869
09/24/2009 18:00:00,        26.275073
09/24/2009 19:00:00,        34.910340
09/24/2009 20:00:00,        19.189196
09/24/2009 21:00:00,        11.156841
09/24/2009 22:00:00,         7.639289
09/24/2009 23:00:00,        16.711592
09/25/2009 00:00:00,        20.607996
09/25/2009 01:00:00,         0.490625
09/25/2009 02:00:00,         0.025749
09/25/2009 03:00:00,         2.870125
09/25/2009 04:00:00,         4.558139
09/25/2009 05:00:00,        13.124127
09/25/2009 06:00:00,        58.913309
09/25/2009 07:00:00,       252.929807
09/25/2009 08:00:00,       301.521733
09/25/2009 09:00:00,       293.473455
09/25/2009 10:00:00,       298.422802
09/25/2009 11:00:00,       292.419053
09/25/2009 12:00:00,       267.669203
09/25/2009 13:00:00,       232.613122
09/25/2009 14:00:00,       184.999112
09/25/2009 15:00:00,       162.398250
09/25/2009 16:00:00,       131.464197
09/25/2009 17:00:00,       123.071198
09/25/2009 18:00:00,       107.100543
09/25/2009 19:00:00,        86.199929
09/25/2009 20:00:00,        68.058911
09/25/2009 21:00:00,        39.603053
09/25/2009 22:00:00,        15.751623
09/25/2009 23:00:00,         1.228280
09/26/2009 00:00:00,         0.000000
09/26/2009 01:00:00,         0.000000
09/26/2009 02:00:00,         0.000000
09/26/2009 03:00:00,         0.420581
09/26/2009 04:00:00,         1.825644
09/26/2009 05:00:00,         3.917220
09/26/2009 06:00:00,        17.856275
09/26/2009 07:00:00,        45.317398
09/26/2009 08:00:00,        81.461217
09/26/2009 09:00:00,       107.316400
09/26/2009 10:00:00,       153.081667
09/26/2009 11:00:00,       207.259620
09/26/2009 12:00:00,       199.700640
09/26/2009 13:00:00,       157.482949
09/26/2009 14:00:00,       124.669681
09/26/2009 15:00:00,        65.134732
09/26/2009 16:00:00,        39.326229
09/26/2009 17:00:00,        44.482766
09/26/2009 18:00:00,        68.670877
09/26/2009 19:00:00,       106.005657
09/26/2009 20:00:00,        99.229366
09/26/2009 21:00:00,       101.761651
09/26/2009 22:00:00,        98.483685
09/26/2009 23:00:00,        87.820777
09/27/2009 00:00:00,        88.477896
09/27/2009 01:00:00,       164.965449
09/27/2009 02:00:00,       241.014769
09/27/2009 03:00:00,       281.172943
09/27/2009 04:00:00,       291.032460
09/27/2009 05:00:00,       288.328005
09/27/2009 06:00:00,       253.618825
09/27/2009 07:00:00,       200.777574
09/27/2009 08:00:00,       152.460334
09/27/2009 09:00:00,       154.547784
09/27/2009 10:00:00,       159.868464
09/27/2009 11:00:00,       177.617803
09/27/2009 12:00:00,       211.683817
09/27/2009 13:00:00,       240.770550
09/27/2009 14:00:00,       246.338128
09/27/2009 15:00:00,       155.565063
09/27/2009 16:00:00,        57.020710
09/27/2009 17:00:00,        32.011785
09/27/2009 18:00:00,        17.331291
09/27/2009 19:00:00,         4.311804
09/27/2009 20:00:00,         3.752832
09/27/2009 21:00:00,         2.807251
09/27/2009 22:00:00,         6.401701
09/27/2009 23:00:00,        16.931314
09/28/2009 00:00:00,        49.285550
09/28/2009 01:00:00,        78.936763
09/28/2009 02:00:00,       183.686230
09/28/2009 03:00:00,       268.148417
09/28/2009 04:00:00,       274.567072
09/28/2009 05:00:00,       279.495320
09/28/2009 06:00:00,       263.723779
09/28/2009 07:00:00,       288.847996
09/28/2009 08:00:00,       288.402873
09/28/2009 09:00:00,       248.089470
09/28/2009 10:00:00,       178.334661
09/28/2009 11:00:00,       196.718640
09/28/2009 12:00:00,       234.222333
09/28/2009 13:00:00,       201.850523
09/28/2009 14:00:00,       210.846989
09/28/2009 15:00:00,       197.050347
09/28/2009 16:00:00,       169.290436
09/28/2009 17:00:00,        96.339936
09/28/2009 18:00:00,       161.468335
09/28/2009 19:00:00,        65.536085
09/28/2009 20:00:00,        56.365339
09/28/2009 21:00:00,        61.778184
09/28/2009 22:00:00,        96.177173
09/28/2009 23:00:00,       121.178586
09/29/2009 00:00:00,       111.816805
09/29/2009 01:00:00,       112.506963
09/29/2009 02:00:00,        72.109351
09/29/2009 03:00:00,        40.777229
09/29/2009 04:00:00,        38.538027
09/29/2009 05:00:00,        16.743908
09/29/2009 06:00:00,         2.731988
09/29/2009 07:00:00,        58.328276
09/29/2009 08:00:00,       140.182089
09/29/2009 09:00:00,       179.632219
09/29/2009 10:00:00,       289.679400
09/29/2009 11:00:00,       317.107121
09/29/2009 12:00:00,       316.697689
09/29/2009 13:00:00,       292.369206
09/29/2009 14:00:00,       257.749295
09/29/2009 15:00:00,       214.074532
09/29/2009 16:00:00,       240.564444
09/29/2009 17:00:00,       204.134284
09/29/2009 18:00:00,       257.350753
09/29/2009 19:00:00,       247.284050
09/29/2009 20:00:00,       180.176833
09/29/2009 21:00:00,       122.729591
09/29/2009 22:00:00,       107.220556
09/29/2009 23:00:00,        25.375731
09/30/2009 00:00:00,        54.794289
09/30/2009 01:00:00,        95.643647
09/30/2009 02:00:00,       169.115160
09/30/2009 03:00:00,       183.184784
09/30/2009 04:00:00,        65.878018
09/30/2009 05:00:00,        37.752699
09/30/2009 06:00:00,        57.337716
09/30/2009 07:00:00,        74.097909
09/30/2009 08:00:00,       128.316482
09/30/2009 09:00:00,       244.126346
09/30/2009 10:00:00,       222.494445
09/30/2009 11:00:00,       207.093081
09/30/2009 12:00:00,       127.717222
09/30/2009 13:00:00,       138.628909
09/30/2009 14:00:00,       141.974882
09/30/2009 15:00:00,        96.865572
09/30/2009 16:00:00,        32.711343
09/30/2009 17:00:00,        15.052217
09/30/2009 18:00:00,         3.650757
09/30/2009 19:00:00,         0.193005
09/30/2009 20:00:00,         0.399196
09/30/2009 21:00:00,         0.461982
09/30/2009 22:00:00,         0.585119
09/30/2009 23:00:00,         0.856655
10/01/2009 00:00:00,         0.104755
10/01/2009 01:00:00,         0.102014
10/01/2009 02:00:00,         1.150965
10/01/2009 03:00:00,        15.436773
10/01/2009 04:00:00,        11.027817
10/01/2009 05:00:00,        21.474957
10/01/2009 06:00:00,        59.998497
10/01/2009 07:00:00,        73.254308
10/01/2009 08:00:00,       102.151945
10/01/2009 09:00:00,        25.808508
10/01/2009 10:00:00,        12.834487
10/01/2009 11:00:00,         0.024332
10/01/2009 12:00:00,         0.031163
10/01/2009 13:00:00,         0.336887
10/01/2009 14:00:00,         0.000000
10/01/2009 15:00:00,         0.000000
10/01/2009 16:00:00,         0.000000
10/01/2009 17:00:00,         1.012735
10/01/2009 18:00:00,         9.178295
10/01/2009 19:00:00,        12.588564
10/01/2009 20:00:00,        19.235893
10/01/2009 21:00:00,        14.376212
10/01/2009 22:00:00,        10.565441
10/01/2009 23:00:00,        17.022021
10/02/2009 00:00:00,        25.381366
10/02/2009 01:00:00,         7.410443
10/02/2009 02:00:00,        14.579510
10/02/2009 03:00:00,        20.141978
10/02/2009 04:00:00,        12.994326
10/02/2009 05:00:00,        14.501078
10/02/2009 06:00:00,        42.057827
10/02/2009 07:00:00,        19.318359
10/02/2009 08:00:00,        13.010846
10/02/2009 09:00:00,        65.686689
10/02/2009 10:00:00,        11.046257
10/02/2009 11:00:00,         6.543186
10/02/2009 12:00:00,         5.358364
10/02/2009 13:00:00,         4.611073
10/02/2009 14:00:00,         3.013792
10/02/2009 15:00:00,         2.422015
10/02/2009 16:00:00,         3.512762
10/02/2009 17:00:00,         7.789100
10/02/2009 18:00:00,        12.038670
10/02/2009 19:00:00,         7.856839
10/02/2009 20:00:00,         4.280905
10/02/2009 21:00:00,         0.440832
10/02/2009 22:00:00,         0.207851
10/02/2009 23:00:00,         0.108179
10/03/2009 00:00:00,         0.000000
10/03/2009 01:00:00,         0.000000
10/03/2009 02:00:00,         0.000000
10/03/2009 03:00:00,         0.000000
10/03/2009 04:00:00,         0.000000
10/03/2009 05:00:00,         0.099308
10/03/2009 06:00:00,         0.285602
10/03/2009 07:00:00,         0.535074
10/03/2009 08:00:00,         0.000000
10/03/2009 09:00:00,         0.000000
10/03/2009 10:00:00,         0.038447
10/03/2009 11:00:00,         0.995543
10/03/2009 12:00:00,         2.901705
10/03/2009 13:00:00,        10.527877
10/03/2009 14:00:00,        20.154760
10/03/2009 15:00:00,        12.769610
10/03/2009 16:00:00,         0.003197
10/03/2009 17:00:00,         7.681678
10/03/2009 18:00:00,        33.829097
10/03/2009 19:00:00,        72.931016
10/03/2009 20:00:00,        98.493276
10/03/2009 21:00:00,        94.243075
10/03/2009 22:00:00,        86.798642
10/03/2009 23:00:00,        50.648720
10/04/2009 00:00:00,        48.441220
10/04/2009 01:00:00,        71.959157
10/04/2009 02:00:00,       164.590819
10/04/2009 03:00:00,       214.569440
10/04/2009 04:00:00,       209.508116
10/04/2009 05:00:00,       231.174042
10/04/2009 06:00:00,       171.599889
10/04/2009 07:00:00,       223.568784
10/04/2009 08:00:00,       223.615358
10/04/2009 09:00:00,       163.242352
10/04/2009 10:00:00,       114.321310
10/04/2009 11:00:00,        63.321211
10/04/2009 12:00:00,        51.189520
10/04/2009 13:00:00,        53.778766
10/04/2009 14:00:00,        54.734751
10/04/2009 15:00:00,        48.139000
10/04/2009 16:00:00,        45.960523
10/04/2009 17:00:00,        55.724843
10/04/2009 18:00:00,        56.005656
10/04/2009 19:00:00,        68.952958
10/04/2009 20:00:00,        57.111509
10/04/2009 21:00:00,        53.483689
10/04/2009 22:00:00,        46.885378
10/04/2009 23:00:00,        40.051110
10/05/2009 00:00:00,        70.626306
10/05/2009 01:00:00,        70.202541
10/05/2009 02:00:00,        93.936943
10/05/2009 03:00:00,       112.881047
10/05/2009 04:00:00,       130.271766
10/05/2009 05:00:00,       122.090993
10/05/2009 06:00:00,       126.962063
10/05/2009 07:00:00,        87.676312
10/05/2009 08:00:00,        78.229634
10/05/2009 09:00:00,        83.186786
10/05/2009 10:00:00,        29.461347
10/05/2009 11:00:00,         2.112127
10/05/2009 12:00:00,         0.000000
10/05/2009 13:00:00,        10.309704
10/05/2009 14:00:00,        52.913851
10/05/2009 15:00:00,        60.319158
10/05/2009 16:00:00,        93.780428
10/05/2009 17:00:00,       100.095042
10/05/2009 18:00:00,        88.059610
10/05/2009 19:00:00,        83.476768
10/05/2009 20:00:00,        89.778625
10/05/2009 21:00:00,        69.781183
10/05/2009 22:00:00,        66.099424
10/05/2009 23:00:00,        75.478598
10/06/2009 00:00:00,        81.569759
10/06/2009 01:00:00,        83.665649
10/06/2009 02:00:00,        99.425084
10/06/2009 03:00:00,       125.247895
10/06/2009 04:00:00,       158.453171
10/06/2009 05:00:00,       212.585332
10/06/2009 06:00:00,       266.026337
10/06/2009 07:00:00,       301.419206
10/06/2009 08:00:00,       313.816619
10/06/2009 09:00:00,       305.699588
10/06/2009 10:00:00,       195.010915
10/06/2009 11:00:00,        72.055210
10/06/2009 12:00:00,        19.133455
10/06/2009 13:00:00,         7.991581
10/06/2009 14:00:00,        11.616038
10/06/2009 15:00:00,        29.376498
10/06/2009 16:00:00,        42.680095
10/06/2009 17:00:00,        45.341082
10/06/2009 18:00:00,        37.323069
10/06/2009 19:00:00,        49.743783
10/06/2009 20:00:00,        52.329558
10/06/2009 21:00:00,        51.154154
10/06/2009 22:00:00,        29.750186
10/06/2009 23:00:00,        35.514781
10/07/2009 00:00:00,        13.127664
10/07/2009 01:00:00,         9.325483
10/07/2009 02:00:00,        14.130379
10/07/2009 03:00:00,         8.278429
10/07/2009 04:00:00,        14.553533
10/07/2009 05:00:00,        27.124182
10/07/2009 06:00:00,        28.852001
10/07/2009 07:00:00,        17.965449
10/07/2009 08:00:00,        35.038659
10/07/2009 09:00:00,        13.157096
10/07/2009 10:00:00,         5.498064
10/07/2009 11:00:00,         0.873793
10/07/2009 12:00:00,         0.000000
10/07/2009 13:00:00,         0.000000
10/07/2009 14:00:00,         0.000000
10/07/2009 15:00:00,         0.000000
10/07/2009 16:00:00,         1.475061
10/07/2009 17:00:00,        28.779877
10/07/2009 18:00:00,        90.081418
10/07/2009 19:00:00,       153.666814
10/07/2009 20:00:00,       181.454808
10/07/2009 21:00:00,       205.584730
10/07/2009 22:00:00,       214.237420
10/07/2009 23:00:00,       212.487932
10/08/2009 00:00:00,       221.160903
10/08/2009 01:00:00,       115.299253
10/08/2009 02:00:00,       116.038138
10/08/2009 03:00:00,       110.169104
10/08/2009 04:00:00,        94.742828
10/08/2009 05:00:00,        82.219254
10/08/2009 06:00:00,        55.121160
10/08/2009 07:00:00,        68.968473
10/08/2009 08:00:00,       106.388117
10/08/2009 09:00:00,        75.482320
10/08/2009 10:00:00,        58.588332
10/08/2009 11:00:00,        93.210342
10/08/2009 12:00:00,       121.708727
10/08/2009 13:00:00,        97.429417
10/08/2009 14:00:00,        65.306287
10/08/2009 15:00:00,        32.494160
10/08/2009 16:00:00,        46.727899
10/08/2009 17:00:00,        91.176405
10/08/2009 18:00:00,        56.079640
10/08/2009 19:00:00,        44.977988
10/08/2009 20:00:00,        18.729669
10/08/2009 21:00:00,         3.573395
10/08/2009 22:00:00,         0.269388
10/08/2009 23:00:00,         0.000000
10/09/2009 00:00:00,         0.000000
10/09/2009 01:00:00,         0.479299
10/09/2009 02:00:00,        15.732667
10/09/2009 03:00:00,        41.371534
10/09/2009 04:00:00,        65.631600
10/09/2009 05:00:00,        85.924341
10/09/2009 06:00:00,       141.948233
10/09/2009 07:00:00,       164.256413
10/09/2009 08:00:00,       114.060278
10/09/2009 09:00:00,        75.610180
10/09/2009 10:00:00,        42.284222
10/09/2009 11:00:00,        38.895865
10/09/2009 12:00:00,        40.315877
10/09/2009 13:00:00,        55.686188
10/09/2009 14:00:00,        39.320951
10/09/2009 15:00:00,        11.374024
10/09/2009 16:00:00,        15.391724
10/09/2009 17:00:00,        29.599487
10/09/2009 18:00:00,        39.378816
10/09/2009 19:00:00,        55.888399
10/09/2009 20:00:00,        70.482004
10/09/2009 21:00:00,        74.603371
10/09/2009 22:00:00,        67.848537
10/09/2009 23:00:00,        52.711757
10/10/2009 00:00:00,        67.278314
10/10/2009 01:00:00,        66.114751
10/10/2009 02:00:00,        62.868026
10/10/2009 03:00:00,        80.368718
10/10/2009 04:00:00,        84.882353
10/10/2009 05:00:00,        65.444464
10/10/2009 06:00:00,        50.259222
10/10/2009 07:00:00,        34.241363
10/10/2009 08:00:00,        28.059984
10/10/2009 09:00:00,        10.290940
10/10/2009 10:00:00,         2.144946
10/10/2009 11:00:00,         0.697848
10/10/2009 12:00:00,         2.319985
10/10/2009 13:00:00,         6.432978
10/10/2009 14:00:00,        10.875594
10/10/2009 15:00:00,        18.471492
10/10/2009 16:00:00,        27.672648
10/10/2009 17:00:00,        53.914391
10/10/2009 18:00:00,        70.074773
10/10/2009 19:00:00,        96.972287
10/10/2009 20:00:00,       138.867656
10/10/2009 21:00:00,       267.580180
10/10/2009 22:00:00,       289.785610
10/10/2009 23:00:00,       314.988673
10/11/2009 00:00:00,       317.908567
10/11/2009 01:00:00,       316.203534
10/11/2009 02:00:00,       315.656293
10/11/2009 03:00:00,       306.901043
10/11/2009 04:00:00,       313.707172
10/11/2009 05:00:00,       313.582500
10/11/2009 06:00:00,       312.185727
10/11/2009 07:00:00,       303.156175
10/11/2009 08:00:00,       289.902289
10/11/2009 09:00:00,       253.647952
10/11/2009 10:00:00,       193.765929
10/11/2009 11:00:00,       117.355143
10/11/2009 12:00:00,       154.031920
10/11/2009 13:00:00,       186.176923
10/11/2009 14:00:00,       189.939732
10/11/2009 15:00:00,       108.226175
10/11/2009 16:00:00,        44.802352
10/11/2009 17:00:00,        75.081914
10/11/2009 18:00:00,       137.405670
10/11/2009 19:00:00,       280.874770
10/11/2009 20:00:00,       247.854920
10/11/2009 21:00:00,       312.707255
10/11/2009 22:00:00,       314.681881
10/11/2009 23:00:00,       286.591366
10/12/2009 00:00:00,       317.815452
10/12/2009 01:00:00,       311.952735
10/12/2009 02:00:00,       308.078494
10/12/2009 03:00:00,       314.914409
10/12/2009 04:00:00,       312.605434
10/12/2009 05:00:00,       299.178363
10/12/2009 06:00:00,       312.221998
10/12/2009 07:00:00,       312.633544
10/12/2009 08:00:00,       314.229860
10/12/2009 09:00:00,       318.497250
10/12/2009 10:00:00,       317.879781
10/12/2009 11:00:00,       315.664702
10/12/2009 12:00:00,       318.154805
10/12/2009 13:00:00,       317.746531
10/12/2009 14:00:00,       316.816473
10/12/2009 15:00:00,       314.565167
10/12/2009 16:00:00,       315.241762
10/12/2009 17:00:00,       314.513186
10/12/2009 18:00:00,       311.375090
10/12/2009 19:00:00,       311.752811
10/12/2009 20:00:00,       300.640576
10/12/2009 21:00:00,       306.032165
10/12/2009 22:00:00,       305.223501
10/12/2009 23:00:00,       310.848870
10/13/2009 00:00:00,       298.174009
10/13/2009 01:00:00,       265.509512
10/13/2009 02:00:00,       240.323458
10/13/2009 03:00:00,       214.514644
10/13/2009 04:00:00,       220.043556
10/13/2009 05:00:00,       222.203782
10/13/2009 06:00:00,       171.884397
10/13/2009 07:00:00,       127.272950
10/13/2009 08:00:00,       136.391147
10/13/2009 09:00:00,       118.025229
10/13/2009 10:00:00,        80.336676
10/13/2009 11:00:00,        48.695718
10/13/2009 12:00:00,        34.516173
10/13/2009 13:00:00,        42.959614
10/13/2009 14:00:00,        42.112128
10/13/2009 15:00:00,        42.051217
10/13/2009 16:00:00,        40.619652
10/13/2009 17:00:00,        50.144685
10/13/2009 18:00:00,        59.035932
10/13/2009 19:00:00,        54.934151
10/13/2009 20:00:00,        30.075100
10/13/2009 21:00:00,        69.574349
10/13/2009 22:00:00,        63.509029
10/13/2009 23:00:00,       123.609786
10/14/2009 00:00:00,        85.827508
10/14/2009 01:00:00,       161.754575
10/14/2009 02:00:00,       181.571116
10/14/2009 03:00:00,       195.540427
10/14/2009 04:00:00,       142.006477
10/14/2009 05:00:00,       102.464984
10/14/2009 06:00:00,        83.552624
10/14/2009 07:00:00,        86.081405
10/14/2009 08:00:00,       120.379523
10/14/2009 09:00:00,       141.758193
10/14/2009 10:00:00,       147.241300
10/14/2009 11:00:00,       136.313916
10/14/2009 12:00:00,       133.498162
10/14/2009 13:00:00,       129.683139
10/14/2009 14:00:00,       131.904558
10/14/2009 15:00:00,       133.043595
10/14/2009 16:00:00,       127.383980
10/14/2009 17:00:00,       136.292467
10/14/2009 18:00:00,       235.434466
10/14/2009 19:00:00,       239.389029
10/14/2009 20:00:00,       224.374061
10/14/2009 21:00:00,       246.501958
10/14/2009 22:00:00,       274.742625
10/14/2009 23:00:00,       234.371348
10/15/2009 00:00:00,       262.030493
10/15/2009 01:00:00,       286.753058
10/15/2009 02:00:00,       264.981244
10/15/2009 03:00:00,       250.154240
10/15/2009 04:00:00,       208.189815
10/15/2009 05:00:00,       163.353981
10/15/2009 06:00:00,       138.387373
10/15/2009 07:00:00,       140.707405
10/15/2009 08:00:00,       136.457841
10/15/2009 09:00:00,       156.606944
10/15/2009 10:00:00,       181.631734
10/15/2009 11:00:00,       178.986727
10/15/2009 12:00:00,       168.915788
10/15/2009 13:00:00,       170.073852
10/15/2009 14:00:00,       174.796590
10/15/2009 15:00:00,       156.646745
10/15/2009 16:00:00,       142.760620
10/15/2009 17:00:00,       144.468639
10/15/2009 18:00:00,       157.771760
10/15/2009 19:00:00,       171.813747
10/15/2009 20:00:00,       185.586232
10/15/2009 21:00:00,       180.151300
10/15/2009 22:00:00,       160.877045
10/15/2009 23:00:00,       167.114918
10/16/2009 00:00:00,       109.101093
10/16/2009 01:00:00,        94.652946
10/16/2009 02:00:00,        75.037413
10/16/2009 03:00:00,        88.587274
10/16/2009 04:00:00,        53.262831
10/16/2009 05:00:00,        44.534033
10/16/2009 06:00:00,        36.764125
10/16/2009 07:00:00,        24.235649
10/16/2009 08:00:00,        14.008947
10/16/2009 09:00:00,         7.643104
10/16/2009 10:00:00,         0.819485
10/16/2009 11:00:00,         0.444532
10/16/2009 12:00:00,         0.000000
10/16/2009 13:00:00,         0.000000
10/16/2009 14:00:00,         0.000000
10/16/2009 15:00:00,         0.000000
10/16/2009 16:00:00,         0.000000
10/16/2009 17:00:00,         1.212334
10/16/2009 18:00:00,        11.391159
10/16/2009 19:00:00,        82.462737
10/16/2009 20:00:00,        83.069104
10/16/2009 21:00:00,        88.320260
10/16/2009 22:00:00,        84.747134
10/16/2009 23:00:00,        94.280597
10/17/2009 00:00:00,        98.566858
10/17/2009 01:00:00,       103.524985
10/17/2009 02:00:00,       114.948291
10/17/2009 03:00:00,       116.849716
10/17/2009 04:00:00,       102.066521
10/17/2009 05:00:00,        93.551064
10/17/2009 06:00:00,        84.815945
10/17/2009 07:00:00,        73.515425
10/17/2009 08:00:00,        53.647571
10/17/2009 09:00:00,        37.722535
10/17/2009 10:00:00,        28.572876
10/17/2009 11:00:00,        28.983563
10/17/2009 12:00:00,        27.058621
10/17/2009 13:00:00,        22.294214
10/17/2009 14:00:00,        12.297209
10/17/2009 15:00:00,         0.577244
10/17/2009 16:00:00,         0.000000
10/17/2009 17:00:00,         0.000000
10/17/2009 18:00:00,         0.822067
10/17/2009 19:00:00,         2.133730
10/17/2009 20:00:00,         5.570489
10/17/2009 21:00:00,         3.929874
10/17/2009 22:00:00,         2.442899
10/17/2009 23:00:00,         3.541706
10/18/2009 00:00:00,         8.226224
10/18/2009 01:00:00,         4.576071
10/18/2009 02:00:00,         6.021126
10/18/2009 03:00:00,         5.476828
10/18/2009 04:00:00,         6.355634
10/18/2009 05:00:00,         7.687885
10/18/2009 06:00:00,         7.339775
10/18/2009 07:00:00,         3.088839
10/18/2009 08:00:00,         1.746300
10/18/2009 09:00:00,         8.882084
10/18/2009 10:00:00,        15.999176
10/18/2009 11:00:00,        13.871247
10/18/2009 12:00:00,        14.638312
10/18/2009 13:00:00,        12.493403
10/18/2009 14:00:00,         7.004901
10/18/2009 15:00:00,         8.353359
10/18/2009 16:00:00,         1.458409
10/18/2009 17:00:00,         0.038633
10/18/2009 18:00:00,         5.145285
10/18/2009 19:00:00,         8.619196
10/18/2009 20:00:00,        18.089326
10/18/2009 21:00:00,        11.354257
10/18/2009 22:00:00,         6.919788
10/18/2009 23:00:00,         4.761243
10/19/2009 00:00:00,         6.548505
10/19/2009 01:00:00,        13.105180
10/19/2009 02:00:00,        30.818896
10/19/2009 03:00:00,        30.815662
10/19/2009 04:00:00,        69.723632
10/19/2009 05:00:00,       121.549896
10/19/2009 06:00:00,       203.896169
10/19/2009 07:00:00,       236.078994
10/19/2009 08:00:00,       241.161621
10/19/2009 09:00:00,       155.924335
10/19/2009 10:00:00,        50.984354
10/19/2009 11:00:00,        16.475683
10/19/2009 12:00:00,        17.279724
10/19/2009 13:00:00,         8.089810
10/19/2009 14:00:00,         2.469588
10/19/2009 15:00:00,         0.074440
10/19/2009 16:00:00,         0.104539
10/19/2009 17:00:00,         1.168450
10/19/2009 18:00:00,         6.612443
10/19/2009 19:00:00,         7.175170
10/19/2009 20:00:00,         1.348193
10/19/2009 21:00:00,         0.003024
10/19/2009 22:00:00,         0.000000
10/19/2009 23:00:00,         0.013779
10/20/2009 00:00:00,         0.315996
10/20/2009 01:00:00,         0.389351
10/20/2009 02:00:00,         0.234378
10/20/2009 03:00:00,         0.000000
10/20/2009 04:00:00,         0.176596
10/20/2009 05:00:00,         3.651805
10/20/2009 06:00:00,        37.913402
10/20/2009 07:00:00,        87.342347
10/20/2009 08:00:00,       141.462056
10/20/2009 09:00:00,       219.364260
10/20/2009 10:00:00,       232.678132
10/20/2009 11:00:00,       211.866826
10/20/2009 12:00:00,       172.077631
10/20/2009 13:00:00,       163.889596
10/20/2009 14:00:00,       143.436131
10/20/2009 15:00:00,       122.963930
10/20/2009 16:00:00,        93.452706
10/20/2009 17:00:00,        51.004761
10/20/2009 18:00:00,        29.517728
10/20/2009 19:00:00,        24.144591
10/20/2009 20:00:00,        29.774634
10/20/2009 21:00:00,        82.239470
10/20/2009 22:00:00,       184.639507
10/20/2009 23:00:00,       236.397417
10/21/2009 00:00:00,       296.596570
10/21/2009 01:00:00,       269.220715
10/21/2009 02:00:00,       287.996206
10/21/2009 03:00:00,       277.794982
10/21/2009 04:00:00,       259.904422
10/21/2009 05:00:00,       241.917795
10/21/2009 06:00:00,       200.913429
10/21/2009 07:00:00,       247.690830
10/21/2009 08:00:00,       217.724739
10/21/2009 09:00:00,       221.585179
10/21/2009 10:00:00,       252.180593
10/21/2009 11:00:00,       247.770103
10/21/2009 12:00:00,       246.215033
10/21/2009 13:00:00,       255.173239
10/21/2009 14:00:00,       245.221067
10/21/2009 15:00:00,       207.932974
10/21/2009 16:00:00,       198.712109
10/21/2009 17:00:00,       185.064549
10/21/2009 18:00:00,       164.637142
10/21/2009 19:00:00,       142.586306
10/21/2009 20:00:00,       119.943218
10/21/2009 21:00:00,       116.586670
10/21/2009 22:00:00,       112.523622
10/21/2009 23:00:00,        98.978443
10/22/2009 00:00:00,       104.950909
10/22/2009 01:00:00,       103.281755
10/22/2009 02:00:00,        86.773665
10/22/2009 03:00:00,        46.925991
10/22/2009 04:00:00,        27.448859
10/22/2009 05:00:00,        14.794307
10/22/2009 06:00:00,         9.419029
10/22/2009 07:00:00,         3.322641
10/22/2009 08:00:00,         1.007118
10/22/2009 09:00:00,         0.820925
10/22/2009 10:00:00,         0.555250
10/22/2009 11:00:00,         0.078031
10/22/2009 12:00:00,         0.156822
10/22/2009 13:00:00,         0.231738
10/22/2009 14:00:00,         0.916735
10/22/2009 15:00:00,         9.168445
10/22/2009 16:00:00,        34.618921
10/22/2009 17:00:00,        43.146334
10/22/2009 18:00:00,        57.314748
10/22/2009 19:00:00,        67.384199
10/22/2009 20:00:00,       110.524333
10/22/2009 21:00:00,       133.626341
10/22/2009 22:00:00,        70.516007
10/22/2009 23:00:00,        67.999376
10/23/2009 00:00:00,        92.349846
10/23/2009 01:00:00,       105.961203
10/23/2009 02:00:00,       130.715372
10/23/2009 03:00:00,       138.572344
10/23/2009 04:00:00,       167.890635
10/23/2009 05:00:00,       183.485591
10/23/2009 06:00:00,       228.371464
10/23/2009 07:00:00,       186.191362
10/23/2009 08:00:00,       140.550231
10/23/2009 09:00:00,       128.838342
10/23/2009 10:00:00,       137.589672
10/23/2009 11:00:00,       136.671613
10/23/2009 12:00:00,       144.415343
10/23/2009 13:00:00,       142.228336
10/23/2009 14:00:00,       128.399076
10/23/2009 15:00:00,        86.397354
10/23/2009 16:00:00,        37.086782
10/23/2009 17:00:00,         9.332455
10/23/2009 18:00:00,         4.901362
10/23/2009 19:00:00,         4.486273
10/23/2009 20:00:00,         5.863723
10/23/2009 21:00:00,         2.285570
10/23/2009 22:00:00,         0.726628
10/23/2009 23:00:00,         0.058478
10/24/2009 00:00:00,         0.000000
10/24/2009 01:00:00,         0.018970
10/24/2009 02:00:00,         0.336598
10/24/2009 03:00:00,         2.449159
10/24/2009 04:00:00,        24.829060
10/24/2009 05:00:00,       105.852718
10/24/2009 06:00:00,       161.421724
10/24/2009 07:00:00,       246.994525
10/24/2009 08:00:00,       293.504230
10/24/2009 09:00:00,       317.774296
10/24/2009 10:00:00,       317.728553
10/24/2009 11:00:00,       313.129985
10/24/2009 12:00:00,       290.637937
10/24/2009 13:00:00,       280.617155
10/24/2009 14:00:00,       287.032877
10/24/2009 15:00:00,       296.379802
10/24/2009 16:00:00,       311.604758
10/24/2009 17:00:00,       319.410286
10/24/2009 18:00:00,       319.995631
10/24/2009 19:00:00,       320.000000
10/24/2009 20:00:00,       320.000000
10/24/2009 21:00:00,       320.000000
10/24/2009 22:00:00,       320.000000
10/24/2009 23:00:00,       320.000000
10/25/2009 00:00:00,       320.000000
10/25/2009 01:00:00,       320.000000
10/25/2009 02:00:00,       320.000000
10/25/2009 03:00:00,       319.998371
10/25/2009 04:00:00,       320.000000
10/25/2009 05:00:00,       319.926664
10/25/2009 06:00:00,       317.511475
10/25/2009 07:00:00,       317.988364
10/25/2009 08:00:00,       210.482499
10/25/2009 09:00:00,       190.178823
10/25/2009 10:00:00,       285.382910
10/25/2009 11:00:00,       203.812722
10/25/2009 12:00:00,       142.031970
10/25/2009 13:00:00,       179.718111
10/25/2009 14:00:00,       300.751231
10/25/2009 15:00:00,       312.235832
10/25/2009 16:00:00,       311.667054
10/25/2009 17:00:00,       315.367422
10/25/2009 18:00:00,       317.747242
10/25/2009 19:00:00,       319.995012
10/25/2009 20:00:00,       319.969180
10/25/2009 21:00:00,       320.000000
10/25/2009 22:00:00,       320.000000
10/25/2009 23:00:00,       319.958708
10/26/2009 00:00:00,       319.978253
10/26/2009 01:00:00,       319.922815
10/26/2009 02:00:00,       319.999167
10/26/2009 03:00:00,       319.998959
10/26/2009 04:00:00,       319.999688
10/26/2009 05:00:00,       320.000000
10/26/2009 06:00:00,       320.000000
10/26/2009 07:00:00,       320.000000
10/26/2009 08:00:00,       320.000000
10/26/2009 09:00:00,       320.000000
10/26/2009 10:00:00,       320.000000
10/26/2009 11:00:00,       320.000000
10/26/2009 12:00:00,       320.000000
10/26/2009 13:00:00,       320.000000
10/26/2009 14:00:00,       320.000000
10/26/2009 15:00:00,       319.995599
10/26/2009 16:00:00,       319.963004
10/26/2009 17:00:00,       319.878764
10/26/2009 18:00:00,       319.469965
10/26/2009 19:00:00,       317.815860
10/26/2009 20:00:00,       312.191880
10/26/2009 21:00:00,       305.444029
10/26/2009 22:00:00,       289.971418
10/26/2009 23:00:00,       288.420680
10/27/2009 00:00:00,       293.138334
10/27/2009 01:00:00,       295.350488
10/27/2009 02:00:00,       280.569340
10/27/2009 03:00:00,       224.444268
10/27/2009 04:00:00,       173.404586
10/27/2009 05:00:00,       106.893466
10/27/2009 06:00:00,        62.171466
10/27/2009 07:00:00,        39.921885
10/27/2009 08:00:00,        34.402823
10/27/2009 09:00:00,        37.453761
10/27/2009 10:00:00,        25.345285
10/27/2009 11:00:00,        19.046065
10/27/2009 12:00:00,        13.675251
10/27/2009 13:00:00,         5.552904
10/27/2009 14:00:00,         6.814546
10/27/2009 15:00:00,        14.114692
10/27/2009 16:00:00,        17.534260
10/27/2009 17:00:00,         5.463805
10/27/2009 18:00:00,         2.754297
10/27/2009 19:00:00,         1.158639
10/27/2009 20:00:00,         1.041213
10/27/2009 21:00:00,         1.366083
10/27/2009 22:00:00,         4.891078
10/27/2009 23:00:00,         8.559002
10/28/2009 00:00:00,        10.310532
10/28/2009 01:00:00,        10.272914
10/28/2009 02:00:00,        19.726609
10/28/2009 03:00:00,        32.203004
10/28/2009 04:00:00,        48.001052
10/28/2009 05:00:00,        62.507991
10/28/2009 06:00:00,        58.285141
10/28/2009 07:00:00,        37.171431
10/28/2009 08:00:00,        24.260842
10/28/2009 09:00:00,        69.256715
10/28/2009 10:00:00,        75.455519
10/28/2009 11:00:00,        85.449134
10/28/2009 12:00:00,        92.175288
10/28/2009 13:00:00,        69.247472
10/28/2009 14:00:00,        45.191062
10/28/2009 15:00:00,        41.538126
10/28/2009 16:00:00,        37.701312
10/28/2009 17:00:00,        12.258766
10/28/2009 18:00:00,        15.391381
10/28/2009 19:00:00,        70.837106
10/28/2009 20:00:00,       118.315219
10/28/2009 21:00:00,       112.180925
10/28/2009 22:00:00,        95.104506
10/28/2009 23:00:00,        77.297246
10/29/2009 00:00:00,        62.411539
10/29/2009 01:00:00,        40.201588
10/29/2009 02:00:00,        23.521471
10/29/2009 03:00:00,        12.558993
10/29/2009 04:00:00,         6.387488
10/29/2009 05:00:00,         3.330633
10/29/2009 06:00:00,         3.214545
10/29/2009 07:00:00,         3.529818
10/29/2009 08:00:00,         2.036614
10/29/2009 09:00:00,         0.971755
10/29/2009 10:00:00,         0.099357
10/29/2009 11:00:00,         0.000000
10/29/2009 12:00:00,         0.000000
10/29/2009 13:00:00,         0.000000
10/29/2009 14:00:00,         0.013564
10/29/2009 15:00:00,         0.000000
10/29/2009 16:00:00,         0.000000
10/29/2009 17:00:00,         0.000000
10/29/2009 18:00:00,         0.000000
10/29/2009 19:00:00,         0.005358
10/29/2009 20:00:00,         0.901978
10/29/2009 21:00:00,         1.618671
10/29/2009 22:00:00,         2.306665
10/29/2009 23:00:00,        12.209892
10/30/2009 00:00:00,        27.271180
10/30/2009 01:00:00,        35.483165
10/30/2009 02:00:00,        54.036223
10/30/2009 03:00:00,        89.873774
10/30/2009 04:00:00,        89.457528
10/30/2009 05:00:00,        79.544639
10/30/2009 06:00:00,        82.721664
10/30/2009 07:00:00,        93.555277
10/30/2009 08:00:00,        90.263178
10/30/2009 09:00:00,        72.283371
10/30/2009 10:00:00,        51.394746
10/30/2009 11:00:00,        20.633328
10/30/2009 12:00:00,        33.480732
10/30/2009 13:00:00,        35.306747
10/30/2009 14:00:00,        18.198538
10/30/2009 15:00:00,        22.915948
10/30/2009 16:00:00,        23.470154
10/30/2009 17:00:00,        15.404041
10/30/2009 18:00:00,        13.643947
10/30/2009 19:00:00,        15.438785
10/30/2009 20:00:00,        30.764545
10/30/2009 21:00:00,        87.077136
10/30/2009 22:00:00,       193.063328
10/30/2009 23:00:00,       286.666086
10/31/2009 00:00:00,       316.924088
10/31/2009 01:00:00,       319.229806
10/31/2009 02:00:00,       319.614725
10/31/2009 03:00:00,       319.786802
10/31/2009 04:00:00,       319.760180
10/31/2009 05:00:00,       319.960127
10/31/2009 06:00:00,       319.850372
10/31/2009 07:00:00,       319.512972
10/31/2009 08:00:00,       319.817747
10/31/2009 09:00:00,       319.887212
10/31/2009 10:00:00,       319.969891
10/31/2009 11:00:00,       319.976212
10/31/2009 12:00:00,       319.953342
10/31/2009 13:00:00,       319.995819
10/31/2009 14:00:00,       319.976077
10/31/2009 15:00:00,       318.734273
10/31/2009 16:00:00,       316.337547
10/31/2009 17:00:00,       313.038898
10/31/2009 18:00:00,       318.060520
10/31/2009 19:00:00,       319.449832
10/31/2009 20:00:00,       319.689222
10/31/2009 21:00:00,       318.728520
10/31/2009 22:00:00,       314.976864
10/31/2009 23:00:00,       318.675346
11/01/2009 00:00:00,       318.644820
11/01/2009 01:00:00,       320.000000
11/01/2009 02:00:00,       320.000000
11/01/2009 03:00:00,       319.999120
11/01/2009 04:00:00,       319.373827
11/01/2009 05:00:00,       319.958707
11/01/2009 06:00:00,       320.000000
11/01/2009 07:00:00,       319.998613
11/01/2009 08:00:00,       320.000000
11/01/2009 09:00:00,       319.996234
11/01/2009 10:00:00,       319.998876
11/01/2009 11:00:00,       319.773225
11/01/2009 12:00:00,       319.454495
11/01/2009 13:00:00,       317.525397
11/01/2009 14:00:00,       319.993222
11/01/2009 15:00:00,       319.961043
11/01/2009 16:00:00,       319.983882
11/01/2009 17:00:00,       319.704850
11/01/2009 18:00:00,       319.931624
11/01/2009 19:00:00,       318.957494
11/01/2009 20:00:00,       312.510538
11/01/2009 21:00:00,       314.530743
11/01/2009 22:00:00,       244.884950
11/01/2009 23:00:00,       315.486622
11/02/2009 00:00:00,       310.947140
11/02/2009 01:00:00,       307.546681
11/02/2009 02:00:00,       222.145885
11/02/2009 03:00:00,       245.900661
11/02/2009 04:00:00,       274.868665
11/02/2009 05:00:00,       210.409366
11/02/2009 06:00:00,       120.355270
11/02/2009 07:00:00,        74.793541
11/02/2009 08:00:00,        59.054810
11/02/2009 09:00:00,        50.116674
11/02/2009 10:00:00,        32.648496
11/02/2009 11:00:00,        27.572476
11/02/2009 12:00:00,        30.338223
11/02/2009 13:00:00,        18.978019
11/02/2009 14:00:00,         6.340556
11/02/2009 15:00:00,         2.033959
11/02/2009 16:00:00,         2.096754
11/02/2009 17:00:00,         0.894519
11/02/2009 18:00:00,         1.993079
11/02/2009 19:00:00,        12.700069
11/02/2009 20:00:00,        11.649644
11/02/2009 21:00:00,         9.230309
11/02/2009 22:00:00,        33.496531
11/02/2009 23:00:00,        71.797183
11/03/2009 00:00:00,       143.196174
11/03/2009 01:00:00,       193.152471
11/03/2009 02:00:00,       243.206132
11/03/2009 03:00:00,       277.762216
11/03/2009 04:00:00,       310.274873
11/03/2009 05:00:00,       317.611563
11/03/2009 06:00:00,       319.189271
11/03/2009 07:00:00,       271.619640
11/03/2009 08:00:00,       239.976872
11/03/2009 09:00:00,       271.921645
11/03/2009 10:00:00,       255.726720
11/03/2009 11:00:00,       318.255441
11/03/2009 12:00:00,       315.935534
11/03/2009 13:00:00,       315.358478
11/03/2009 14:00:00,       311.908475
11/03/2009 15:00:00,       298.185147
11/03/2009 16:00:00,       266.382692
11/03/2009 17:00:00,       221.100471
11/03/2009 18:00:00,       150.996084
11/03/2009 19:00:00,        97.754409
11/03/2009 20:00:00,        56.912093
11/03/2009 21:00:00,        50.881939
11/03/2009 22:00:00,        31.263361
11/03/2009 23:00:00,         9.304386
11/04/2009 00:00:00,         2.620350
11/04/2009 01:00:00,         1.107385
11/04/2009 02:00:00,         9.575864
11/04/2009 03:00:00,        47.695757
11/04/2009 04:00:00,       161.670927
11/04/2009 05:00:00,       217.687070
11/04/2009 06:00:00,       231.625045
11/04/2009 07:00:00,       229.574903
11/04/2009 08:00:00,       248.543017
11/04/2009 09:00:00,       274.206940
11/04/2009 10:00:00,       297.896315
11/04/2009 11:00:00,       302.234488
11/04/2009 12:00:00,       309.306171
11/04/2009 13:00:00,       304.589960
11/04/2009 14:00:00,       316.509625
11/04/2009 15:00:00,       312.124892
11/04/2009 16:00:00,       280.262352
11/04/2009 17:00:00,       305.446175
11/04/2009 18:00:00,       309.360592
11/04/2009 19:00:00,       313.729897
11/04/2009 20:00:00,       312.913282
11/04/2009 21:00:00,       303.487356
11/04/2009 22:00:00,       272.034253
11/04/2009 23:00:00,       286.745059
11/05/2009 00:00:00,       305.084490
11/05/2009 01:00:00,       309.735048
11/05/2009 02:00:00,       309.143960
11/05/2009 03:00:00,       275.217806
11/05/2009 04:00:00,       231.926952
11/05/2009 05:00:00,       197.041174
11/05/2009 06:00:00,       152.609596
11/05/2009 07:00:00,       158.036609
11/05/2009 08:00:00,       190.193067
11/05/2009 09:00:00,       114.954093
11/05/2009 10:00:00,        69.330935
11/05/2009 11:00:00,        57.376384
11/05/2009 12:00:00,        47.029966
11/05/2009 13:00:00,        28.686157
11/05/2009 14:00:00,         7.475884
11/05/2009 15:00:00,         0.626533
11/05/2009 16:00:00,         0.011949
11/05/2009 17:00:00,         0.000000
11/05/2009 18:00:00,         0.196262
11/05/2009 19:00:00,         0.296813
11/05/2009 20:00:00,         0.276670
11/05/2009 21:00:00,         0.245945
11/05/2009 22:00:00,         1.906544
11/05/2009 23:00:00,        15.980949
11/06/2009 00:00:00,        22.977401
11/06/2009 01:00:00,        28.215750
11/06/2009 02:00:00,        25.224034
11/06/2009 03:00:00,        68.324862
11/06/2009 04:00:00,        85.403959
11/06/2009 05:00:00,       109.507990
11/06/2009 06:00:00,       119.342816
11/06/2009 07:00:00,       132.340967
11/06/2009 08:00:00,        77.869644
11/06/2009 09:00:00,         6.811012
11/06/2009 10:00:00,         1.084331
11/06/2009 11:00:00,         0.905091
11/06/2009 12:00:00,         3.344709
11/06/2009 13:00:00,        11.658435
11/06/2009 14:00:00,       121.198009
11/06/2009 15:00:00,       244.416113
11/06/2009 16:00:00,       159.230986
11/06/2009 17:00:00,       127.537120
11/06/2009 18:00:00,        91.541594
11/06/2009 19:00:00,       123.843956
11/06/2009 20:00:00,       109.546807
11/06/2009 21:00:00,       134.503784
11/06/2009 22:00:00,       194.313997
11/06/2009 23:00:00,       221.365828
11/07/2009 00:00:00,       236.870424
11/07/2009 01:00:00,       240.534352
11/07/2009 02:00:00,       216.838616
11/07/2009 03:00:00,       211.678916
11/07/2009 04:00:00,       200.856400
11/07/2009 05:00:00,       201.297451
11/07/2009 06:00:00,       172.467165
11/07/2009 07:00:00,       140.218040
11/07/2009 08:00:00,       122.009812
11/07/2009 09:00:00,        98.173368
11/07/2009 10:00:00,        81.699178
11/07/2009 11:00:00,        61.638606
11/07/2009 12:00:00,        32.819172
11/07/2009 13:00:00,        16.313961
11/07/2009 14:00:00,         5.093695
11/07/2009 15:00:00,         0.746241
11/07/2009 16:00:00,         0.000000
11/07/2009 17:00:00,         0.000000
11/07/2009 18:00:00,         0.000000
11/07/2009 19:00:00,         0.000000
11/07/2009 20:00:00,         0.000000
11/07/2009 21:00:00,         3.331123
11/07/2009 22:00:00,        35.550968
11/07/2009 23:00:00,        81.157747
11/08/2009 00:00:00,       155.492096
11/08/2009 01:00:00,       235.060174
11/08/2009 02:00:00,       282.260804
11/08/2009 03:00:00,       307.502318
11/08/2009 04:00:00,       302.013255
11/08/2009 05:00:00,       306.092911
11/08/2009 06:00:00,       293.547205
11/08/2009 07:00:00,       291.178320
11/08/2009 08:00:00,       288.577202
11/08/2009 09:00:00,       306.936298
11/08/2009 10:00:00,       311.364638
11/08/2009 11:00:00,       311.645028
11/08/2009 12:00:00,       311.354619
11/08/2009 13:00:00,       313.241570
11/08/2009 14:00:00,       318.661294
11/08/2009 15:00:00,       318.135882
11/08/2009 16:00:00,       316.437790
11/08/2009 17:00:00,       315.951798
11/08/2009 18:00:00,       319.167216
11/08/2009 19:00:00,       319.788412
11/08/2009 20:00:00,       319.963104
11/08/2009 21:00:00,       319.998016
11/08/2009 22:00:00,       320.000000
11/08/2009 23:00:00,       320.000000
11/09/2009 00:00:00,       319.999696
11/09/2009 01:00:00,       319.999925
11/09/2009 02:00:00,       320.000000
11/09/2009 03:00:00,       319.999639
11/09/2009 04:00:00,       319.996892
11/09/2009 05:00:00,       319.999500
11/09/2009 06:00:00,       320.000000
11/09/2009 07:00:00,       319.997022
11/09/2009 08:00:00,       319.892900
11/09/2009 09:00:00,       319.879296
11/09/2009 10:00:00,       319.938161
11/09/2009 11:00:00,       319.844103
11/09/2009 12:00:00,       319.572362
11/09/2009 13:00:00,       319.235521
11/09/2009 14:00:00,       317.121731
11/09/2009 15:00:00,       312.157977
11/09/2009 16:00:00,       271.994557
11/09/2009 17:00:00,       178.533370
11/09/2009 18:00:00,        55.325875
11/09/2009 19:00:00,        19.556383
11/09/2009 20:00:00,         4.794943
11/09/2009 21:00:00,         0.000000
11/09/2009 22:00:00,         0.000000
11/09/2009 23:00:00,         0.405171
11/10/2009 00:00:00,        35.562734
11/10/2009 01:00:00,       109.390234
11/10/2009 02:00:00,       253.708483
11/10/2009 03:00:00,       283.871361
11/10/2009 04:00:00,       130.702024
11/10/2009 05:00:00,        67.671790
11/10/2009 06:00:00,        66.200012
11/10/2009 07:00:00,       111.662527
11/10/2009 08:00:00,       256.837158
11/10/2009 09:00:00,       253.212068
11/10/2009 10:00:00,       173.585460
11/10/2009 11:00:00,       117.099602
11/10/2009 12:00:00,        63.162108
11/10/2009 13:00:00,        89.012792
11/10/2009 14:00:00,       107.427012
11/10/2009 15:00:00,       148.912924
11/10/2009 16:00:00,       159.791054
11/10/2009 17:00:00,       127.025094
11/10/2009 18:00:00,       114.223656
11/10/2009 19:00:00,       146.327759
11/10/2009 20:00:00,       161.640366
11/10/2009 21:00:00,       207.414194
11/10/2009 22:00:00,       288.852343
11/10/2009 23:00:00,       308.528607
11/11/2009 00:00:00,       317.514543
11/11/2009 01:00:00,       304.819597
11/11/2009 02:00:00,       306.372507
11/11/2009 03:00:00,       287.851914
11/11/2009 04:00:00,       278.971657
11/11/2009 05:00:00,       291.727995
11/11/2009 06:00:00,       253.250842
11/11/2009 07:00:00,       214.943466
11/11/2009 08:00:00,       184.694832
11/11/2009 09:00:00,       142.847655
11/11/2009 10:00:00,       107.986949
11/11/2009 11:00:00,        59.928305
11/11/2009 12:00:00,        38.705223
11/11/2009 13:00:00,        44.639983
11/11/2009 14:00:00,        59.623837
11/11/2009 15:00:00,        76.535636
11/11/2009 16:00:00,       102.684532
11/11/2009 17:00:00,       141.451761
11/11/2009 18:00:00,       144.603197
11/11/2009 19:00:00,       134.984698
11/11/2009 20:00:00,       148.298923
11/11/2009 21:00:00,       166.042626
11/11/2009 22:00:00,       241.181483
11/11/2009 23:00:00,       284.770519
11/12/2009 00:00:00,       300.693930
11/12/2009 01:00:00,       312.661107
11/12/2009 02:00:00,       314.564878
11/12/2009 03:00:00,       315.087861
11/12/2009 04:00:00,       310.205005
11/12/2009 05:00:00,       306.679608
11/12/2009 06:00:00,       312.438246
11/12/2009 07:00:00,       316.729164
11/12/2009 08:00:00,       318.505155
11/12/2009 09:00:00,       314.045699
11/12/2009 10:00:00,       313.695614
11/12/2009 11:00:00,       305.263594
11/12/2009 12:00:00,       303.970332
11/12/2009 13:00:00,       308.958752
11/12/2009 14:00:00,       296.420452
11/12/2009 15:00:00,       270.277736
11/12/2009 16:00:00,       233.221323
11/12/2009 17:00:00,       187.947468
11/12/2009 18:00:00,       172.562222
11/12/2009 19:00:00,       247.054612
11/12/2009 20:00:00,       269.885980
11/12/2009 21:00:00,       277.888987
11/12/2009 22:00:00,       256.444238
11/12/2009 23:00:00,       230.607372
11/13/2009 00:00:00,       212.530461
11/13/2009 01:00:00,       224.780704
11/13/2009 02:00:00,       243.354804
11/13/2009 03:00:00,       204.891126
11/13/2009 04:00:00,       183.188430
11/13/2009 05:00:00,       180.756893
11/13/2009 06:00:00,       143.757658
11/13/2009 07:00:00,       114.713448
11/13/2009 08:00:00,        71.193753
11/13/2009 09:00:00,        42.536822
11/13/2009 10:00:00,        16.796943
11/13/2009 11:00:00,        14.626284
11/13/2009 12:00:00,        10.412775
11/13/2009 13:00:00,         6.683571
11/13/2009 14:00:00,         9.043262
11/13/2009 15:00:00,         8.706359
11/13/2009 16:00:00,        41.503573
11/13/2009 17:00:00,        44.825543
11/13/2009 18:00:00,         4.168042
11/13/2009 19:00:00,         3.988108
11/13/2009 20:00:00,         2.567766
11/13/2009 21:00:00,         3.697591
11/13/2009 22:00:00,        15.079393
11/13/2009 23:00:00,        56.450755
11/14/2009 00:00:00,       154.938007
11/14/2009 01:00:00,       237.419144
11/14/2009 02:00:00,       256.565084
11/14/2009 03:00:00,       296.756416
11/14/2009 04:00:00,       313.747803
11/14/2009 05:00:00,       318.968804
11/14/2009 06:00:00,       318.292406
11/14/2009 07:00:00,       318.995963
11/14/2009 08:00:00,       318.724740
11/14/2009 09:00:00,       317.297806
11/14/2009 10:00:00,       313.904030
11/14/2009 11:00:00,       309.281429
11/14/2009 12:00:00,       259.824714
11/14/2009 13:00:00,       235.912102
11/14/2009 14:00:00,       248.204844
11/14/2009 15:00:00,       221.144346
11/14/2009 16:00:00,       196.615631
11/14/2009 17:00:00,       183.364779
11/14/2009 18:00:00,       184.098089
11/14/2009 19:00:00,       185.534637
11/14/2009 20:00:00,       201.321769
11/14/2009 21:00:00,       221.445517
11/14/2009 22:00:00,       183.035877
11/14/2009 23:00:00,       162.340670
11/15/2009 00:00:00,       120.482042
11/15/2009 01:00:00,       176.562284
11/15/2009 02:00:00,       235.965011
11/15/2009 03:00:00,       244.201291
11/15/2009 04:00:00,       233.275061
11/15/2009 05:00:00,       209.687911
11/15/2009 06:00:00,       208.749662
11/15/2009 07:00:00,       205.445274
11/15/2009 08:00:00,       219.661016
11/15/2009 09:00:00,       231.904424
11/15/2009 10:00:00,       172.405978
11/15/2009 11:00:00,       222.157791
11/15/2009 12:00:00,       249.646792
11/15/2009 13:00:00,       261.934789
11/15/2009 14:00:00,       297.746018
11/15/2009 15:00:00,       298.052610
11/15/2009 16:00:00,       278.063726
11/15/2009 17:00:00,       250.142011
11/15/2009 18:00:00,       196.741062
11/15/2009 19:00:00,       129.207684
11/15/2009 20:00:00,        72.811682
11/15/2009 21:00:00,        52.254643
11/15/2009 22:00:00,        45.906940
11/15/2009 23:00:00,        52.963161
11/16/2009 00:00:00,        54.451298
11/16/2009 01:00:00,        51.950098
11/16/2009 02:00:00,       152.845099
11/16/2009 03:00:00,        95.918753
11/16/2009 04:00:00,       136.028924
11/16/2009 05:00:00,       206.172110
11/16/2009 06:00:00,       315.908991
11/16/2009 07:00:00,       317.771796
11/16/2009 08:00:00,       319.951751
11/16/2009 09:00:00,       318.002042
11/16/2009 10:00:00,       319.294966
11/16/2009 11:00:00,       319.918946
11/16/2009 12:00:00,       319.721523
11/16/2009 13:00:00,       319.959865
11/16/2009 14:00:00,       319.980756
11/16/2009 15:00:00,       320.000000
11/16/2009 16:00:00,       319.993475
11/16/2009 17:00:00,       319.999921
11/16/2009 18:00:00,       320.000000
11/16/2009 19:00:00,       320.000000
11/16/2009 20:00:00,       320.000000
11/16/2009 21:00:00,       320.000000
11/16/2009 22:00:00,       320.000000
11/16/2009 23:00:00,       319.991467
11/17/2009 00:00:00,       319.871981
11/17/2009 01:00:00,       319.995029
11/17/2009 02:00:00,       320.000000
11/17/2009 03:00:00,       320.000000
11/17/2009 04:00:00,       319.872957
11/17/2009 05:00:00,       315.397175
11/17/2009 06:00:00,       296.225569
11/17/2009 07:00:00,       269.831652
11/17/2009 08:00:00,       234.816547
11/17/2009 09:00:00,       190.697902
11/17/2009 10:00:00,       153.344341
11/17/2009 11:00:00,       125.353768
11/17/2009 12:00:00,       111.547177
11/17/2009 13:00:00,       101.259553
11/17/2009 14:00:00,        97.748779
11/17/2009 15:00:00,        74.117204
11/17/2009 16:00:00,        45.471112
11/17/2009 17:00:00,        31.411673
11/17/2009 18:00:00,        28.419287
11/17/2009 19:00:00,        35.448784
11/17/2009 20:00:00,        41.465926
11/17/2009 21:00:00,        42.015036
11/17/2009 22:00:00,        56.472296
11/17/2009 23:00:00,        61.523553
11/18/2009 00:00:00,        50.188905
11/18/2009 01:00:00,        37.926715
11/18/2009 02:00:00,        33.560942
11/18/2009 03:00:00,        16.835155
11/18/2009 04:00:00,        20.993492
11/18/2009 05:00:00,        35.265890
11/18/2009 06:00:00,        33.418285
11/18/2009 07:00:00,       164.103333
11/18/2009 08:00:00,       180.615531
11/18/2009 09:00:00,       233.605788
11/18/2009 10:00:00,       272.244669
11/18/2009 11:00:00,       302.922716
11/18/2009 12:00:00,       305.633969
11/18/2009 13:00:00,       311.756308
11/18/2009 14:00:00,       314.138481
11/18/2009 15:00:00,       312.155320
11/18/2009 16:00:00,       304.588585
11/18/2009 17:00:00,       297.376230
11/18/2009 18:00:00,       298.812774
11/18/2009 19:00:00,       307.548615
11/18/2009 20:00:00,       315.477740
11/18/2009 21:00:00,       317.261808
11/18/2009 22:00:00,       318.723519
11/18/2009 23:00:00,       319.486068
11/19/2009 00:00:00,       319.698140
11/19/2009 01:00:00,       319.761054
11/19/2009 02:00:00,       319.694209
11/19/2009 03:00:00,       319.590406
11/19/2009 04:00:00,       319.280492
11/19/2009 05:00:00,       318.625455
11/19/2009 06:00:00,       317.321152
11/19/2009 07:00:00,       314.994562
11/19/2009 08:00:00,       302.039287
11/19/2009 09:00:00,       286.625399
11/19/2009 10:00:00,       285.776661
11/19/2009 11:00:00,       279.022315
11/19/2009 12:00:00,       281.167453
11/19/2009 13:00:00,       294.319314
11/19/2009 14:00:00,       279.858722
11/19/2009 15:00:00,       245.121787
11/19/2009 16:00:00,       183.731380
11/19/2009 17:00:00,        90.743936
11/19/2009 18:00:00,        74.083464
11/19/2009 19:00:00,        72.007459
11/19/2009 20:00:00,        46.255961
11/19/2009 21:00:00,        26.230005
11/19/2009 22:00:00,        30.536455
11/19/2009 23:00:00,        45.256786
11/20/2009 00:00:00,        38.767244
11/20/2009 01:00:00,        59.571126
11/20/2009 02:00:00,        67.276299
11/20/2009 03:00:00,        76.874651
11/20/2009 04:00:00,        65.592394
11/20/2009 05:00:00,        75.273805
11/20/2009 06:00:00,        78.832974
11/20/2009 07:00:00,        99.080257
11/20/2009 08:00:00,        90.107227
11/20/2009 09:00:00,        94.511126
11/20/2009 10:00:00,        90.619983
11/20/2009 11:00:00,       115.184223
11/20/2009 12:00:00,       137.924431
11/20/2009 13:00:00,       171.808562
11/20/2009 14:00:00,       227.139973
11/20/2009 15:00:00,       244.582139
11/20/2009 16:00:00,       238.710600
11/20/2009 17:00:00,       209.713340
11/20/2009 18:00:00,       117.774208
11/20/2009 19:00:00,       141.961785
11/20/2009 20:00:00,       115.273649
11/20/2009 21:00:00,       101.008447
11/20/2009 22:00:00,       107.480326
11/20/2009 23:00:00,       174.706699
11/21/2009 00:00:00,        65.978293
11/21/2009 01:00:00,         0.399672
11/21/2009 02:00:00,         2.397889
11/21/2009 03:00:00,         7.095668
11/21/2009 04:00:00,         7.936355
11/21/2009 05:00:00,        13.610543
11/21/2009 06:00:00,        33.344560
11/21/2009 07:00:00,        70.195521
11/21/2009 08:00:00,       156.978456
11/21/2009 09:00:00,       124.135488
11/21/2009 10:00:00,        86.925848
11/21/2009 11:00:00,       146.961692
11/21/2009 12:00:00,       201.087580
11/21/2009 13:00:00,       274.071066
11/21/2009 14:00:00,       258.870754
11/21/2009 15:00:00,       296.754937
11/21/2009 16:00:00,       299.601253
11/21/2009 17:00:00,       305.426322
11/21/2009 18:00:00,       306.711723
11/21/2009 19:00:00,       315.463245
11/21/2009 20:00:00,       317.379895
11/21/2009 21:00:00,       316.948072
11/21/2009 22:00:00,       316.131907
11/21/2009 23:00:00,       316.364559
11/22/2009 00:00:00,       318.154703
11/22/2009 01:00:00,       318.283301
11/22/2009 02:00:00,       316.226974
11/22/2009 03:00:00,       308.947663
11/22/2009 04:00:00,       289.078993
11/22/2009 05:00:00,       258.540599
11/22/2009 06:00:00,       190.640177
11/22/2009 07:00:00,       148.107459
11/22/2009 08:00:00,       131.452420
11/22/2009 09:00:00,       109.919013
11/22/2009 10:00:00,        89.464810
11/22/2009 11:00:00,        63.812802
11/22/2009 12:00:00,        35.817298
11/22/2009 13:00:00,        27.090767
11/22/2009 14:00:00,        17.359308
11/22/2009 15:00:00,        14.973247
11/22/2009 16:00:00,        10.132969
11/22/2009 17:00:00,         1.304331
11/22/2009 18:00:00,         0.925981
11/22/2009 19:00:00,         0.285503
11/22/2009 20:00:00,         0.035652
11/22/2009 21:00:00,         0.000000
11/22/2009 22:00:00,         0.000000
11/22/2009 23:00:00,         0.000000
11/23/2009 00:00:00,         0.000000
11/23/2009 01:00:00,         0.000000
11/23/2009 02:00:00,         0.051146
11/23/2009 03:00:00,         1.821284
11/23/2009 04:00:00,        41.360094
11/23/2009 05:00:00,        76.877183
11/23/2009 06:00:00,       142.117336
11/23/2009 07:00:00,       219.080267
11/23/2009 08:00:00,       273.849183
11/23/2009 09:00:00,       285.606578
11/23/2009 10:00:00,       281.241359
11/23/2009 11:00:00,       257.364916
11/23/2009 12:00:00,       235.344314
11/23/2009 13:00:00,       209.743643
11/23/2009 14:00:00,       208.137138
11/23/2009 15:00:00,       203.695643
11/23/2009 16:00:00,       188.429389
11/23/2009 17:00:00,       126.415953
11/23/2009 18:00:00,        69.861009
11/23/2009 19:00:00,        38.441861
11/23/2009 20:00:00,        22.488310
11/23/2009 21:00:00,        15.985578
11/23/2009 22:00:00,        24.746576
11/23/2009 23:00:00,        44.130835
11/24/2009 00:00:00,        99.563175
11/24/2009 01:00:00,       142.999397
11/24/2009 02:00:00,       196.838387
11/24/2009 03:00:00,       210.280992
11/24/2009 04:00:00,       201.130957
11/24/2009 05:00:00,       174.217391
11/24/2009 06:00:00,       155.593625
11/24/2009 07:00:00,       128.414380
11/24/2009 08:00:00,       129.811058
11/24/2009 09:00:00,        81.857417
11/24/2009 10:00:00,       109.555970
11/24/2009 11:00:00,        88.677055
11/24/2009 12:00:00,        85.288639
11/24/2009 13:00:00,        67.846920
11/24/2009 14:00:00,        62.502560
11/24/2009 15:00:00,        45.227140
11/24/2009 16:00:00,        34.196529
11/24/2009 17:00:00,        17.644838
11/24/2009 18:00:00,         9.250931
11/24/2009 19:00:00,         1.068288
11/24/2009 20:00:00,         0.496541
11/24/2009 21:00:00,         1.021419
11/24/2009 22:00:00,         0.532049
11/24/2009 23:00:00,         0.478030
11/25/2009 00:00:00,         3.720728
11/25/2009 01:00:00,         3.675878
11/25/2009 02:00:00,         1.937711
11/25/2009 03:00:00,         4.960295
11/25/2009 04:00:00,        16.345117
11/25/2009 05:00:00,        43.053841
11/25/2009 06:00:00,        55.810437
11/25/2009 07:00:00,        63.321284
11/25/2009 08:00:00,        75.807759
11/25/2009 09:00:00,        46.435132
11/25/2009 10:00:00,        41.786294
11/25/2009 11:00:00,        18.507921
11/25/2009 12:00:00,         0.000000
11/25/2009 13:00:00,         0.000000
11/25/2009 14:00:00,         0.000000
11/25/2009 15:00:00,         0.000000
11/25/2009 16:00:00,         0.000000
11/25/2009 17:00:00,         0.545078
11/25/2009 18:00:00,         9.964903
11/25/2009 19:00:00,        16.610884
11/25/2009 20:00:00,        23.138426
11/25/2009 21:00:00,        18.854534
11/25/2009 22:00:00,        15.707777
11/25/2009 23:00:00,        15.067501
11/26/2009 00:00:00,        13.562318
11/26/2009 01:00:00,        15.030364
11/26/2009 02:00:00,        22.003232
11/26/2009 03:00:00,        23.385814
11/26/2009 04:00:00,        21.531900
11/26/2009 05:00:00,        35.711450
11/26/2009 06:00:00,        21.976752
11/26/2009 07:00:00,        10.478080
11/26/2009 08:00:00,         8.370591
11/26/2009 09:00:00,         9.957496
11/26/2009 10:00:00,        12.824479
11/26/2009 11:00:00,        71.791501
11/26/2009 12:00:00,       231.205891
11/26/2009 13:00:00,       134.806388
11/26/2009 14:00:00,       186.813873
11/26/2009 15:00:00,       134.174217
11/26/2009 16:00:00,        82.377192
11/26/2009 17:00:00,        65.473736
11/26/2009 18:00:00,        38.977139
11/26/2009 19:00:00,        16.671396
11/26/2009 20:00:00,         3.362666
11/26/2009 21:00:00,         0.116122
11/26/2009 22:00:00,         0.116453
11/26/2009 23:00:00,         0.000000
11/27/2009 00:00:00,         0.151585
11/27/2009 01:00:00,         8.552576
11/27/2009 02:00:00,         7.976650
11/27/2009 03:00:00,         5.058357
11/27/2009 04:00:00,        12.431380
11/27/2009 05:00:00,        38.244381
11/27/2009 06:00:00,        75.916015
11/27/2009 07:00:00,       101.009623
11/27/2009 08:00:00,        73.914643
11/27/2009 09:00:00,        57.754552
11/27/2009 10:00:00,        29.086249
11/27/2009 11:00:00,        19.425664
11/27/2009 12:00:00,        29.254046
11/27/2009 13:00:00,        35.061555
11/27/2009 14:00:00,        19.270911
11/27/2009 15:00:00,        64.423178
11/27/2009 16:00:00,        73.958251
11/27/2009 17:00:00,        87.010711
11/27/2009 18:00:00,       117.840959
11/27/2009 19:00:00,       141.119915
11/27/2009 20:00:00,       313.167056
11/27/2009 21:00:00,       318.891541
11/27/2009 22:00:00,       302.864539
11/27/2009 23:00:00,       287.887289
11/28/2009 00:00:00,       287.940447
11/28/2009 01:00:00,       303.868182
11/28/2009 02:00:00,       319.840901
11/28/2009 03:00:00,       319.906872
11/28/2009 04:00:00,       319.947385
11/28/2009 05:00:00,       319.957149
11/28/2009 06:00:00,       319.995077
11/28/2009 07:00:00,       319.997910
11/28/2009 08:00:00,       320.000000
11/28/2009 09:00:00,       320.000000
11/28/2009 10:00:00,       319.997939
11/28/2009 11:00:00,       319.996420
11/28/2009 12:00:00,       319.951913
11/28/2009 13:00:00,       317.472341
11/28/2009 14:00:00,       316.669340
11/28/2009 15:00:00,       304.277856
11/28/2009 16:00:00,       266.153322
11/28/2009 17:00:00,       171.829286
11/28/2009 18:00:00,       184.544594
11/28/2009 19:00:00,       185.408545
11/28/2009 20:00:00,       166.288245
11/28/2009 21:00:00,       192.446046
11/28/2009 22:00:00,       186.335858
11/28/2009 23:00:00,       189.522076
11/29/2009 00:00:00,       158.889153
11/29/2009 01:00:00,       159.459763
11/29/2009 02:00:00,       159.886546
11/29/2009 03:00:00,       239.992805
11/29/2009 04:00:00,       320.000000
11/29/2009 05:00:00,       320.000000
11/29/2009 06:00:00,       320.000000
11/29/2009 07:00:00,       320.000000
11/29/2009 08:00:00,       320.000000
11/29/2009 09:00:00,       320.000000
11/29/2009 10:00:00,       320.000000
11/29/2009 11:00:00,       319.999098
11/29/2009 12:00:00,       319.999599
11/29/2009 13:00:00,       319.998559
11/29/2009 14:00:00,       319.998320
11/29/2009 15:00:00,       319.984148
11/29/2009 16:00:00,       319.991305
11/29/2009 17:00:00,       319.994776
11/29/2009 18:00:00,       319.999385
11/29/2009 19:00:00,       319.992273
11/29/2009 20:00:00,       319.994580
11/29/2009 21:00:00,       319.971394
11/29/2009 22:00:00,       319.707772
11/29/2009 23:00:00,       319.794854
11/30/2009 00:00:00,       319.724370
11/30/2009 01:00:00,       319.757934
11/30/2009 02:00:00,       319.693380
11/30/2009 03:00:00,       318.169300
11/30/2009 04:00:00,       310.646790
11/30/2009 05:00:00,       284.277785
11/30/2009 06:00:00,       233.571695
11/30/2009 07:00:00,       169.525409
11/30/2009 08:00:00,       117.108501
11/30/2009 09:00:00,        79.046998
11/30/2009 10:00:00,        78.224019
11/30/2009 11:00:00,        79.838693
11/30/2009 12:00:00,        56.374135
11/30/2009 13:00:00,        46.417388
11/30/2009 14:00:00,        26.348978
11/30/2009 15:00:00,        14.616999
11/30/2009 16:00:00,         9.710666
11/30/2009 17:00:00,         1.652328
11/30/2009 18:00:00,         0.110981
11/30/2009 19:00:00,         0.000000
11/30/2009 20:00:00,         0.000000
11/30/2009 21:00:00,         0.000000
11/30/2009 22:00:00,         0.785818
11/30/2009 23:00:00,         1.744324
12/01/2009 00:00:00,         4.876011
12/01/2009 01:00:00,        25.689875
12/01/2009 02:00:00,        20.125816
12/01/2009 03:00:00,        72.939701
12/01/2009 04:00:00,        91.761735
12/01/2009 05:00:00,        90.117006
12/01/2009 06:00:00,        76.666382
12/01/2009 07:00:00,        73.574216
12/01/2009 08:00:00,        78.705912
12/01/2009 09:00:00,        66.426482
12/01/2009 10:00:00,        55.993274
12/01/2009 11:00:00,        59.119167
12/01/2009 12:00:00,        51.480500
12/01/2009 13:00:00,        52.785134
12/01/2009 14:00:00,        55.399218
12/01/2009 15:00:00,        53.589346
12/01/2009 16:00:00,        50.353853
12/01/2009 17:00:00,        64.943266
12/01/2009 18:00:00,        75.077475
12/01/2009 19:00:00,        91.475590
12/01/2009 20:00:00,        97.595855
12/01/2009 21:00:00,        54.920072
12/01/2009 22:00:00,        45.750759
12/01/2009 23:00:00,        31.266684
12/02/2009 00:00:00,        27.814464
12/02/2009 01:00:00,        37.742747
12/02/2009 02:00:00,        60.438335
12/02/2009 03:00:00,        82.064375
12/02/2009 04:00:00,       130.923106
12/02/2009 05:00:00,       174.587617
12/02/2009 06:00:00,       210.210030
12/02/2009 07:00:00,       229.678122
12/02/2009 08:00:00,       235.531717
12/02/2009 09:00:00,       245.209022
12/02/2009 10:00:00,       250.044547
12/02/2009 11:00:00,       190.745872
12/02/2009 12:00:00,       262.196014
12/02/2009 13:00:00,       282.962463
12/02/2009 14:00:00,       306.051649
12/02/2009 15:00:00,       288.639925
12/02/2009 16:00:00,       228.638813
12/02/2009 17:00:00,       152.184730
12/02/2009 18:00:00,       108.503468
12/02/2009 19:00:00,       120.045763
12/02/2009 20:00:00,       109.861944
12/02/2009 21:00:00,        90.741779
12/02/2009 22:00:00,        82.659840
12/02/2009 23:00:00,        60.354595
12/03/2009 00:00:00,        58.995409
12/03/2009 01:00:00,        34.264005
12/03/2009 02:00:00,         7.385394
12/03/2009 03:00:00,         0.837969
12/03/2009 04:00:00,         0.000000
12/03/2009 05:00:00,         0.000000
12/03/2009 06:00:00,         0.000000
12/03/2009 07:00:00,         0.553593
12/03/2009 08:00:00,        10.134258
12/03/2009 09:00:00,        31.217352
12/03/2009 10:00:00,        51.448580
12/03/2009 11:00:00,        83.407330
12/03/2009 12:00:00,       107.389861
12/03/2009 13:00:00,       155.994699
12/03/2009 14:00:00,       136.556954
12/03/2009 15:00:00,       128.758580
12/03/2009 16:00:00,        75.879529
12/03/2009 17:00:00,        85.268983
12/03/2009 18:00:00,       144.480365
12/03/2009 19:00:00,        82.905755
12/03/2009 20:00:00,         0.000000
12/03/2009 21:00:00,         0.000000
12/03/2009 22:00:00,         0.000000
12/03/2009 23:00:00,         0.000000
12/04/2009 00:00:00,         0.000000
12/04/2009 01:00:00,         0.000000
12/04/2009 02:00:00,         0.000000
12/04/2009 03:00:00,         0.000000
12/04/2009 04:00:00,         0.000000
12/04/2009 05:00:00,         0.000000
12/04/2009 06:00:00,         0.000000
12/04/2009 07:00:00,        72.573439
12/04/2009 08:00:00,        57.303488
12/04/2009 09:00:00,        35.863610
12/04/2009 10:00:00,        27.559846
12/04/2009 11:00:00,        78.746581
12/04/2009 12:00:00,       204.395904
12/04/2009 13:00:00,       192.056891
12/04/2009 14:00:00,       226.960024
12/04/2009 15:00:00,       160.583367
12/04/2009 16:00:00,       103.525392
12/04/2009 17:00:00,        96.317594
12/04/2009 18:00:00,        50.940009
12/04/2009 19:00:00,        39.905730
12/04/2009 20:00:00,        47.851046
12/04/2009 21:00:00,        71.278833
12/04/2009 22:00:00,        85.989163
12/04/2009 23:00:00,        98.685142
12/05/2009 00:00:00,       180.431456
12/05/2009 01:00:00,       205.540446
12/05/2009 02:00:00,       273.880505
12/05/2009 03:00:00,       300.148793
12/05/2009 04:00:00,       298.813274
12/05/2009 05:00:00,       302.605486
12/05/2009 06:00:00,       310.667713
12/05/2009 07:00:00,       313.622025
12/05/2009 08:00:00,       314.817761
12/05/2009 09:00:00,       313.206897
12/05/2009 10:00:00,       303.386229
12/05/2009 11:00:00,       258.265592
12/05/2009 12:00:00,       206.308165
12/05/2009 13:00:00,       163.114580
12/05/2009 14:00:00,        94.596687
12/05/2009 15:00:00,        30.397209
12/05/2009 16:00:00,        20.933742
12/05/2009 17:00:00,        21.543509
12/05/2009 18:00:00,        11.674015
12/05/2009 19:00:00,         6.911537
12/05/2009 20:00:00,         1.760346
12/05/2009 21:00:00,         0.131677
12/05/2009 22:00:00,         0.000000
12/05/2009 23:00:00,         0.000000
12/06/2009 00:00:00,         0.000000
12/06/2009 01:00:00,         0.324843
12/06/2009 02:00:00,         0.102530
12/06/2009 03:00:00,         1.121140
12/06/2009 04:00:00,         7.358092
12/06/2009 05:00:00,         7.615634
12/06/2009 06:00:00,         6.426047
12/06/2009 07:00:00,        21.163950
12/06/2009 08:00:00,        24.302744
12/06/2009 09:00:00,        77.272862
12/06/2009 10:00:00,       103.583479
12/06/2009 11:00:00,        89.918397
12/06/2009 12:00:00,        90.230092
12/06/2009 13:00:00,        73.461559
12/06/2009 14:00:00,        73.667740
12/06/2009 15:00:00,        44.613552
12/06/2009 16:00:00,        22.603148
12/06/2009 17:00:00,         8.050191
12/06/2009 18:00:00,         1.292395
12/06/2009 19:00:00,         0.840766
12/06/2009 20:00:00,        11.297064
12/06/2009 21:00:00,        43.287731
12/06/2009 22:00:00,        68.415045
12/06/2009 23:00:00,        68.330951
12/07/2009 00:00:00,        61.477203
12/07/2009 01:00:00,        65.022142
12/07/2009 02:00:00,       120.677540
12/07/2009 03:00:00,       262.549041
12/07/2009 04:00:00,       265.202774
12/07/2009 05:00:00,       266.293966
12/07/2009 06:00:00,       271.651904
12/07/2009 07:00:00,       308.696707
12/07/2009 08:00:00,       314.037322
12/07/2009 09:00:00,       304.630101
12/07/2009 10:00:00,       300.002684
12/07/2009 11:00:00,       284.662909
12/07/2009 12:00:00,       266.586390
12/07/2009 13:00:00,       260.957745
12/07/2009 14:00:00,       236.572832
12/07/2009 15:00:00,       195.621084
12/07/2009 16:00:00,       183.346196
12/07/2009 17:00:00,       152.856512
12/07/2009 18:00:00,       126.200778
12/07/2009 19:00:00,       120.603823
12/07/2009 20:00:00,       114.298138
12/07/2009 21:00:00,       121.558540
12/07/2009 22:00:00,       126.483328
12/07/2009 23:00:00,       114.926452
12/08/2009 00:00:00,       106.747233
12/08/2009 01:00:00,       173.844912
12/08/2009 02:00:00,       202.512531
12/08/2009 03:00:00,       179.389744
12/08/2009 04:00:00,       133.224254
12/08/2009 05:00:00,        81.563924
12/08/2009 06:00:00,        58.198174
12/08/2009 07:00:00,        39.257189
12/08/2009 08:00:00,        31.064269
12/08/2009 09:00:00,        34.827765
12/08/2009 10:00:00,        42.900920
12/08/2009 11:00:00,        52.217277
12/08/2009 12:00:00,        57.826829
12/08/2009 13:00:00,        70.707711
12/08/2009 14:00:00,        75.083717
12/08/2009 15:00:00,        81.081466
12/08/2009 16:00:00,        86.911602
12/08/2009 17:00:00,       106.002173
12/08/2009 18:00:00,       121.969530
12/08/2009 19:00:00,       150.963374
12/08/2009 20:00:00,       161.068121
12/08/2009 21:00:00,       201.579884
12/08/2009 22:00:00,       210.650985
12/08/2009 23:00:00,       218.446603
12/09/2009 00:00:00,       225.873417
12/09/2009 01:00:00,       238.441540
12/09/2009 02:00:00,       254.101743
12/09/2009 03:00:00,       260.298845
12/09/2009 04:00:00,       225.869697
12/09/2009 05:00:00,       174.257148
12/09/2009 06:00:00,       131.210579
12/09/2009 07:00:00,        98.076257
12/09/2009 08:00:00,        73.704174
12/09/2009 09:00:00,        48.695797
12/09/2009 10:00:00,        37.154363
12/09/2009 11:00:00,        21.470752
12/09/2009 12:00:00,        10.048483
12/09/2009 13:00:00,         4.822657
12/09/2009 14:00:00,         0.903010
12/09/2009 15:00:00,         1.936849
12/09/2009 16:00:00,        21.796956
12/09/2009 17:00:00,        49.136867
12/09/2009 18:00:00,        46.225672
12/09/2009 19:00:00,        47.706806
12/09/2009 20:00:00,        59.162385
12/09/2009 21:00:00,        75.543150
12/09/2009 22:00:00,       112.514029
12/09/2009 23:00:00,       196.474088
12/10/2009 00:00:00,       254.164902
12/10/2009 01:00:00,       286.410993
12/10/2009 02:00:00,       279.733972
12/10/2009 03:00:00,       200.537006
12/10/2009 04:00:00,       219.503783
12/10/2009 05:00:00,       222.018665
12/10/2009 06:00:00,       225.018038
12/10/2009 07:00:00,       194.652167
12/10/2009 08:00:00,       176.609283
12/10/2009 09:00:00,       180.839205
12/10/2009 10:00:00,       177.104323
12/10/2009 11:00:00,       146.639775
12/10/2009 12:00:00,       149.191082
12/10/2009 13:00:00,       109.256214
12/10/2009 14:00:00,        62.362863
12/10/2009 15:00:00,        15.290509
12/10/2009 16:00:00,         2.269035
12/10/2009 17:00:00,         0.000000
12/10/2009 18:00:00,         0.000000
12/10/2009 19:00:00,         0.073029
12/10/2009 20:00:00,         0.000000
12/10/2009 21:00:00,        88.209816
12/10/2009 22:00:00,        25.120399
12/10/2009 23:00:00,        85.525635
12/11/2009 00:00:00,        67.751642
12/11/2009 01:00:00,       104.457697
12/11/2009 02:00:00,        15.591285
12/11/2009 03:00:00,        61.215573
12/11/2009 04:00:00,        92.116816
12/11/2009 05:00:00,       319.426892
12/11/2009 06:00:00,       318.732489
12/11/2009 07:00:00,       319.613272
12/11/2009 08:00:00,       319.294258
12/11/2009 09:00:00,       319.428833
12/11/2009 10:00:00,       319.067575
12/11/2009 11:00:00,       319.747541
12/11/2009 12:00:00,       319.926747
12/11/2009 13:00:00,       319.942045
12/11/2009 14:00:00,       319.969657
12/11/2009 15:00:00,       319.975152
12/11/2009 16:00:00,       319.969901
12/11/2009 17:00:00,       319.982350
12/11/2009 18:00:00,       319.989366
12/11/2009 19:00:00,       319.993147
12/11/2009 20:00:00,       319.994420
12/11/2009 21:00:00,       319.991583
12/11/2009 22:00:00,       319.983381
12/11/2009 23:00:00,       319.979368
12/12/2009 00:00:00,       319.979815
12/12/2009 01:00:00,       319.985310
12/12/2009 02:00:00,       319.989048
12/12/2009 03:00:00,       319.987178
12/12/2009 04:00:00,       319.979707
12/12/2009 05:00:00,       319.978056
12/12/2009 06:00:00,       319.979717
12/12/2009 07:00:00,       319.985017
12/12/2009 08:00:00,       319.989592
12/12/2009 09:00:00,       319.994144
12/12/2009 10:00:00,       319.999790
12/12/2009 11:00:00,       320.000000
12/12/2009 12:00:00,       320.000000
12/12/2009 13:00:00,       320.000000
12/12/2009 14:00:00,       320.000000
12/12/2009 15:00:00,       319.996744
12/12/2009 16:00:00,       319.991199
12/12/2009 17:00:00,       319.990993
12/12/2009 18:00:00,       319.995815
12/12/2009 19:00:00,       319.998554
12/12/2009 20:00:00,       320.000000
12/12/2009 21:00:00,       320.000000
12/12/2009 22:00:00,       320.000000
12/12/2009 23:00:00,       320.000000
12/13/2009 00:00:00,       320.000000
12/13/2009 01:00:00,       320.000000
12/13/2009 02:00:00,       320.000000
12/13/2009 03:00:00,       320.000000
12/13/2009 04:00:00,       320.000000
12/13/2009 05:00:00,       319.996526
12/13/2009 06:00:00,       319.900024
12/13/2009 07:00:00,       319.443441
12/13/2009 08:00:00,       317.058463
12/13/2009 09:00:00,       302.334661
12/13/2009 10:00:00,       247.641795
12/13/2009 11:00:00,       148.480309
12/13/2009 12:00:00,        90.607916
12/13/2009 13:00:00,        39.802175
12/13/2009 14:00:00,         2.740703
12/13/2009 15:00:00,         0.000000
12/13/2009 16:00:00,        36.587161
12/13/2009 17:00:00,       147.637223
12/13/2009 18:00:00,       225.511998
12/13/2009 19:00:00,       275.229319
12/13/2009 20:00:00,       313.671784
12/13/2009 21:00:00,       318.814964
12/13/2009 22:00:00,       319.763258
12/13/2009 23:00:00,       319.932485
12/14/2009 00:00:00,       319.752579
12/14/2009 01:00:00,       318.388896
12/14/2009 02:00:00,       310.926957
12/14/2009 03:00:00,       289.579989
12/14/2009 04:00:00,       239.209752
12/14/2009 05:00:00,       231.208495
12/14/2009 06:00:00,       242.368231
12/14/2009 07:00:00,       242.576722
12/14/2009 08:00:00,       264.244867
12/14/2009 09:00:00,       258.141419
12/14/2009 10:00:00,       210.044860
12/14/2009 11:00:00,       269.767999
12/14/2009 12:00:00,       290.886457
12/14/2009 13:00:00,       307.840236
12/14/2009 14:00:00,       312.417083
12/14/2009 15:00:00,       305.439537
12/14/2009 16:00:00,       275.104701
12/14/2009 17:00:00,       211.891621
12/14/2009 18:00:00,       163.281079
12/14/2009 19:00:00,       166.869833
12/14/2009 20:00:00,       178.815292
12/14/2009 21:00:00,       191.686429
12/14/2009 22:00:00,       188.530951
12/14/2009 23:00:00,       144.083962
12/15/2009 00:00:00,        70.095988
12/15/2009 01:00:00,        40.668611
12/15/2009 02:00:00,        51.436146
12/15/2009 03:00:00,        73.579950
12/15/2009 04:00:00,        34.747619
12/15/2009 05:00:00,         9.596486
12/15/2009 06:00:00,         7.639485
12/15/2009 07:00:00,        23.042533
12/15/2009 08:00:00,        59.671952
12/15/2009 09:00:00,       105.495611
12/15/2009 10:00:00,       109.522411
12/15/2009 11:00:00,       105.790350
12/15/2009 12:00:00,        92.697627
12/15/2009 13:00:00,        88.762831
12/15/2009 14:00:00,        86.207463
12/15/2009 15:00:00,        96.843450
12/15/2009 16:00:00,        98.207862
12/15/2009 17:00:00,        62.156037
12/15/2009 18:00:00,        59.011437
12/15/2009 19:00:00,        55.304771
12/15/2009 20:00:00,        62.248532
12/15/2009 21:00:00,        74.199925
12/15/2009 22:00:00,        69.697748
12/15/2009 23:00:00,        60.332911
12/16/2009 00:00:00,        49.964182
12/16/2009 01:00:00,        36.582396
12/16/2009 02:00:00,        32.952608
12/16/2009 03:00:00,        26.701892
12/16/2009 04:00:00,        16.946544
12/16/2009 05:00:00,        12.817183
12/16/2009 06:00:00,        31.723653
12/16/2009 07:00:00,        35.627028
12/16/2009 08:00:00,        20.544306
12/16/2009 09:00:00,        23.915065
12/16/2009 10:00:00,         0.000000
12/16/2009 11:00:00,         0.000000
12/16/2009 12:00:00,        79.821861
12/16/2009 13:00:00,       199.331163
12/16/2009 14:00:00,        63.552267
12/16/2009 15:00:00,       143.841923
12/16/2009 16:00:00,       319.636048
12/16/2009 17:00:00,       319.707637
12/16/2009 18:00:00,       319.880733
12/16/2009 19:00:00,       319.971469
12/16/2009 20:00:00,       319.997940
12/16/2009 21:00:00,       319.999561
12/16/2009 22:00:00,       319.999822
12/16/2009 23:00:00,       319.994955
12/17/2009 00:00:00,       319.996559
12/17/2009 01:00:00,       319.996927
12/17/2009 02:00:00,       319.998683
12/17/2009 03:00:00,       320.000000
12/17/2009 04:00:00,       320.000000
12/17/2009 05:00:00,       320.000000
12/17/2009 06:00:00,       320.000000
12/17/2009 07:00:00,       320.000000
12/17/2009 08:00:00,       320.000000
12/17/2009 09:00:00,       320.000000
12/17/2009 10:00:00,       320.000000
12/17/2009 11:00:00,       320.000000
12/17/2009 12:00:00,       320.000000
12/17/2009 13:00:00,       320.000000
12/17/2009 14:00:00,       320.000000
12/17/2009 15:00:00,       320.000000
12/17/2009 16:00:00,       320.000000
12/17/2009 17:00:00,       320.000000
12/17/2009 18:00:00,       320.000000
12/17/2009 19:00:00,       320.000000
12/17/2009 20:00:00,       320.000000
12/17/2009 21:00:00,       320.000000
12/17/2009 22:00:00,       320.000000
12/17/2009 23:00:00,       319.999224
12/18/2009 00:00:00,       320.000000
12/18/2009 01:00:00,       320.000000
12/18/2009 02:00:00,       319.998222
12/18/2009 03:00:00,       319.988340
12/18/2009 04:00:00,       319.965403
12/18/2009 05:00:00,       319.906800
12/18/2009 06:00:00,       319.747699
12/18/2009 07:00:00,       319.468888
12/18/2009 08:00:00,       319.404651
12/18/2009 09:00:00,       319.536625
12/18/2009 10:00:00,       319.434517
12/18/2009 11:00:00,       319.482693
12/18/2009 12:00:00,       319.281283
12/18/2009 13:00:00,       319.247890
12/18/2009 14:00:00,       319.358264
12/18/2009 15:00:00,       319.470790
12/18/2009 16:00:00,       319.423310
12/18/2009 17:00:00,       319.821968
12/18/2009 18:00:00,       319.894974
12/18/2009 19:00:00,       319.973962
12/18/2009 20:00:00,       320.000000
12/18/2009 21:00:00,       320.000000
12/18/2009 22:00:00,       320.000000
12/18/2009 23:00:00,       320.000000
12/19/2009 00:00:00,       320.000000
12/19/2009 01:00:00,       320.000000
12/19/2009 02:00:00,       320.000000
12/19/2009 03:00:00,       320.000000
12/19/2009 04:00:00,       320.000000
12/19/2009 05:00:00,       319.998137
12/19/2009 06:00:00,       319.838338
12/19/2009 07:00:00,       318.856953
12/19/2009 08:00:00,       314.789148
12/19/2009 09:00:00,       302.706149
12/19/2009 10:00:00,       261.940649
12/19/2009 11:00:00,       215.183511
12/19/2009 12:00:00,       169.751903
12/19/2009 13:00:00,       125.197587
12/19/2009 14:00:00,       103.388795
12/19/2009 15:00:00,        85.796962
12/19/2009 16:00:00,        71.940766
12/19/2009 17:00:00,        60.713870
12/19/2009 18:00:00,        91.813810
12/19/2009 19:00:00,        83.219244
12/19/2009 20:00:00,        63.971742
12/19/2009 21:00:00,        63.910585
12/19/2009 22:00:00,        51.264974
12/19/2009 23:00:00,        40.907108
12/20/2009 00:00:00,        27.740561
12/20/2009 01:00:00,        27.213868
12/20/2009 02:00:00,        14.315533
12/20/2009 03:00:00,         7.229413
12/20/2009 04:00:00,        10.445298
12/20/2009 05:00:00,         0.364925
12/20/2009 06:00:00,         0.328115
12/20/2009 07:00:00,         1.397897
12/20/2009 08:00:00,         1.345310
12/20/2009 09:00:00,         3.529764
12/20/2009 10:00:00,        47.535652
12/20/2009 11:00:00,       121.889242
12/20/2009 12:00:00,        99.846572
12/20/2009 13:00:00,        90.737594
12/20/2009 14:00:00,       115.626849
12/20/2009 15:00:00,       123.328757
12/20/2009 16:00:00,       138.735420
12/20/2009 17:00:00,        56.174362
12/20/2009 18:00:00,        62.275235
12/20/2009 19:00:00,        56.303526
12/20/2009 20:00:00,        33.747603
12/20/2009 21:00:00,        30.817101
12/20/2009 22:00:00,        34.528166
12/20/2009 23:00:00,        45.656567
12/21/2009 00:00:00,        93.967149
12/21/2009 01:00:00,       112.230001
12/21/2009 02:00:00,       105.010188
12/21/2009 03:00:00,       101.868136
12/21/2009 04:00:00,        82.261208
12/21/2009 05:00:00,        61.849567
12/21/2009 06:00:00,        53.670370
12/21/2009 07:00:00,        34.465276
12/21/2009 08:00:00,        25.661376
12/21/2009 09:00:00,        18.105322
12/21/2009 10:00:00,        14.292767
12/21/2009 11:00:00,         0.000000
12/21/2009 12:00:00,         0.000000
12/21/2009 13:00:00,         0.000000
12/21/2009 14:00:00,         0.000000
12/21/2009 15:00:00,         0.000000
12/21/2009 16:00:00,         0.000000
12/21/2009 17:00:00,         0.000000
12/21/2009 18:00:00,         0.000000
12/21/2009 19:00:00,         0.000000
12/21/2009 20:00:00,         0.000000
12/21/2009 21:00:00,         0.000000
12/21/2009 22:00:00,         0.000000
12/21/2009 23:00:00,         0.000000
12/22/2009 00:00:00,         0.000000
12/22/2009 01:00:00,         0.000000
12/22/2009 02:00:00,         0.000000
12/22/2009 03:00:00,        14.103509
12/22/2009 04:00:00,         3.909239
12/22/2009 05:00:00,         3.282245
12/22/2009 06:00:00,        12.594610
12/22/2009 07:00:00,        19.914016
12/22/2009 08:00:00,        38.612637
12/22/2009 09:00:00,        20.527636
12/22/2009 10:00:00,         5.792087
12/22/2009 11:00:00,         1.326276
12/22/2009 12:00:00,         3.257591
12/22/2009 13:00:00,         0.738413
12/22/2009 14:00:00,         0.000000
12/22/2009 15:00:00,         0.000000
12/22/2009 16:00:00,         0.031685
12/22/2009 17:00:00,         0.062729
12/22/2009 18:00:00,         0.257197
12/22/2009 19:00:00,         0.813624
12/22/2009 20:00:00,         7.042051
12/22/2009 21:00:00,        93.612784
12/22/2009 22:00:00,       213.221509
12/22/2009 23:00:00,       253.253784
12/23/2009 00:00:00,       240.732938
12/23/2009 01:00:00,       235.229783
12/23/2009 02:00:00,       233.774061
12/23/2009 03:00:00,       252.374766
12/23/2009 04:00:00,       270.964287
12/23/2009 05:00:00,       288.546826
12/23/2009 06:00:00,       297.710218
12/23/2009 07:00:00,       252.603959
12/23/2009 08:00:00,       137.398314
12/23/2009 09:00:00,        79.658074
12/23/2009 10:00:00,        63.756061
12/23/2009 11:00:00,        63.718856
12/23/2009 12:00:00,        31.845877
12/23/2009 13:00:00,        15.895525
12/23/2009 14:00:00,         0.000000
12/23/2009 15:00:00,         0.000000
12/23/2009 16:00:00,         0.000000
12/23/2009 17:00:00,        31.286818
12/23/2009 18:00:00,        15.932897
12/23/2009 19:00:00,         0.000000
12/23/2009 20:00:00,         0.000000
12/23/2009 21:00:00,         0.000000
12/23/2009 22:00:00,         0.000000
12/23/2009 23:00:00,         0.000000
12/24/2009 00:00:00,         0.000000
12/24/2009 01:00:00,         0.000000
12/24/2009 02:00:00,         0.000000
12/24/2009 03:00:00,         0.000000
12/24/2009 04:00:00,         0.000000
12/24/2009 05:00:00,         0.000000
12/24/2009 06:00:00,         0.000000
12/24/2009 07:00:00,         0.000000
12/24/2009 08:00:00,         0.000000
12/24/2009 09:00:00,         0.000000
12/24/2009 10:00:00,         0.000000
12/24/2009 11:00:00,         8.812341
12/24/2009 12:00:00,         0.000000
12/24/2009 13:00:00,         6.281988
12/24/2009 14:00:00,         8.510017
12/24/2009 15:00:00,        18.824460
12/24/2009 16:00:00,        25.559733
12/24/2009 17:00:00,         5.130996
12/24/2009 18:00:00,         1.222426
12/24/2009 19:00:00,         0.710636
12/24/2009 20:00:00,         0.041081
12/24/2009 21:00:00,         0.068417
12/24/2009 22:00:00,         0.611634
12/24/2009 23:00:00,         0.429227
12/25/2009 00:00:00,         0.091220
12/25/2009 01:00:00,         0.000000
12/25/2009 02:00:00,         0.000000
12/25/2009 03:00:00,         0.000000
12/25/2009 04:00:00,         0.000000
12/25/2009 05:00:00,         0.000000
12/25/2009 06:00:00,         0.000000
12/25/2009 07:00:00,         0.000000
12/25/2009 08:00:00,         0.000000
12/25/2009 09:00:00,         0.000000
12/25/2009 10:00:00,         0.000000
12/25/2009 11:00:00,         0.018475
12/25/2009 12:00:00,         0.243924
12/25/2009 13:00:00,         1.599040
12/25/2009 14:00:00,         4.492315
12/25/2009 15:00:00,        17.336678
12/25/2009 16:00:00,        22.719132
12/25/2009 17:00:00,        18.964381
12/25/2009 18:00:00,         2.800464
12/25/2009 19:00:00,        21.686499
12/25/2009 20:00:00,        49.076766
12/25/2009 21:00:00,        55.684871
12/25/2009 22:00:00,        56.451126
12/25/2009 23:00:00,        60.900733
12/26/2009 00:00:00,        59.740026
12/26/2009 01:00:00,        43.650749
12/26/2009 02:00:00,        43.909866
12/26/2009 03:00:00,        93.455580
12/26/2009 04:00:00,        78.868776
12/26/2009 05:00:00,        58.443088
12/26/2009 06:00:00,        69.223998
12/26/2009 07:00:00,        16.998581
12/26/2009 08:00:00,        27.704653
12/26/2009 09:00:00,        68.666158
12/26/2009 10:00:00,        69.585222
12/26/2009 11:00:00,        76.959360
12/26/2009 12:00:00,       125.748251
12/26/2009 13:00:00,       212.532397
12/26/2009 14:00:00,       188.032373
12/26/2009 15:00:00,       199.617888
12/26/2009 16:00:00,       159.806981
12/26/2009 17:00:00,        84.554425
12/26/2009 18:00:00,        55.319878
12/26/2009 19:00:00,        31.641647
12/26/2009 20:00:00,        19.759930
12/26/2009 21:00:00,        34.196438
12/26/2009 22:00:00,        52.596204
12/26/2009 23:00:00,        91.024472
12/27/2009 00:00:00,       138.090620
12/27/2009 01:00:00,       170.106733
12/27/2009 02:00:00,       200.346069
12/27/2009 03:00:00,       204.860199
12/27/2009 04:00:00,       233.605663
12/27/2009 05:00:00,       277.937436
12/27/2009 06:00:00,       298.792637
12/27/2009 07:00:00,       294.426646
12/27/2009 08:00:00,       290.802332
12/27/2009 09:00:00,       298.770508
12/27/2009 10:00:00,       301.880513
12/27/2009 11:00:00,       316.574688
12/27/2009 12:00:00,       319.587342
12/27/2009 13:00:00,       319.615046
12/27/2009 14:00:00,       306.368403
12/27/2009 15:00:00,       261.912916
12/27/2009 16:00:00,       262.823095
12/27/2009 17:00:00,       311.924273
12/27/2009 18:00:00,       316.978878
12/27/2009 19:00:00,       318.670392
12/27/2009 20:00:00,       312.190653
12/27/2009 21:00:00,       284.840303
12/27/2009 22:00:00,       303.718863
12/27/2009 23:00:00,       295.129124
12/28/2009 00:00:00,       298.523590
12/28/2009 01:00:00,       302.945030
12/28/2009 02:00:00,       289.667916
12/28/2009 03:00:00,       275.155073
12/28/2009 04:00:00,       212.900970
12/28/2009 05:00:00,       211.952044
12/28/2009 06:00:00,       248.259959
12/28/2009 07:00:00,       296.980008
12/28/2009 08:00:00,       314.322211
12/28/2009 09:00:00,       184.418658
12/28/2009 10:00:00,        71.307410
12/28/2009 11:00:00,        53.473533
12/28/2009 12:00:00,        93.062682
12/28/2009 13:00:00,       192.564022
12/28/2009 14:00:00,       264.643463
12/28/2009 15:00:00,       221.075708
12/28/2009 16:00:00,       195.745960
12/28/2009 17:00:00,       165.733755
12/28/2009 18:00:00,       138.545644
12/28/2009 19:00:00,        97.791359
12/28/2009 20:00:00,        49.984594
12/28/2009 21:00:00,        45.164454
12/28/2009 22:00:00,        30.291147
12/28/2009 23:00:00,        54.665297
12/29/2009 00:00:00,        96.637892
12/29/2009 01:00:00,       122.696291
12/29/2009 02:00:00,       130.510859
12/29/2009 03:00:00,       108.032748
12/29/2009 04:00:00,        88.755066
12/29/2009 05:00:00,        86.399369
12/29/2009 06:00:00,        58.068720
12/29/2009 07:00:00,        30.899918
12/29/2009 08:00:00,        31.977055
12/29/2009 09:00:00,        15.654546
12/29/2009 10:00:00,         0.000000
12/29/2009 11:00:00,         0.000000
12/29/2009 12:00:00,         0.000000
12/29/2009 13:00:00,         0.000000
12/29/2009 14:00:00,        15.037070
12/29/2009 15:00:00,        47.672677
12/29/2009 16:00:00,       124.118688
12/29/2009 17:00:00,       316.161158
12/29/2009 18:00:00,       316.751969
12/29/2009 19:00:00,       319.601466
12/29/2009 20:00:00,       319.974408
12/29/2009 21:00:00,       319.996405
12/29/2009 22:00:00,       320.000000
12/29/2009 23:00:00,       320.000000
12/30/2009 00:00:00,       320.000000
12/30/2009 01:00:00,       320.000000
12/30/2009 02:00:00,       320.000000
12/30/2009 03:00:00,       320.000000
12/30/2009 04:00:00,       320.000000
12/30/2009 05:00:00,       320.000000
12/30/2009 06:00:00,       320.000000
12/30/2009 07:00:00,       320.000000
12/30/2009 08:00:00,       319.999254
12/30/2009 09:00:00,       319.964825
12/30/2009 10:00:00,       319.907528
12/30/2009 11:00:00,       319.894323
12/30/2009 12:00:00,       319.904828
12/30/2009 13:00:00,       319.924562
12/30/2009 14:00:00,       319.959718
12/30/2009 15:00:00,       319.921682
12/30/2009 16:00:00,       319.851483
12/30/2009 17:00:00,       319.686790
12/30/2009 18:00:00,       319.765803
12/30/2009 19:00:00,       319.878003
12/30/2009 20:00:00,       319.826529
12/30/2009 21:00:00,       319.567888
12/30/2009 22:00:00,       318.600607
12/30/2009 23:00:00,       315.325502
12/31/2009 00:00:00,       310.965672
12/31/2009 01:00:00,       298.265728
12/31/2009 02:00:00,       278.490629
12/31/2009 03:00:00,       214.611156
12/31/2009 04:00:00,       157.923686
12/31/2009 05:00:00,        99.103637
12/31/2009 06:00:00,        72.605307
12/31/2009 07:00:00,        39.049896
12/31/2009 08:00:00,        13.451192
12/31/2009 09:00:00,         5.113730
12/31/2009 10:00:00,         0.780187
12/31/2009 11:00:00,         0.000000
12/31/2009 12:00:00,         0.000000
12/31/2009 13:00:00,         0.731010
12/31/2009 14:00:00,         8.677331
12/31/2009 15:00:00,        21.916589
12/31/2009 16:00:00,        91.203883
12/31/2009 17:00:00,       214.269057
12/31/2009 18:00:00,       219.498484
12/31/2009 19:00:00,       203.314095
12/31/2009 20:00:00,       151.752083
12/31/2009 21:00:00,       121.016308
12/31/2009 22:00:00,        72.575603
12/31/2009 23:00:00,        97.582432
01/01/2010 00:00:00,       162.302530
01/01/2010 01:00:00,       229.606524
01/01/2010 02:00:00,       252.009739
01/01/2010 03:00:00,       270.442925
01/01/2010 04:00:00,       280.776316
01/01/2010 05:00:00,       285.311918
01/01/2010 06:00:00,       289.274516
01/01/2010 07:00:00,       291.873881
01/01/2010 08:00:00,       296.044896
01/01/2010 09:00:00,       292.394460
01/01/2010 10:00:00,       279.613475
01/01/2010 11:00:00,       200.438071
01/01/2010 12:00:00,        84.824768
01/01/2010 13:00:00,        49.084373
01/01/2010 14:00:00,        66.671087
01/01/2010 15:00:00,        56.451987
01/01/2010 16:00:00,        41.505560
01/01/2010 17:00:00,        18.671847
01/01/2010 18:00:00,        11.735975
01/01/2010 19:00:00,         8.674309
01/01/2010 20:00:00,        19.331852
01/01/2010 21:00:00,        27.692489
01/01/2010 22:00:00,        38.242555
01/01/2010 23:00:00,        42.913866
01/02/2010 00:00:00,        59.043949
01/02/2010 01:00:00,        85.103103
01/02/2010 02:00:00,        98.310423
01/02/2010 03:00:00,       113.536393
01/02/2010 04:00:00,       103.022124
01/02/2010 05:00:00,        85.464511
01/02/2010 06:00:00,        70.900675
01/02/2010 07:00:00,        70.017943
01/02/2010 08:00:00,        63.795184
01/02/2010 09:00:00,        54.071608
01/02/2010 10:00:00,        42.750716
01/02/2010 11:00:00,        38.715819
01/02/2010 12:00:00,        44.975860
01/02/2010 13:00:00,        36.368689
01/02/2010 14:00:00,        55.671098
01/02/2010 15:00:00,        84.538155
01/02/2010 16:00:00,       139.294899
01/02/2010 17:00:00,       135.316016
01/02/2010 18:00:00,       126.464732
01/02/2010 19:00:00,       116.730159
01/02/2010 20:00:00,        99.089061
01/02/2010 21:00:00,       131.011644
01/02/2010 22:00:00,       272.745801
01/02/2010 23:00:00,         0.000000
01/03/2010 00:00:00,         0.000000
01/03/2010 01:00:00,         0.000000
01/03/2010 02:00:00,         0.000000
01/03/2010 03:00:00,         0.000000
01/03/2010 04:00:00,         0.000000
01/03/2010 05:00:00,         0.000000
01/03/2010 06:00:00,         0.000000
01/03/2010 07:00:00,         0.000000
01/03/2010 08:00:00,         0.000000
01/03/2010 09:00:00,         0.000000
01/03/2010 10:00:00,         0.000000
01/03/2010 11:00:00,         0.000000
01/03/2010 12:00:00,         0.000000
01/03/2010 13:00:00,         0.000000
01/03/2010 14:00:00,         0.000000
01/03/2010 15:00:00,         0.000000
01/03/2010 16:00:00,         0.000000
01/03/2010 17:00:00,         0.000000
01/03/2010 18:00:00,         0.000000
01/03/2010 19:00:00,        32.000000
01/03/2010 20:00:00,        80.000000
01/03/2010 21:00:00,       160.000000
01/03/2010 22:00:00,       208.000000
01/03/2010 23:00:00,       239.994750
01/04/2010 00:00:00,       239.976954
01/04/2010 01:00:00,       255.960348
01/04/2010 02:00:00,       254.415837
01/04/2010 03:00:00,       269.673606
01/04/2010 04:00:00,       300.095107
01/04/2010 05:00:00,       300.656509
01/04/2010 06:00:00,       299.959932
01/04/2010 07:00:00,       236.662126
01/04/2010 08:00:00,       120.949821
01/04/2010 09:00:00,        99.628753
01/04/2010 10:00:00,       112.456845
01/04/2010 11:00:00,       154.904683
01/04/2010 12:00:00,       200.479151
01/04/2010 13:00:00,       191.785727
01/04/2010 14:00:00,       150.369575
01/04/2010 15:00:00,       155.705507
01/04/2010 16:00:00,       230.849824
01/04/2010 17:00:00,       263.520639
01/04/2010 18:00:00,       303.222438
01/04/2010 19:00:00,       289.048574
01/04/2010 20:00:00,       291.200790
01/04/2010 21:00:00,       285.576278
01/04/2010 22:00:00,       201.545769
01/04/2010 23:00:00,       205.261743
01/05/2010 00:00:00,       226.547345
01/05/2010 01:00:00,       180.963092
01/05/2010 02:00:00,       193.231772
01/05/2010 03:00:00,       249.627465
01/05/2010 04:00:00,       268.462559
01/05/2010 05:00:00,       289.866661
01/05/2010 06:00:00,       288.616512
01/05/2010 07:00:00,       224.052359
01/05/2010 08:00:00,       217.135483
01/05/2010 09:00:00,       209.202737
01/05/2010 10:00:00,       219.264365
01/05/2010 11:00:00,       206.969142
01/05/2010 12:00:00,       229.343562
01/05/2010 13:00:00,       252.301976
01/05/2010 14:00:00,       271.565407
01/05/2010 15:00:00,       236.928254
01/05/2010 16:00:00,       180.326596
01/05/2010 17:00:00,       116.470947
01/05/2010 18:00:00,       117.929162
01/05/2010 19:00:00,       110.185119
01/05/2010 20:00:00,       106.385568
01/05/2010 21:00:00,        81.052559
01/05/2010 22:00:00,        57.551911
01/05/2010 23:00:00,        19.542996
01/06/2010 00:00:00,         4.552210
01/06/2010 01:00:00,         4.641304
01/06/2010 02:00:00,        13.715922
01/06/2010 03:00:00,        23.935511
01/06/2010 04:00:00,        22.522441
01/06/2010 05:00:00,         9.411215
01/06/2010 06:00:00,         7.463590
01/06/2010 07:00:00,        12.836190
01/06/2010 08:00:00,        33.151902
01/06/2010 09:00:00,        30.718420
01/06/2010 10:00:00,        26.926720
01/06/2010 11:00:00,        60.167104
01/06/2010 12:00:00,        50.321406
01/06/2010 13:00:00,        21.669569
01/06/2010 14:00:00,        29.142386
01/06/2010 15:00:00,        18.046532
01/06/2010 16:00:00,        15.888286
01/06/2010 17:00:00,         6.293897
01/06/2010 18:00:00,        26.801082
01/06/2010 19:00:00,        48.474639
01/06/2010 20:00:00,        66.525878
01/06/2010 21:00:00,       103.360517
01/06/2010 22:00:00,       145.652748
01/06/2010 23:00:00,       162.437086
01/07/2010 00:00:00,       170.401735
01/07/2010 01:00:00,       155.046277
01/07/2010 02:00:00,        98.953163
01/07/2010 03:00:00,        46.020085
01/07/2010 04:00:00,        27.006513
01/07/2010 05:00:00,        26.357505
01/07/2010 06:00:00,        70.629013
01/07/2010 07:00:00,       120.208044
01/07/2010 08:00:00,       182.669755
01/07/2010 09:00:00,       176.964446
01/07/2010 10:00:00,       178.222249
01/07/2010 11:00:00,       184.482803
01/07/2010 12:00:00,       179.018327
01/07/2010 13:00:00,       202.395109
01/07/2010 14:00:00,       193.325563
01/07/2010 15:00:00,       156.649012
01/07/2010 16:00:00,       195.623921
01/07/2010 17:00:00,       216.552934
01/07/2010 18:00:00,       265.492883
01/07/2010 19:00:00,       273.310964
01/07/2010 20:00:00,       270.080528
01/07/2010 21:00:00,       249.146070
01/07/2010 22:00:00,       165.657381
01/07/2010 23:00:00,       118.186514
01/08/2010 00:00:00,       100.388455
01/08/2010 01:00:00,       104.082452
01/08/2010 02:00:00,        90.943473
01/08/2010 03:00:00,        43.486189
01/08/2010 04:00:00,        45.284401
01/08/2010 05:00:00,        62.395745
01/08/2010 06:00:00,        48.464921
01/08/2010 07:00:00,        52.908233
01/08/2010 08:00:00,        50.330208
01/08/2010 09:00:00,        57.210836
01/08/2010 10:00:00,        79.211183
01/08/2010 11:00:00,        71.128350
01/08/2010 12:00:00,        64.473325
01/08/2010 13:00:00,        49.629725
01/08/2010 14:00:00,        36.963163
01/08/2010 15:00:00,        29.085247
01/08/2010 16:00:00,        24.327909
01/08/2010 17:00:00,        21.734760
01/08/2010 18:00:00,        22.610372
01/08/2010 19:00:00,        26.462767
01/08/2010 20:00:00,        25.982660
01/08/2010 21:00:00,        26.440227
01/08/2010 22:00:00,        29.195675
01/08/2010 23:00:00,        47.096142
01/09/2010 00:00:00,        79.423601
01/09/2010 01:00:00,       100.286911
01/09/2010 02:00:00,       215.805310
01/09/2010 03:00:00,       208.504584
01/09/2010 04:00:00,       183.096884
01/09/2010 05:00:00,       185.429250
01/09/2010 06:00:00,       190.764754
01/09/2010 07:00:00,       196.592172
01/09/2010 08:00:00,       201.504510
01/09/2010 09:00:00,       186.406516
01/09/2010 10:00:00,       154.046432
01/09/2010 11:00:00,       138.966575
01/09/2010 12:00:00,       127.922421
01/09/2010 13:00:00,       120.907142
01/09/2010 14:00:00,       132.162763
01/09/2010 15:00:00,       142.595973
01/09/2010 16:00:00,       125.167405
01/09/2010 17:00:00,        93.442063
01/09/2010 18:00:00,        79.612049
01/09/2010 19:00:00,        66.824412
01/09/2010 20:00:00,        55.788848
01/09/2010 21:00:00,        51.375526
01/09/2010 22:00:00,        51.274041
01/09/2010 23:00:00,        66.872967
01/10/2010 00:00:00,        87.795735
01/10/2010 01:00:00,        93.558670
01/10/2010 02:00:00,        92.078390
01/10/2010 03:00:00,        82.621295
01/10/2010 04:00:00,        66.421646
01/10/2010 05:00:00,        66.955473
01/10/2010 06:00:00,        56.800679
01/10/2010 07:00:00,        46.679537
01/10/2010 08:00:00,        38.750394
01/10/2010 09:00:00,        40.876370
01/10/2010 10:00:00,        48.095535
01/10/2010 11:00:00,        51.887173
01/10/2010 12:00:00,        57.459323
01/10/2010 13:00:00,        69.201285
01/10/2010 14:00:00,        91.533878
01/10/2010 15:00:00,        96.172987
01/10/2010 16:00:00,        88.417108
01/10/2010 17:00:00,        83.852748
01/10/2010 18:00:00,        86.060819
01/10/2010 19:00:00,        86.746171
01/10/2010 20:00:00,        90.901670
01/10/2010 21:00:00,       104.675133
01/10/2010 22:00:00,       115.758336
01/10/2010 23:00:00,       132.714710
01/11/2010 00:00:00,       143.935953
01/11/2010 01:00:00,       131.869879
01/11/2010 02:00:00,       109.716582
01/11/2010 03:00:00,       102.698097
01/11/2010 04:00:00,       104.105939
01/11/2010 05:00:00,        99.889346
01/11/2010 06:00:00,       106.599882
01/11/2010 07:00:00,        99.099592
01/11/2010 08:00:00,        88.245890
01/11/2010 09:00:00,        82.656422
01/11/2010 10:00:00,        83.833926
01/11/2010 11:00:00,        90.257448
01/11/2010 12:00:00,        74.368801
01/11/2010 13:00:00,        71.059315
01/11/2010 14:00:00,        76.244456
01/11/2010 15:00:00,        84.033696
01/11/2010 16:00:00,        79.994320
01/11/2010 17:00:00,        74.061275
01/11/2010 18:00:00,        83.089046
01/11/2010 19:00:00,        77.525709
01/11/2010 20:00:00,        73.144513
01/11/2010 21:00:00,        94.136249
01/11/2010 22:00:00,       124.999831
01/11/2010 23:00:00,       153.538625
01/12/2010 00:00:00,       183.354400
01/12/2010 01:00:00,       218.216169
01/12/2010 02:00:00,       248.571604
01/12/2010 03:00:00,       238.210740
01/12/2010 04:00:00,       212.437675
01/12/2010 05:00:00,       202.446057
01/12/2010 06:00:00,       205.226311
01/12/2010 07:00:00,       208.669665
01/12/2010 08:00:00,       211.207159
01/12/2010 09:00:00,       201.973235
01/12/2010 10:00:00,       187.410429
01/12/2010 11:00:00,       202.321211
01/12/2010 12:00:00,       214.915210
01/12/2010 13:00:00,       231.217896
01/12/2010 14:00:00,       235.097976
01/12/2010 15:00:00,       214.159163
01/12/2010 16:00:00,       193.450318
01/12/2010 17:00:00,       168.559461
01/12/2010 18:00:00,       127.715086
01/12/2010 19:00:00,        99.844061
01/12/2010 20:00:00,        82.062861
01/12/2010 21:00:00,        76.964510
01/12/2010 22:00:00,        80.552329
01/12/2010 23:00:00,        81.994166
01/13/2010 00:00:00,       100.112781
01/13/2010 01:00:00,       113.637485
01/13/2010 02:00:00,       118.603312
01/13/2010 03:00:00,       106.973579
01/13/2010 04:00:00,        99.872428
01/13/2010 05:00:00,        84.261623
01/13/2010 06:00:00,        65.711444
01/13/2010 07:00:00,        50.582656
01/13/2010 08:00:00,        49.835052
01/13/2010 09:00:00,        51.394903
01/13/2010 10:00:00,        48.498052
01/13/2010 11:00:00,        56.253476
01/13/2010 12:00:00,        61.023420
01/13/2010 13:00:00,        59.716542
01/13/2010 14:00:00,        62.786070
01/13/2010 15:00:00,        85.590430
01/13/2010 16:00:00,        90.712744
01/13/2010 17:00:00,        85.474373
01/13/2010 18:00:00,        72.821735
01/13/2010 19:00:00,        70.009529
01/13/2010 20:00:00,        60.520886
01/13/2010 21:00:00,        50.060593
01/13/2010 22:00:00,        40.744347
01/13/2010 23:00:00,        34.321268
01/14/2010 00:00:00,        30.858357
01/14/2010 01:00:00,        28.779252
01/14/2010 02:00:00,        23.898791
01/14/2010 03:00:00,        17.326804
01/14/2010 04:00:00,        18.857410
01/14/2010 05:00:00,        22.429297
01/14/2010 06:00:00,        31.700222
01/14/2010 07:00:00,        35.451121
01/14/2010 08:00:00,        35.075789
01/14/2010 09:00:00,        44.203450
01/14/2010 10:00:00,        48.787248
01/14/2010 11:00:00,        73.667742
01/14/2010 12:00:00,        85.301601
01/14/2010 13:00:00,        99.619561
01/14/2010 14:00:00,        97.874682
01/14/2010 15:00:00,       116.144614
01/14/2010 16:00:00,       106.491153
01/14/2010 17:00:00,        91.494833
01/14/2010 18:00:00,        58.690736
01/14/2010 19:00:00,        37.033059
01/14/2010 20:00:00,        33.218878
01/14/2010 21:00:00,        42.438977
01/14/2010 22:00:00,        77.101595
01/14/2010 23:00:00,       152.375925
01/15/2010 00:00:00,       288.601136
01/15/2010 01:00:00,       307.789634
01/15/2010 02:00:00,       314.920963
01/15/2010 03:00:00,       315.954142
01/15/2010 04:00:00,       305.453136
01/15/2010 05:00:00,       286.930851
01/15/2010 06:00:00,       285.073952
01/15/2010 07:00:00,       282.395692
01/15/2010 08:00:00,       287.039889
01/15/2010 09:00:00,       270.475801
01/15/2010 10:00:00,       282.892157
01/15/2010 11:00:00,       300.619736
01/15/2010 12:00:00,       306.054638
01/15/2010 13:00:00,       309.526642
01/15/2010 14:00:00,       302.948888
01/15/2010 15:00:00,       303.174430
01/15/2010 16:00:00,       300.457300
01/15/2010 17:00:00,       293.410339
01/15/2010 18:00:00,       289.894163
01/15/2010 19:00:00,       266.844675
01/15/2010 20:00:00,       280.620591
01/15/2010 21:00:00,       300.392432
01/15/2010 22:00:00,       201.796459
01/15/2010 23:00:00,       226.189122
01/16/2010 00:00:00,       316.205121
01/16/2010 01:00:00,       319.726354
01/16/2010 02:00:00,       319.936402
01/16/2010 03:00:00,       319.563012
01/16/2010 04:00:00,       318.520738
01/16/2010 05:00:00,       308.601553
01/16/2010 06:00:00,       231.135028
01/16/2010 07:00:00,       152.587790
01/16/2010 08:00:00,        70.201546
01/16/2010 09:00:00,        18.410268
01/16/2010 10:00:00,        23.203021
01/16/2010 11:00:00,        51.082232
01/16/2010 12:00:00,        48.558448
01/16/2010 13:00:00,        39.202886
01/16/2010 14:00:00,        47.019269
01/16/2010 15:00:00,        53.168789
01/16/2010 16:00:00,        65.527569
01/16/2010 17:00:00,       181.323660
01/16/2010 18:00:00,       301.913857
01/16/2010 19:00:00,       311.096847
01/16/2010 20:00:00,       302.749398
01/16/2010 21:00:00,       260.006966
01/16/2010 22:00:00,       315.752246
01/16/2010 23:00:00,       316.965666
01/17/2010 00:00:00,       317.779940
01/17/2010 01:00:00,       319.155584
01/17/2010 02:00:00,       319.610109
01/17/2010 03:00:00,       319.600986
01/17/2010 04:00:00,       318.940132
01/17/2010 05:00:00,       315.107325
01/17/2010 06:00:00,       294.965923
01/17/2010 07:00:00,       248.234522
01/17/2010 08:00:00,       194.831791
01/17/2010 09:00:00,       164.602643
01/17/2010 10:00:00,       147.645119
01/17/2010 11:00:00,       136.895708
01/17/2010 12:00:00,       133.198488
01/17/2010 13:00:00,       119.802109
01/17/2010 14:00:00,        86.228254
01/17/2010 15:00:00,        61.988834
01/17/2010 16:00:00,        34.063509
01/17/2010 17:00:00,        21.264241
01/17/2010 18:00:00,        12.950066
01/17/2010 19:00:00,         6.422548
01/17/2010 20:00:00,         1.845444
01/17/2010 21:00:00,         0.161504
01/17/2010 22:00:00,         0.000000
01/17/2010 23:00:00,         0.000000
01/18/2010 00:00:00,         0.436415
01/18/2010 01:00:00,         9.040567
01/18/2010 02:00:00,        12.863766
01/18/2010 03:00:00,        16.945217
01/18/2010 04:00:00,        33.318923
01/18/2010 05:00:00,        64.870892
01/18/2010 06:00:00,       107.569317
01/18/2010 07:00:00,       144.156347
01/18/2010 08:00:00,       150.279735
01/18/2010 09:00:00,       171.359387
01/18/2010 10:00:00,       236.529469
01/18/2010 11:00:00,       291.567051
01/18/2010 12:00:00,       301.054430
01/18/2010 13:00:00,       277.808666
01/18/2010 14:00:00,       232.668089
01/18/2010 15:00:00,       149.826931
01/18/2010 16:00:00,        70.837203
01/18/2010 17:00:00,        54.418208
01/18/2010 18:00:00,        32.741248
01/18/2010 19:00:00,        16.485543
01/18/2010 20:00:00,        13.664973
01/18/2010 21:00:00,        17.874567
01/18/2010 22:00:00,        15.424106
01/18/2010 23:00:00,        13.193307
01/19/2010 00:00:00,        14.246463
01/19/2010 01:00:00,        17.993788
01/19/2010 02:00:00,        25.156529
01/19/2010 03:00:00,        50.257175
01/19/2010 04:00:00,        85.003562
01/19/2010 05:00:00,       127.526121
01/19/2010 06:00:00,       146.324062
01/19/2010 07:00:00,       169.852107
01/19/2010 08:00:00,       210.965405
01/19/2010 09:00:00,       247.168455
01/19/2010 10:00:00,       267.575841
01/19/2010 11:00:00,       270.614262
01/19/2010 12:00:00,       268.528106
01/19/2010 13:00:00,       260.191279
01/19/2010 14:00:00,       235.538867
01/19/2010 15:00:00,       197.516543
01/19/2010 16:00:00,       124.644474
01/19/2010 17:00:00,        80.853316
01/19/2010 18:00:00,        64.513365
01/19/2010 19:00:00,        57.558464
01/19/2010 20:00:00,        55.169353
01/19/2010 21:00:00,        54.306506
01/19/2010 22:00:00,        58.301684
01/19/2010 23:00:00,        74.767872
01/20/2010 00:00:00,        96.498620
01/20/2010 01:00:00,       119.162956
01/20/2010 02:00:00,       144.791080
01/20/2010 03:00:00,       157.527832
01/20/2010 04:00:00,       150.608579
01/20/2010 05:00:00,       140.395628
01/20/2010 06:00:00,       124.471305
01/20/2010 07:00:00,        97.604866
01/20/2010 08:00:00,        74.195568
01/20/2010 09:00:00,        54.996765
01/20/2010 10:00:00,        55.687843
01/20/2010 11:00:00,        36.850805
01/20/2010 12:00:00,        18.643350
01/20/2010 13:00:00,        12.165520
01/20/2010 14:00:00,        11.296266
01/20/2010 15:00:00,        19.385059
01/20/2010 16:00:00,        19.599008
01/20/2010 17:00:00,        25.422698
01/20/2010 18:00:00,        20.171334
01/20/2010 19:00:00,         0.000000
01/20/2010 20:00:00,         0.000000
01/20/2010 21:00:00,         0.000000
01/20/2010 22:00:00,         0.000000
01/20/2010 23:00:00,         0.000000
01/21/2010 00:00:00,         0.000000
01/21/2010 01:00:00,        14.777332
01/21/2010 02:00:00,         4.989612
01/21/2010 03:00:00,         0.905513
01/21/2010 04:00:00,         0.127745
01/21/2010 05:00:00,         0.000000
01/21/2010 06:00:00,         0.000000
01/21/2010 07:00:00,         1.243610
01/21/2010 08:00:00,         2.184484
01/21/2010 09:00:00,         5.068842
01/21/2010 10:00:00,         0.000000
01/21/2010 11:00:00,         0.000000
01/21/2010 12:00:00,         0.000000
01/21/2010 13:00:00,         0.000000
01/21/2010 14:00:00,         0.000000
01/21/2010 15:00:00,        14.666690
01/21/2010 16:00:00,        50.769800
01/21/2010 17:00:00,        56.670618
01/21/2010 18:00:00,        51.684797
01/21/2010 19:00:00,        93.856531
01/21/2010 20:00:00,       157.803743
01/21/2010 21:00:00,       207.692783
01/21/2010 22:00:00,       218.318022
01/21/2010 23:00:00,       229.788359
01/22/2010 00:00:00,       238.939436
01/22/2010 01:00:00,       197.654136
01/22/2010 02:00:00,       129.224814
01/22/2010 03:00:00,       248.642923
01/22/2010 04:00:00,       266.936613
01/22/2010 05:00:00,       282.010288
01/22/2010 06:00:00,       305.280556
01/22/2010 07:00:00,       280.499030
01/22/2010 08:00:00,       261.156830
01/22/2010 09:00:00,       278.904037
01/22/2010 10:00:00,       283.078377
01/22/2010 11:00:00,       229.600705
01/22/2010 12:00:00,       201.833755
01/22/2010 13:00:00,       155.629524
01/22/2010 14:00:00,       102.821661
01/22/2010 15:00:00,        83.513109
01/22/2010 16:00:00,        57.553666
01/22/2010 17:00:00,        43.876759
01/22/2010 18:00:00,        31.494092
01/22/2010 19:00:00,        32.332493
01/22/2010 20:00:00,        46.673953
01/22/2010 21:00:00,        62.020268
01/22/2010 22:00:00,        82.025238
01/22/2010 23:00:00,        86.418568
01/23/2010 00:00:00,       108.164025
01/23/2010 01:00:00,       110.463863
01/23/2010 02:00:00,       120.562877
01/23/2010 03:00:00,       139.035998
01/23/2010 04:00:00,       133.343309
01/23/2010 05:00:00,       105.669427
01/23/2010 06:00:00,        72.553724
01/23/2010 07:00:00,        56.735257
01/23/2010 08:00:00,        48.900053
01/23/2010 09:00:00,        49.573970
01/23/2010 10:00:00,        60.462072
01/23/2010 11:00:00,        88.241091
01/23/2010 12:00:00,       149.766806
01/23/2010 13:00:00,       208.504999
01/23/2010 14:00:00,       210.851268
01/23/2010 15:00:00,       193.582990
01/23/2010 16:00:00,       158.451847
01/23/2010 17:00:00,       136.605295
01/23/2010 18:00:00,       128.414700
01/23/2010 19:00:00,       131.235055
01/23/2010 20:00:00,       134.098885
01/23/2010 21:00:00,       154.264825
01/23/2010 22:00:00,       180.735434
01/23/2010 23:00:00,       177.435599
01/24/2010 00:00:00,       183.621741
01/24/2010 01:00:00,       196.054204
01/24/2010 02:00:00,       224.042059
01/24/2010 03:00:00,       220.293207
01/24/2010 04:00:00,       203.202553
01/24/2010 05:00:00,       113.587588
01/24/2010 06:00:00,        96.125983
01/24/2010 07:00:00,       118.467339
01/24/2010 08:00:00,       117.675587
01/24/2010 09:00:00,       123.819376
01/24/2010 10:00:00,       118.004490
01/24/2010 11:00:00,       146.130404
01/24/2010 12:00:00,       124.773676
01/24/2010 13:00:00,       118.052235
01/24/2010 14:00:00,       103.775598
01/24/2010 15:00:00,        75.939100
01/24/2010 16:00:00,        43.986710
01/24/2010 17:00:00,        17.138225
01/24/2010 18:00:00,         1.819474
01/24/2010 19:00:00,         0.020434
01/24/2010 20:00:00,         0.000000
01/24/2010 21:00:00,         0.000000
01/24/2010 22:00:00,         0.000000
01/24/2010 23:00:00,         1.761822
01/25/2010 00:00:00,         5.942737
01/25/2010 01:00:00,        48.103531
01/25/2010 02:00:00,        84.257702
01/25/2010 03:00:00,       193.092731
01/25/2010 04:00:00,       278.488564
01/25/2010 05:00:00,       319.925484
01/25/2010 06:00:00,       320.000000
01/25/2010 07:00:00,       320.000000
01/25/2010 08:00:00,       320.000000
01/25/2010 09:00:00,       320.000000
01/25/2010 10:00:00,       320.000000
01/25/2010 11:00:00,       320.000000
01/25/2010 12:00:00,       320.000000
01/25/2010 13:00:00,       320.000000
01/25/2010 14:00:00,       320.000000
01/25/2010 15:00:00,       320.000000
01/25/2010 16:00:00,       320.000000
01/25/2010 17:00:00,       320.000000
01/25/2010 18:00:00,       320.000000
01/25/2010 19:00:00,       320.000000
01/25/2010 20:00:00,       320.000000
01/25/2010 21:00:00,       320.000000
01/25/2010 22:00:00,       304.000000
01/25/2010 23:00:00,       240.000000
01/26/2010 00:00:00,       256.000000
01/26/2010 01:00:00,       320.000000
01/26/2010 02:00:00,       112.000000
01/26/2010 03:00:00,        32.000000
01/26/2010 04:00:00,        32.000000
01/26/2010 05:00:00,        64.000000
01/26/2010 06:00:00,       176.000000
01/26/2010 07:00:00,       176.000000
01/26/2010 08:00:00,       224.000000
01/26/2010 09:00:00,       288.000000
01/26/2010 10:00:00,       319.967732
01/26/2010 11:00:00,       319.720216
01/26/2010 12:00:00,       281.414161
01/26/2010 13:00:00,       156.316486
01/26/2010 14:00:00,       125.524409
01/26/2010 15:00:00,       129.911746
01/26/2010 16:00:00,        82.624638
01/26/2010 17:00:00,        68.422941
01/26/2010 18:00:00,        51.636372
01/26/2010 19:00:00,        37.010751
01/26/2010 20:00:00,        39.743530
01/26/2010 21:00:00,        40.304694
01/26/2010 22:00:00,        64.181764
01/26/2010 23:00:00,        95.182443
01/27/2010 00:00:00,       127.290670
01/27/2010 01:00:00,       101.281518
01/27/2010 02:00:00,       125.461402
01/27/2010 03:00:00,       135.055213
01/27/2010 04:00:00,       203.107318
01/27/2010 05:00:00,       197.092057
01/27/2010 06:00:00,       139.413692
01/27/2010 07:00:00,        63.860466
01/27/2010 08:00:00,         0.000000
01/27/2010 09:00:00,       175.917794
01/27/2010 10:00:00,       318.406519
01/27/2010 11:00:00,       317.973333
01/27/2010 12:00:00,       318.054490
01/27/2010 13:00:00,       318.328842
01/27/2010 14:00:00,       318.153057
01/27/2010 15:00:00,       299.052396
01/27/2010 16:00:00,       285.742846
01/27/2010 17:00:00,       287.054010
01/27/2010 18:00:00,       288.118431
01/27/2010 19:00:00,       226.462916
01/27/2010 20:00:00,       191.445598
01/27/2010 21:00:00,       189.042983
01/27/2010 22:00:00,       199.187533
01/27/2010 23:00:00,       215.671936
01/28/2010 00:00:00,       179.228165
01/28/2010 01:00:00,       113.129712
01/28/2010 02:00:00,        55.759209
01/28/2010 03:00:00,        23.859028
01/28/2010 04:00:00,        12.437730
01/28/2010 05:00:00,         3.946377
01/28/2010 06:00:00,         0.582809
01/28/2010 07:00:00,         0.013225
01/28/2010 08:00:00,         0.000000
01/28/2010 09:00:00,         0.106822
01/28/2010 10:00:00,        18.640921
01/28/2010 11:00:00,        78.258943
01/28/2010 12:00:00,       185.849917
01/28/2010 13:00:00,       240.360889
01/28/2010 14:00:00,       216.502542
01/28/2010 15:00:00,       311.715192
01/28/2010 16:00:00,       292.438542
01/28/2010 17:00:00,       196.078425
01/28/2010 18:00:00,        85.266115
01/28/2010 19:00:00,        74.927084
01/28/2010 20:00:00,        68.539383
01/28/2010 21:00:00,        74.715271
01/28/2010 22:00:00,        72.675060
01/28/2010 23:00:00,        76.491655
01/29/2010 00:00:00,        61.094381
01/29/2010 01:00:00,        41.341139
01/29/2010 02:00:00,        59.009862
01/29/2010 03:00:00,        49.270278
01/29/2010 04:00:00,        43.319119
01/29/2010 05:00:00,        65.588262
01/29/2010 06:00:00,        94.829594
01/29/2010 07:00:00,         0.000000
01/29/2010 08:00:00,         0.000000
01/29/2010 09:00:00,         0.000000
01/29/2010 10:00:00,         0.000000
01/29/2010 11:00:00,         0.000000
01/29/2010 12:00:00,        79.885052
01/29/2010 13:00:00,       142.403293
01/29/2010 14:00:00,       179.778231
01/29/2010 15:00:00,       271.282444
01/29/2010 16:00:00,       187.353007
01/29/2010 17:00:00,       278.664064
01/29/2010 18:00:00,       312.461819
01/29/2010 19:00:00,       217.013774
01/29/2010 20:00:00,       157.205746
01/29/2010 21:00:00,       312.728175
01/29/2010 22:00:00,       303.134782
01/29/2010 23:00:00,       239.649724
01/30/2010 00:00:00,       202.743352
01/30/2010 01:00:00,       248.029316
01/30/2010 02:00:00,       306.980738
01/30/2010 03:00:00,       315.105732
01/30/2010 04:00:00,       309.957273
01/30/2010 05:00:00,       312.458893
01/30/2010 06:00:00,       314.754164
01/30/2010 07:00:00,       319.270950
01/30/2010 08:00:00,       319.912078
01/30/2010 09:00:00,       319.996620
01/30/2010 10:00:00,       320.000000
01/30/2010 11:00:00,       320.000000
01/30/2010 12:00:00,       320.000000
01/30/2010 13:00:00,       320.000000
01/30/2010 14:00:00,       320.000000
01/30/2010 15:00:00,       320.000000
01/30/2010 16:00:00,       319.990664
01/30/2010 17:00:00,       319.927810
01/30/2010 18:00:00,       319.899363
01/30/2010 19:00:00,       319.912894
01/30/2010 20:00:00,       319.948313
01/30/2010 21:00:00,       319.993814
01/30/2010 22:00:00,       319.993071
01/30/2010 23:00:00,       320.000000
01/31/2010 00:00:00,       320.000000
01/31/2010 01:00:00,       320.000000
01/31/2010 02:00:00,       319.992318
01/31/2010 03:00:00,       319.880995
01/31/2010 04:00:00,       319.283301
01/31/2010 05:00:00,       317.781338
01/31/2010 06:00:00,       315.696222
01/31/2010 07:00:00,       310.004719
01/31/2010 08:00:00,       294.103781
01/31/2010 09:00:00,       283.892447
01/31/2010 10:00:00,       275.474684
01/31/2010 11:00:00,       271.899736
01/31/2010 12:00:00,       264.920408
01/31/2010 13:00:00,       258.082691
01/31/2010 14:00:00,       243.596217
01/31/2010 15:00:00,       233.104905
01/31/2010 16:00:00,       225.451673
01/31/2010 17:00:00,       220.953246
01/31/2010 18:00:00,       206.361533
01/31/2010 19:00:00,       209.187025
01/31/2010 20:00:00,       209.887013
01/31/2010 21:00:00,       217.534108
01/31/2010 22:00:00,       243.516999
01/31/2010 23:00:00,       228.705582
02/01/2010 00:00:00,       210.099201
02/01/2010 01:00:00,       240.039957
02/01/2010 02:00:00,       290.586419
02/01/2010 03:00:00,       282.270501
02/01/2010 04:00:00,       259.838743
02/01/2010 05:00:00,       226.235231
02/01/2010 06:00:00,       175.021912
02/01/2010 07:00:00,       132.702682
02/01/2010 08:00:00,        99.204076
02/01/2010 09:00:00,        73.499026
02/01/2010 10:00:00,        63.466494
02/01/2010 11:00:00,        60.016073
02/01/2010 12:00:00,        73.578703
02/01/2010 13:00:00,       167.834754
02/01/2010 14:00:00,       231.932649
02/01/2010 15:00:00,       286.088695
02/01/2010 16:00:00,       290.887157
02/01/2010 17:00:00,       255.562695
02/01/2010 18:00:00,       261.443097
02/01/2010 19:00:00,       304.292516
02/01/2010 20:00:00,       318.707259
02/01/2010 21:00:00,       319.575518
02/01/2010 22:00:00,       319.831300
02/01/2010 23:00:00,       319.855017
02/02/2010 00:00:00,       319.624331
02/02/2010 01:00:00,       319.147123
02/02/2010 02:00:00,       312.952844
02/02/2010 03:00:00,       314.504447
02/02/2010 04:00:00,       318.605999
02/02/2010 05:00:00,       319.811362
02/02/2010 06:00:00,       319.972372
02/02/2010 07:00:00,       319.874993
02/02/2010 08:00:00,       316.302860
02/02/2010 09:00:00,       312.015799
02/02/2010 10:00:00,       312.128263
02/02/2010 11:00:00,       306.032716
02/02/2010 12:00:00,       287.504808
02/02/2010 13:00:00,       255.398701
02/02/2010 14:00:00,       214.049838
02/02/2010 15:00:00,       170.434185
02/02/2010 16:00:00,       160.961421
02/02/2010 17:00:00,       181.006306
02/02/2010 18:00:00,       167.276860
02/02/2010 19:00:00,       154.991201
02/02/2010 20:00:00,       152.276654
02/02/2010 21:00:00,       149.335055
02/02/2010 22:00:00,       150.086913
02/02/2010 23:00:00,        69.744388
02/03/2010 00:00:00,        54.593681
02/03/2010 01:00:00,        61.039242
02/03/2010 02:00:00,        69.549384
02/03/2010 03:00:00,        95.733666
02/03/2010 04:00:00,       181.473663
02/03/2010 05:00:00,       191.211400
02/03/2010 06:00:00,       150.674068
02/03/2010 07:00:00,       113.175493
02/03/2010 08:00:00,        97.452505
02/03/2010 09:00:00,        82.495444
02/03/2010 10:00:00,        81.860293
02/03/2010 11:00:00,        96.357249
02/03/2010 12:00:00,       108.211571
02/03/2010 13:00:00,       106.297826
02/03/2010 14:00:00,       124.693844
02/03/2010 15:00:00,       132.050738
02/03/2010 16:00:00,        91.217011
02/03/2010 17:00:00,        28.631149
02/03/2010 18:00:00,         0.997029
02/03/2010 19:00:00,         0.070232
02/03/2010 20:00:00,         0.396517
02/03/2010 21:00:00,         5.975662
02/03/2010 22:00:00,        20.285045
02/03/2010 23:00:00,        21.715619
02/04/2010 00:00:00,         6.825620
02/04/2010 01:00:00,         1.963876
02/04/2010 02:00:00,         0.203449
02/04/2010 03:00:00,         0.248982
02/04/2010 04:00:00,         1.103462
02/04/2010 05:00:00,         4.463374
02/04/2010 06:00:00,         2.278139
02/04/2010 07:00:00,         1.653693
02/04/2010 08:00:00,         2.292374
02/04/2010 09:00:00,        32.047593
02/04/2010 10:00:00,        81.097240
02/04/2010 11:00:00,        89.999041
02/04/2010 12:00:00,        98.288072
02/04/2010 13:00:00,        88.801398
02/04/2010 14:00:00,       125.743891
02/04/2010 15:00:00,        96.742106
02/04/2010 16:00:00,        81.203033
02/04/2010 17:00:00,        71.362328
02/04/2010 18:00:00,        70.552939
02/04/2010 19:00:00,        57.736052
02/04/2010 20:00:00,        49.968116
02/04/2010 21:00:00,       113.202439
02/04/2010 22:00:00,       191.617261
02/04/2010 23:00:00,       269.839223
02/05/2010 00:00:00,       291.573639
02/05/2010 01:00:00,       302.288715
02/05/2010 02:00:00,       307.640522
02/05/2010 03:00:00,       307.635697
02/05/2010 04:00:00,       292.509301
02/05/2010 05:00:00,       281.096620
02/05/2010 06:00:00,       255.380484
02/05/2010 07:00:00,       225.838799
02/05/2010 08:00:00,       220.080845
02/05/2010 09:00:00,       207.430969
02/05/2010 10:00:00,       218.429971
02/05/2010 11:00:00,       216.037613
02/05/2010 12:00:00,       225.422545
02/05/2010 13:00:00,       230.935087
02/05/2010 14:00:00,       214.620612
02/05/2010 15:00:00,       191.053889
02/05/2010 16:00:00,       158.689383
02/05/2010 17:00:00,       140.920617
02/05/2010 18:00:00,       147.439290
02/05/2010 19:00:00,       182.919894
02/05/2010 20:00:00,       235.364594
02/05/2010 21:00:00,       224.459048
02/05/2010 22:00:00,       213.353835
02/05/2010 23:00:00,       211.858472
02/06/2010 00:00:00,       225.024071
02/06/2010 01:00:00,       246.900540
02/06/2010 02:00:00,       244.276948
02/06/2010 03:00:00,       228.921679
02/06/2010 04:00:00,       216.598651
02/06/2010 05:00:00,       216.578022
02/06/2010 06:00:00,       220.628053
02/06/2010 07:00:00,       225.475278
02/06/2010 08:00:00,       231.279691
02/06/2010 09:00:00,       216.807942
02/06/2010 10:00:00,       195.449826
02/06/2010 11:00:00,       176.734243
02/06/2010 12:00:00,       155.597017
02/06/2010 13:00:00,       132.832757
02/06/2010 14:00:00,       127.662421
02/06/2010 15:00:00,       106.698108
02/06/2010 16:00:00,        86.946287
02/06/2010 17:00:00,        63.239243
02/06/2010 18:00:00,        50.137676
02/06/2010 19:00:00,        37.659939
02/06/2010 20:00:00,        31.054138
02/06/2010 21:00:00,        28.544092
02/06/2010 22:00:00,        30.523600
02/06/2010 23:00:00,        21.864065
02/07/2010 00:00:00,        28.122066
02/07/2010 01:00:00,        42.002668
02/07/2010 02:00:00,        83.274661
02/07/2010 03:00:00,       136.737171
02/07/2010 04:00:00,       138.759183
02/07/2010 05:00:00,       128.951385
02/07/2010 06:00:00,        99.743022
02/07/2010 07:00:00,        58.416136
02/07/2010 08:00:00,        28.100377
02/07/2010 09:00:00,        30.902268
02/07/2010 10:00:00,        71.832232
02/07/2010 11:00:00,       174.479094
02/07/2010 12:00:00,       185.586305
02/07/2010 13:00:00,       199.780762
02/07/2010 14:00:00,       187.275238
02/07/2010 15:00:00,       167.950860
02/07/2010 16:00:00,       122.341368
02/07/2010 17:00:00,        72.859532
02/07/2010 18:00:00,        43.972353
02/07/2010 19:00:00,        29.708111
02/07/2010 20:00:00,        25.160667
02/07/2010 21:00:00,        19.907346
02/07/2010 22:00:00,        23.909942
02/07/2010 23:00:00,        45.212744
02/08/2010 00:00:00,        63.532506
02/08/2010 01:00:00,        82.357885
02/08/2010 02:00:00,        88.932051
02/08/2010 03:00:00,        83.723305
02/08/2010 04:00:00,        97.439964
02/08/2010 05:00:00,       123.442907
02/08/2010 06:00:00,       169.140583
02/08/2010 07:00:00,       198.623970
02/08/2010 08:00:00,       232.985027
02/08/2010 09:00:00,       260.125307
02/08/2010 10:00:00,       264.365496
02/08/2010 11:00:00,       276.642769
02/08/2010 12:00:00,       289.242419
02/08/2010 13:00:00,       252.049226
02/08/2010 14:00:00,       240.795663
02/08/2010 15:00:00,       174.014259
02/08/2010 16:00:00,       113.547081
02/08/2010 17:00:00,        77.083218
02/08/2010 18:00:00,        45.732866
02/08/2010 19:00:00,        37.217741
02/08/2010 20:00:00,        19.921247
02/08/2010 21:00:00,        23.436896
02/08/2010 22:00:00,        59.738046
02/08/2010 23:00:00,       181.021516
02/09/2010 00:00:00,       225.007137
02/09/2010 01:00:00,       251.191872
02/09/2010 02:00:00,       265.144709
02/09/2010 03:00:00,       281.090475
02/09/2010 04:00:00,       253.972211
02/09/2010 05:00:00,       163.500601
02/09/2010 06:00:00,       120.519625
02/09/2010 07:00:00,        53.420614
02/09/2010 08:00:00,        28.016928
02/09/2010 09:00:00,        11.958545
02/09/2010 10:00:00,         7.017628
02/09/2010 11:00:00,        10.927728
02/09/2010 12:00:00,        24.853147
02/09/2010 13:00:00,        77.244803
02/09/2010 14:00:00,        90.601379
02/09/2010 15:00:00,       116.192485
02/09/2010 16:00:00,       103.526226
02/09/2010 17:00:00,        76.438192
02/09/2010 18:00:00,        61.770877
02/09/2010 19:00:00,        45.375918
02/09/2010 20:00:00,        45.029220
02/09/2010 21:00:00,        38.874824
02/09/2010 22:00:00,        37.547351
02/09/2010 23:00:00,        39.300560
02/10/2010 00:00:00,        17.583414
02/10/2010 01:00:00,         1.649984
02/10/2010 02:00:00,         1.513387
02/10/2010 03:00:00,         0.790304
02/10/2010 04:00:00,         1.225033
02/10/2010 05:00:00,         4.833601
02/10/2010 06:00:00,        24.093319
02/10/2010 07:00:00,        30.462334
02/10/2010 08:00:00,        26.142857
02/10/2010 09:00:00,        17.696172
02/10/2010 10:00:00,        15.201995
02/10/2010 11:00:00,        11.373862
02/10/2010 12:00:00,         6.314654
02/10/2010 13:00:00,         2.238218
02/10/2010 14:00:00,         0.831913
02/10/2010 15:00:00,         0.202211
02/10/2010 16:00:00,         0.115381
02/10/2010 17:00:00,         0.102377
02/10/2010 18:00:00,         0.002842
02/10/2010 19:00:00,         0.715134
02/10/2010 20:00:00,         5.387528
02/10/2010 21:00:00,        28.080317
02/10/2010 22:00:00,        80.710702
02/10/2010 23:00:00,       129.556921
02/11/2010 00:00:00,       135.347008
02/11/2010 01:00:00,       145.966264
02/11/2010 02:00:00,       171.282428
02/11/2010 03:00:00,       196.371677
02/11/2010 04:00:00,       122.959431
02/11/2010 05:00:00,        72.979411
02/11/2010 06:00:00,       137.070990
02/11/2010 07:00:00,       155.204686
02/11/2010 08:00:00,       152.217546
02/11/2010 09:00:00,       159.045789
02/11/2010 10:00:00,       183.977053
02/11/2010 11:00:00,       174.877719
02/11/2010 12:00:00,       203.728621
02/11/2010 13:00:00,       259.247458
02/11/2010 14:00:00,       271.944603
02/11/2010 15:00:00,       255.912804
02/11/2010 16:00:00,       238.165099
02/11/2010 17:00:00,       231.131832
02/11/2010 18:00:00,       198.800881
02/11/2010 19:00:00,       156.030138
02/11/2010 20:00:00,       108.331505
02/11/2010 21:00:00,        79.453837
02/11/2010 22:00:00,        60.160579
02/11/2010 23:00:00,        62.766728
02/12/2010 00:00:00,        99.501026
02/12/2010 01:00:00,       125.178948
02/12/2010 02:00:00,        86.811887
02/12/2010 03:00:00,        75.591240
02/12/2010 04:00:00,        74.650904
02/12/2010 05:00:00,        79.872605
02/12/2010 06:00:00,        75.817908
02/12/2010 07:00:00,        60.206251
02/12/2010 08:00:00,        45.495140
02/12/2010 09:00:00,        91.516206
02/12/2010 10:00:00,        84.201874
02/12/2010 11:00:00,        78.152312
02/12/2010 12:00:00,        49.157520
02/12/2010 13:00:00,        38.445246
02/12/2010 14:00:00,        76.985434
02/12/2010 15:00:00,       158.620122
02/12/2010 16:00:00,       168.877220
02/12/2010 17:00:00,       146.882119
02/12/2010 18:00:00,       112.320704
02/12/2010 19:00:00,        99.137603
02/12/2010 20:00:00,       117.532467
02/12/2010 21:00:00,       104.056997
02/12/2010 22:00:00,        68.838545
02/12/2010 23:00:00,        89.069948
02/13/2010 00:00:00,       117.340605
02/13/2010 01:00:00,       162.156545
02/13/2010 02:00:00,       198.543148
02/13/2010 03:00:00,       181.661134
02/13/2010 04:00:00,        19.933962
02/13/2010 05:00:00,         6.240403
02/13/2010 06:00:00,        17.203745
02/13/2010 07:00:00,       100.863539
02/13/2010 08:00:00,       204.454829
02/13/2010 09:00:00,       208.203650
02/13/2010 10:00:00,       209.364581
02/13/2010 11:00:00,       200.570394
02/13/2010 12:00:00,       188.748491
02/13/2010 13:00:00,       182.381199
02/13/2010 14:00:00,       171.838218
02/13/2010 15:00:00,       163.231850
02/13/2010 16:00:00,       146.409464
02/13/2010 17:00:00,       139.567533
02/13/2010 18:00:00,       130.419152
02/13/2010 19:00:00,       124.959228
02/13/2010 20:00:00,       104.204547
02/13/2010 21:00:00,       107.093902
02/13/2010 22:00:00,       120.439341
02/13/2010 23:00:00,       125.005776
02/14/2010 00:00:00,       177.226702
02/14/2010 01:00:00,       251.547786
02/14/2010 02:00:00,        29.115922
02/14/2010 03:00:00,         0.000000
02/14/2010 04:00:00,         0.000000
02/14/2010 05:00:00,         0.000000
02/14/2010 06:00:00,         0.000000
02/14/2010 07:00:00,         0.000000
02/14/2010 08:00:00,         0.000000
02/14/2010 09:00:00,         0.000000
02/14/2010 10:00:00,         0.000000
02/14/2010 11:00:00,         0.000000
02/14/2010 12:00:00,         0.000000
02/14/2010 13:00:00,         0.000000
02/14/2010 14:00:00,        11.326722
02/14/2010 15:00:00,        12.905836
02/14/2010 16:00:00,         0.000000
02/14/2010 17:00:00,         0.000000
02/14/2010 18:00:00,         0.000000
02/14/2010 19:00:00,         0.000000
02/14/2010 20:00:00,         0.000000
02/14/2010 21:00:00,         0.165403
02/14/2010 22:00:00,         0.000000
02/14/2010 23:00:00,         0.000000
02/15/2010 00:00:00,         0.000000
02/15/2010 01:00:00,         0.000000
02/15/2010 02:00:00,         0.000000
02/15/2010 03:00:00,        10.847500
02/15/2010 04:00:00,        47.434604
02/15/2010 05:00:00,        65.242149
02/15/2010 06:00:00,        24.239459
02/15/2010 07:00:00,         3.784502
02/15/2010 08:00:00,         1.160438
02/15/2010 09:00:00,         0.000000
02/15/2010 10:00:00,         0.000000
02/15/2010 11:00:00,         0.000000
02/15/2010 12:00:00,         0.000000
02/15/2010 13:00:00,         0.000000
02/15/2010 14:00:00,         4.525528
02/15/2010 15:00:00,         0.000000
02/15/2010 16:00:00,         0.000000
02/15/2010 17:00:00,         0.000000
02/15/2010 18:00:00,         0.000000
02/15/2010 19:00:00,         0.000000
02/15/2010 20:00:00,         0.000000
02/15/2010 21:00:00,         0.000000
02/15/2010 22:00:00,         0.000000
02/15/2010 23:00:00,         0.000000
02/16/2010 00:00:00,         0.000000
02/16/2010 01:00:00,         0.000000
02/16/2010 02:00:00,         0.000000
02/16/2010 03:00:00,         0.000000
02/16/2010 04:00:00,         0.000000
02/16/2010 05:00:00,         0.000000
02/16/2010 06:00:00,        45.407991
02/16/2010 07:00:00,       136.276305
02/16/2010 08:00:00,       178.071220
02/16/2010 09:00:00,       173.213813
02/16/2010 10:00:00,       154.829106
02/16/2010 11:00:00,       157.359633
02/16/2010 12:00:00,       129.292471
02/16/2010 13:00:00,        92.531113
02/16/2010 14:00:00,        65.167507
02/16/2010 15:00:00,        33.878170
02/16/2010 16:00:00,        17.682995
02/16/2010 17:00:00,         5.956200
02/16/2010 18:00:00,         2.388952
02/16/2010 19:00:00,         0.381966
02/16/2010 20:00:00,         0.332923
02/16/2010 21:00:00,         0.000000
02/16/2010 22:00:00,         0.000000
02/16/2010 23:00:00,         0.000000
02/17/2010 00:00:00,         0.000000
02/17/2010 01:00:00,         0.000000
02/17/2010 02:00:00,         0.000000
02/17/2010 03:00:00,         0.000000
02/17/2010 04:00:00,         0.000000
02/17/2010 05:00:00,         0.000000
02/17/2010 06:00:00,         0.000000
02/17/2010 07:00:00,         0.000000
02/17/2010 08:00:00,         0.000000
02/17/2010 09:00:00,         0.000000
02/17/2010 10:00:00,         0.000000
02/17/2010 11:00:00,         0.000000
02/17/2010 12:00:00,         0.000000
02/17/2010 13:00:00,         0.000000
02/17/2010 14:00:00,         0.000000
02/17/2010 15:00:00,         0.000000
02/17/2010 16:00:00,         0.000000
02/17/2010 17:00:00,         0.000000
02/17/2010 18:00:00,         0.000000
02/17/2010 19:00:00,         0.000000
02/17/2010 20:00:00,         0.000000
02/17/2010 21:00:00,         0.000000
02/17/2010 22:00:00,         0.000000
02/17/2010 23:00:00,         0.000000
02/18/2010 00:00:00,        41.473868
02/18/2010 01:00:00,        63.802151
02/18/2010 02:00:00,        71.226866
02/18/2010 03:00:00,        50.744264
02/18/2010 04:00:00,        48.652869
02/18/2010 05:00:00,        45.954986
02/18/2010 06:00:00,        41.527338
02/18/2010 07:00:00,        23.570032
02/18/2010 08:00:00,         9.615681
02/18/2010 09:00:00,        10.061438
02/18/2010 10:00:00,        22.273811
02/18/2010 11:00:00,        23.470192
02/18/2010 12:00:00,        12.542050
02/18/2010 13:00:00,        30.110966
02/18/2010 14:00:00,        49.823915
02/18/2010 15:00:00,        55.782420
02/18/2010 16:00:00,        73.702492
02/18/2010 17:00:00,        53.532416
02/18/2010 18:00:00,        73.028949
02/18/2010 19:00:00,        52.608188
02/18/2010 20:00:00,        41.688364
02/18/2010 21:00:00,        40.319391
02/18/2010 22:00:00,        22.571885
02/18/2010 23:00:00,        11.993268
02/19/2010 00:00:00,         8.048211
02/19/2010 01:00:00,        12.015218
02/19/2010 02:00:00,        32.823326
02/19/2010 03:00:00,        52.767420
02/19/2010 04:00:00,        32.914834
02/19/2010 05:00:00,        26.411116
02/19/2010 06:00:00,        22.783995
02/19/2010 07:00:00,        16.412344
02/19/2010 08:00:00,        12.319014
02/19/2010 09:00:00,        12.145925
02/19/2010 10:00:00,        17.659519
02/19/2010 11:00:00,        14.982774
02/19/2010 12:00:00,         7.619045
02/19/2010 13:00:00,         3.862244
02/19/2010 14:00:00,         3.433339
02/19/2010 15:00:00,         1.521388
02/19/2010 16:00:00,         1.678838
02/19/2010 17:00:00,         0.831512
02/19/2010 18:00:00,         4.284794
02/19/2010 19:00:00,        30.437089
02/19/2010 20:00:00,        49.548868
02/19/2010 21:00:00,         0.000000
02/19/2010 22:00:00,         0.000000
02/19/2010 23:00:00,         0.000000
02/20/2010 00:00:00,         0.000000
02/20/2010 01:00:00,         0.000000
02/20/2010 02:00:00,         0.000000
02/20/2010 03:00:00,         0.000000
02/20/2010 04:00:00,         0.000000
02/20/2010 05:00:00,         0.000000
02/20/2010 06:00:00,         0.000000
02/20/2010 07:00:00,         0.000000
02/20/2010 08:00:00,         0.000000
02/20/2010 09:00:00,         0.000000
02/20/2010 10:00:00,         0.000000
02/20/2010 11:00:00,         0.000000
02/20/2010 12:00:00,         0.000000
02/20/2010 13:00:00,         0.000000
02/20/2010 14:00:00,         0.000000
02/20/2010 15:00:00,        50.802410
02/20/2010 16:00:00,        52.464625
02/20/2010 17:00:00,        43.004657
02/20/2010 18:00:00,        33.592354
02/20/2010 19:00:00,        39.554258
02/20/2010 20:00:00,        34.571980
02/20/2010 21:00:00,        13.476961
02/20/2010 22:00:00,         7.576010
02/20/2010 23:00:00,         7.683805
02/21/2010 00:00:00,        11.013028
02/21/2010 01:00:00,        11.533456
02/21/2010 02:00:00,        24.038269
02/21/2010 03:00:00,        26.514980
02/21/2010 04:00:00,        18.819195
02/21/2010 05:00:00,         1.449822
02/21/2010 06:00:00,         0.473839
02/21/2010 07:00:00,         8.441547
02/21/2010 08:00:00,         0.000000
02/21/2010 09:00:00,         0.000000
02/21/2010 10:00:00,         0.000000
02/21/2010 11:00:00,         0.000000
02/21/2010 12:00:00,         0.000000
02/21/2010 13:00:00,         0.000000
02/21/2010 14:00:00,         0.000000
02/21/2010 15:00:00,         0.000000
02/21/2010 16:00:00,         0.000000
02/21/2010 17:00:00,         0.000000
02/21/2010 18:00:00,         0.000000
02/21/2010 19:00:00,         0.000000
02/21/2010 20:00:00,         0.000000
02/21/2010 21:00:00,       100.052552
02/21/2010 22:00:00,       117.824105
02/21/2010 23:00:00,        87.954094
02/22/2010 00:00:00,        15.041470
02/22/2010 01:00:00,        15.446799
02/22/2010 02:00:00,        31.251945
02/22/2010 03:00:00,        31.525538
02/22/2010 04:00:00,         0.000000
02/22/2010 05:00:00,         0.000000
02/22/2010 06:00:00,         0.000000
02/22/2010 07:00:00,         0.000000
02/22/2010 08:00:00,         0.000000
02/22/2010 09:00:00,         0.000000
02/22/2010 10:00:00,         0.000000
02/22/2010 11:00:00,         0.000000
02/22/2010 12:00:00,         0.000000
02/22/2010 13:00:00,         0.000000
02/22/2010 14:00:00,         0.000000
02/22/2010 15:00:00,         0.000000
02/22/2010 16:00:00,         0.000000
02/22/2010 17:00:00,         0.000000
02/22/2010 18:00:00,         0.000000
02/22/2010 19:00:00,         9.585106
02/22/2010 20:00:00,        92.377583
02/22/2010 21:00:00,       126.599923
02/22/2010 22:00:00,        92.114439
02/22/2010 23:00:00,        77.824537
02/23/2010 00:00:00,        34.495577
02/23/2010 01:00:00,        12.292703
02/23/2010 02:00:00,        31.218373
02/23/2010 03:00:00,        26.065367
02/23/2010 04:00:00,        45.436327
02/23/2010 05:00:00,        66.420090
02/23/2010 06:00:00,        77.678310
02/23/2010 07:00:00,        91.341496
02/23/2010 08:00:00,       100.122148
02/23/2010 09:00:00,       107.480012
02/23/2010 10:00:00,       107.245506
02/23/2010 11:00:00,       112.954930
02/23/2010 12:00:00,        98.983188
02/23/2010 13:00:00,       100.088745
02/23/2010 14:00:00,        93.729747
02/23/2010 15:00:00,        84.032637
02/23/2010 16:00:00,        85.403308
02/23/2010 17:00:00,       130.406068
02/23/2010 18:00:00,       142.736917
02/23/2010 19:00:00,       146.346309
02/23/2010 20:00:00,       165.742208
02/23/2010 21:00:00,       192.572466
02/23/2010 22:00:00,       207.079939
02/23/2010 23:00:00,       207.108813
02/24/2010 00:00:00,       197.568757
02/24/2010 01:00:00,       186.779241
02/24/2010 02:00:00,       180.434802
02/24/2010 03:00:00,       168.403629
02/24/2010 04:00:00,       184.488050
02/24/2010 05:00:00,       167.856739
02/24/2010 06:00:00,       165.584576
02/24/2010 07:00:00,       154.436544
02/24/2010 08:00:00,       155.704004
02/24/2010 09:00:00,       162.599846
02/24/2010 10:00:00,       162.344684
02/24/2010 11:00:00,       158.192056
02/24/2010 12:00:00,       134.334756
02/24/2010 13:00:00,       122.903726
02/24/2010 14:00:00,       131.373036
02/24/2010 15:00:00,        93.021293
02/24/2010 16:00:00,        78.750321
02/24/2010 17:00:00,        92.111150
02/24/2010 18:00:00,        81.876037
02/24/2010 19:00:00,        73.260397
02/24/2010 20:00:00,        66.190200
02/24/2010 21:00:00,        69.972491
02/24/2010 22:00:00,       129.292633
02/24/2010 23:00:00,       111.288659
02/25/2010 00:00:00,       147.142605
02/25/2010 01:00:00,       115.018145
02/25/2010 02:00:00,       162.805714
02/25/2010 03:00:00,       215.199770
02/25/2010 04:00:00,       210.364706
02/25/2010 05:00:00,       222.019609
02/25/2010 06:00:00,       118.633401
02/25/2010 07:00:00,       116.337197
02/25/2010 08:00:00,       129.905998
02/25/2010 09:00:00,       139.991148
02/25/2010 10:00:00,       122.423200
02/25/2010 11:00:00,       103.477077
02/25/2010 12:00:00,       102.127979
02/25/2010 13:00:00,       125.419466
02/25/2010 14:00:00,       145.828772
02/25/2010 15:00:00,       106.361698
02/25/2010 16:00:00,        79.556474
02/25/2010 17:00:00,        86.087385
02/25/2010 18:00:00,        92.542750
02/25/2010 19:00:00,        89.841904
02/25/2010 20:00:00,        86.718060
02/25/2010 21:00:00,       116.525968
02/25/2010 22:00:00,       128.266573
02/25/2010 23:00:00,       166.068489
02/26/2010 00:00:00,       227.047718
02/26/2010 01:00:00,       209.984746
02/26/2010 02:00:00,       192.047476
02/26/2010 03:00:00,       170.033805
02/26/2010 04:00:00,       169.127893
02/26/2010 05:00:00,       185.564479
02/26/2010 06:00:00,       173.244287
02/26/2010 07:00:00,       187.671809
02/26/2010 08:00:00,       179.050112
02/26/2010 09:00:00,       174.155681
02/26/2010 10:00:00,       209.769185
02/26/2010 11:00:00,       221.415701
02/26/2010 12:00:00,       221.293414
02/26/2010 13:00:00,       251.958024
02/26/2010 14:00:00,       237.632360
02/26/2010 15:00:00,       246.072834
02/26/2010 16:00:00,       217.433788
02/26/2010 17:00:00,       195.186164
02/26/2010 18:00:00,       201.534391
02/26/2010 19:00:00,       202.375985
02/26/2010 20:00:00,       204.349937
02/26/2010 21:00:00,       195.400424
02/26/2010 22:00:00,       183.849832
02/26/2010 23:00:00,       211.465042
02/27/2010 00:00:00,       218.844798
02/27/2010 01:00:00,       222.400852
02/27/2010 02:00:00,       239.748026
02/27/2010 03:00:00,       251.927383
02/27/2010 04:00:00,       274.927494
02/27/2010 05:00:00,       280.266461
02/27/2010 06:00:00,       297.406912
02/27/2010 07:00:00,       295.755345
02/27/2010 08:00:00,       273.321660
02/27/2010 09:00:00,       273.544081
02/27/2010 10:00:00,       279.540078
02/27/2010 11:00:00,       279.680302
02/27/2010 12:00:00,       274.890140
02/27/2010 13:00:00,       269.539999
02/27/2010 14:00:00,       226.843838
02/27/2010 15:00:00,       245.497842
02/27/2010 16:00:00,       237.578313
02/27/2010 17:00:00,       197.932742
02/27/2010 18:00:00,       168.891951
02/27/2010 19:00:00,       149.236211
02/27/2010 20:00:00,       131.056031
02/27/2010 21:00:00,       111.310653
02/27/2010 22:00:00,       116.643466
02/27/2010 23:00:00,       122.847693
02/28/2010 00:00:00,       125.123675
02/28/2010 01:00:00,        93.774233
02/28/2010 02:00:00,        75.035589
02/28/2010 03:00:00,        49.012671
02/28/2010 04:00:00,        49.085888
02/28/2010 05:00:00,        50.709737
02/28/2010 06:00:00,        34.409463
02/28/2010 07:00:00,        19.576088
02/28/2010 08:00:00,        21.528005
02/28/2010 09:00:00,        38.466584
02/28/2010 10:00:00,        37.582619
02/28/2010 11:00:00,        33.115330
02/28/2010 12:00:00,        29.314105
02/28/2010 13:00:00,        31.164460
02/28/2010 14:00:00,        31.892857
02/28/2010 15:00:00,        11.662154
02/28/2010 16:00:00,        13.388139
02/28/2010 17:00:00,        10.668726
02/28/2010 18:00:00,         3.023069
02/28/2010 19:00:00,         9.601775
02/28/2010 20:00:00,        21.195827
02/28/2010 21:00:00,         3.848422
02/28/2010 22:00:00,         0.000000
02/28/2010 23:00:00,         0.000000
03/01/2010 00:00:00,         0.000000
03/01/2010 01:00:00,         0.000000
03/01/2010 02:00:00,         0.000000
03/01/2010 03:00:00,         0.000000
03/01/2010 04:00:00,         0.000000
03/01/2010 05:00:00,         0.000000
03/01/2010 06:00:00,         0.000000
03/01/2010 07:00:00,         0.000000
03/01/2010 08:00:00,         0.000000
03/01/2010 09:00:00,         0.000000
03/01/2010 10:00:00,         0.000000
03/01/2010 11:00:00,         0.000000
03/01/2010 12:00:00,         0.000000
03/01/2010 13:00:00,         0.000000
03/01/2010 14:00:00,        31.378741
03/01/2010 15:00:00,       126.097572
03/01/2010 16:00:00,       312.492008
03/01/2010 17:00:00,       316.887631
03/01/2010 18:00:00,       318.749022
03/01/2010 19:00:00,       318.334520
03/01/2010 20:00:00,       319.375261
03/01/2010 21:00:00,       319.986941
03/01/2010 22:00:00,       319.976134
03/01/2010 23:00:00,       319.866085
03/02/2010 00:00:00,       319.898362
03/02/2010 01:00:00,       319.915873
03/02/2010 02:00:00,       319.854739
03/02/2010 03:00:00,       319.523238
03/02/2010 04:00:00,       319.268371
03/02/2010 05:00:00,       318.750656
03/02/2010 06:00:00,       317.581856
03/02/2010 07:00:00,       315.756212
03/02/2010 08:00:00,       314.050358
03/02/2010 09:00:00,       308.885981
03/02/2010 10:00:00,       295.395011
03/02/2010 11:00:00,       267.752534
03/02/2010 12:00:00,       252.893156
03/02/2010 13:00:00,       245.016880
03/02/2010 14:00:00,       206.661646
03/02/2010 15:00:00,       172.336517
03/02/2010 16:00:00,       136.553699
03/02/2010 17:00:00,       118.916439
03/02/2010 18:00:00,        96.709244
03/02/2010 19:00:00,        78.391517
03/02/2010 20:00:00,        60.002101
03/02/2010 21:00:00,        45.735424
03/02/2010 22:00:00,        32.606811
03/02/2010 23:00:00,        22.040565
03/03/2010 00:00:00,        10.682019
03/03/2010 01:00:00,         6.489672
03/03/2010 02:00:00,         3.160339
03/03/2010 03:00:00,         1.852006
03/03/2010 04:00:00,         1.928935
03/03/2010 05:00:00,         0.498417
03/03/2010 06:00:00,         0.005281
03/03/2010 07:00:00,         0.000000
03/03/2010 08:00:00,         0.624532
03/03/2010 09:00:00,        10.315786
03/03/2010 10:00:00,         8.785875
03/03/2010 11:00:00,         2.380576
03/03/2010 12:00:00,         0.711920
03/03/2010 13:00:00,         0.000000
03/03/2010 14:00:00,         0.000000
03/03/2010 15:00:00,         0.000000
03/03/2010 16:00:00,         0.000000
03/03/2010 17:00:00,         0.000000
03/03/2010 18:00:00,         0.000000
03/03/2010 19:00:00,        14.214340
03/03/2010 20:00:00,        56.598072
03/03/2010 21:00:00,        47.097897
03/03/2010 22:00:00,        49.309775
03/03/2010 23:00:00,        55.800559
03/04/2010 00:00:00,        73.812371
03/04/2010 01:00:00,        74.255656
03/04/2010 02:00:00,        57.344936
03/04/2010 03:00:00,        41.880252
03/04/2010 04:00:00,        54.971267
03/04/2010 05:00:00,        87.670925
03/04/2010 06:00:00,       119.769264
03/04/2010 07:00:00,        95.384641
03/04/2010 08:00:00,       110.137430
03/04/2010 09:00:00,       182.420627
03/04/2010 10:00:00,       157.423779
03/04/2010 11:00:00,       150.137399
03/04/2010 12:00:00,        51.590053
03/04/2010 13:00:00,       254.269229
03/04/2010 14:00:00,       286.669110
03/04/2010 15:00:00,       239.359869
03/04/2010 16:00:00,       239.469022
03/04/2010 17:00:00,       271.029658
03/04/2010 18:00:00,       317.702953
03/04/2010 19:00:00,       314.577198
03/04/2010 20:00:00,       313.808311
03/04/2010 21:00:00,       314.795046
03/04/2010 22:00:00,       314.408175
03/04/2010 23:00:00,       310.116275
03/05/2010 00:00:00,       300.087059
03/05/2010 01:00:00,       290.359314
03/05/2010 02:00:00,       245.494669
03/05/2010 03:00:00,       252.672228
03/05/2010 04:00:00,       274.929232
03/05/2010 05:00:00,       308.923595
03/05/2010 06:00:00,       310.770923
03/05/2010 07:00:00,       312.184024
03/05/2010 08:00:00,       313.408328
03/05/2010 09:00:00,       309.847847
03/05/2010 10:00:00,       297.757567
03/05/2010 11:00:00,       289.008603
03/05/2010 12:00:00,       282.664564
03/05/2010 13:00:00,       259.698919
03/05/2010 14:00:00,       218.367662
03/05/2010 15:00:00,       150.168389
03/05/2010 16:00:00,       100.002375
03/05/2010 17:00:00,        58.680906
03/05/2010 18:00:00,        40.869582
03/05/2010 19:00:00,        30.005001
03/05/2010 20:00:00,        16.634899
03/05/2010 21:00:00,         6.826058
03/05/2010 22:00:00,         0.690742
03/05/2010 23:00:00,         0.075400
03/06/2010 00:00:00,         0.367357
03/06/2010 01:00:00,        22.207208
03/06/2010 02:00:00,        75.960155
03/06/2010 03:00:00,       115.540496
03/06/2010 04:00:00,       112.445674
03/06/2010 05:00:00,        95.130953
03/06/2010 06:00:00,       124.680287
03/06/2010 07:00:00,       132.986481
03/06/2010 08:00:00,       118.195271
03/06/2010 09:00:00,       103.953734
03/06/2010 10:00:00,       112.596786
03/06/2010 11:00:00,       137.762494
03/06/2010 12:00:00,       183.262579
03/06/2010 13:00:00,       217.227942
03/06/2010 14:00:00,       236.251556
03/06/2010 15:00:00,       240.171769
03/06/2010 16:00:00,       234.754133
03/06/2010 17:00:00,       206.015012
03/06/2010 18:00:00,       167.845788
03/06/2010 19:00:00,       180.262914
03/06/2010 20:00:00,       234.779587
03/06/2010 21:00:00,       197.926427
03/06/2010 22:00:00,       177.327806
03/06/2010 23:00:00,       204.964314
03/07/2010 00:00:00,       186.249652
03/07/2010 01:00:00,        99.850007
03/07/2010 02:00:00,        60.259895
03/07/2010 03:00:00,        38.226584
03/07/2010 04:00:00,         2.763196
03/07/2010 05:00:00,         0.526933
03/07/2010 06:00:00,         0.396649
03/07/2010 07:00:00,         0.339646
03/07/2010 08:00:00,         2.932281
03/07/2010 09:00:00,         6.460542
03/07/2010 10:00:00,        18.580492
03/07/2010 11:00:00,        32.945436
03/07/2010 12:00:00,         0.000000
03/07/2010 13:00:00,         0.000000
03/07/2010 14:00:00,         0.000000
03/07/2010 15:00:00,         0.000000
03/07/2010 16:00:00,         9.005902
03/07/2010 17:00:00,         6.355677
03/07/2010 18:00:00,         5.409922
03/07/2010 19:00:00,         1.202462
03/07/2010 20:00:00,         7.017830
03/07/2010 21:00:00,        26.586114
03/07/2010 22:00:00,        77.774126
03/07/2010 23:00:00,       163.907873
03/08/2010 00:00:00,       209.632936
03/08/2010 01:00:00,       258.945380
03/08/2010 02:00:00,       305.992257
03/08/2010 03:00:00,       305.603528
03/08/2010 04:00:00,       245.444984
03/08/2010 05:00:00,       246.741134
03/08/2010 06:00:00,       309.585290
03/08/2010 07:00:00,       310.515847
03/08/2010 08:00:00,       312.737354
03/08/2010 09:00:00,       315.482138
03/08/2010 10:00:00,       309.904942
03/08/2010 11:00:00,       311.658546
03/08/2010 12:00:00,       314.285979
03/08/2010 13:00:00,       318.917403
03/08/2010 14:00:00,       319.128213
03/08/2010 15:00:00,       318.500967
03/08/2010 16:00:00,       319.158767
03/08/2010 17:00:00,       319.141246
03/08/2010 18:00:00,       319.106109
03/08/2010 19:00:00,       318.078294
03/08/2010 20:00:00,       317.195004
03/08/2010 21:00:00,       315.859223
03/08/2010 22:00:00,       307.889643
03/08/2010 23:00:00,       305.085530
03/09/2010 00:00:00,       284.789495
03/09/2010 01:00:00,       221.644404
03/09/2010 02:00:00,       277.301951
03/09/2010 03:00:00,       275.101604
03/09/2010 04:00:00,       278.969876
03/09/2010 05:00:00,       272.717814
03/09/2010 06:00:00,       259.006774
03/09/2010 07:00:00,       225.460637
03/09/2010 08:00:00,       218.413740
03/09/2010 09:00:00,       196.461740
03/09/2010 10:00:00,       193.984771
03/09/2010 11:00:00,       166.840123
03/09/2010 12:00:00,       166.563704
03/09/2010 13:00:00,       145.487294
03/09/2010 14:00:00,       140.331193
03/09/2010 15:00:00,       108.090269
03/09/2010 16:00:00,       101.809999
03/09/2010 17:00:00,        87.067931
03/09/2010 18:00:00,        99.718858
03/09/2010 19:00:00,       128.133210
03/09/2010 20:00:00,       147.101120
03/09/2010 21:00:00,       155.968933
03/09/2010 22:00:00,       168.587452
03/09/2010 23:00:00,       202.986745
03/10/2010 00:00:00,       245.623040
03/10/2010 01:00:00,       274.115438
03/10/2010 02:00:00,       287.756995
03/10/2010 03:00:00,       267.375584
03/10/2010 04:00:00,       210.504682
03/10/2010 05:00:00,       150.827567
03/10/2010 06:00:00,        74.640676
03/10/2010 07:00:00,        35.182352
03/10/2010 08:00:00,         7.756975
03/10/2010 09:00:00,         4.115523
03/10/2010 10:00:00,         7.034373
03/10/2010 11:00:00,        16.314974
03/10/2010 12:00:00,        24.314605
03/10/2010 13:00:00,        36.038882
03/10/2010 14:00:00,        32.147385
03/10/2010 15:00:00,        21.033142
03/10/2010 16:00:00,        18.398031
03/10/2010 17:00:00,        20.750261
03/10/2010 18:00:00,        14.827959
03/10/2010 19:00:00,        21.674773
03/10/2010 20:00:00,        26.199752
03/10/2010 21:00:00,        30.447371
03/10/2010 22:00:00,        19.032756
03/10/2010 23:00:00,        13.187304
03/11/2010 00:00:00,        15.840642
03/11/2010 01:00:00,        14.276287
03/11/2010 02:00:00,        10.883151
03/11/2010 03:00:00,         3.695844
03/11/2010 04:00:00,         9.605037
03/11/2010 05:00:00,        28.967652
03/11/2010 06:00:00,        17.572379
03/11/2010 07:00:00,        11.032053
03/11/2010 08:00:00,         3.974363
03/11/2010 09:00:00,         3.197899
03/11/2010 10:00:00,         3.572382
03/11/2010 11:00:00,         0.094730
03/11/2010 12:00:00,         0.000000
03/11/2010 13:00:00,         0.000000
03/11/2010 14:00:00,         0.000000
03/11/2010 15:00:00,         0.000000
03/11/2010 16:00:00,         1.172811
03/11/2010 17:00:00,         6.763939
03/11/2010 18:00:00,        18.968078
03/11/2010 19:00:00,        23.986581
03/11/2010 20:00:00,        25.057012
03/11/2010 21:00:00,        12.365056
03/11/2010 22:00:00,         2.360322
03/11/2010 23:00:00,         1.406113
03/12/2010 00:00:00,         2.387787
03/12/2010 01:00:00,         2.046846
03/12/2010 02:00:00,         2.157264
03/12/2010 03:00:00,         1.699627
03/12/2010 04:00:00,         0.492387
03/12/2010 05:00:00,         0.340799
03/12/2010 06:00:00,         0.873705
03/12/2010 07:00:00,         0.097406
03/12/2010 08:00:00,         0.000000
03/12/2010 09:00:00,         0.000000
03/12/2010 10:00:00,         0.000000
03/12/2010 11:00:00,         0.000000
03/12/2010 12:00:00,         0.000000
03/12/2010 13:00:00,         0.000000
03/12/2010 14:00:00,         1.713772
03/12/2010 15:00:00,        22.366524
03/12/2010 16:00:00,        24.365719
03/12/2010 17:00:00,        17.506039
03/12/2010 18:00:00,        13.916664
03/12/2010 19:00:00,         8.246402
03/12/2010 20:00:00,         1.854487
03/12/2010 21:00:00,         0.063280
03/12/2010 22:00:00,         0.000000
03/12/2010 23:00:00,         0.000000
03/13/2010 00:00:00,         0.000000
03/13/2010 01:00:00,         0.994074
03/13/2010 02:00:00,        27.276669
03/13/2010 03:00:00,       138.776536
03/13/2010 04:00:00,       171.524902
03/13/2010 05:00:00,       169.846712
03/13/2010 06:00:00,       180.766239
03/13/2010 07:00:00,       195.469613
03/13/2010 08:00:00,       228.045608
03/13/2010 09:00:00,       272.980943
03/13/2010 10:00:00,       302.644948
03/13/2010 11:00:00,       315.223217
03/13/2010 12:00:00,       318.256018
03/13/2010 13:00:00,       319.198733
03/13/2010 14:00:00,       318.643538
03/13/2010 15:00:00,       295.252942
03/13/2010 16:00:00,       210.874839
03/13/2010 17:00:00,        83.150163
03/13/2010 18:00:00,        29.362749
03/13/2010 19:00:00,         8.399375
03/13/2010 20:00:00,         6.116274
03/13/2010 21:00:00,         5.730519
03/13/2010 22:00:00,         6.416234
03/13/2010 23:00:00,         9.281967
03/14/2010 00:00:00,        33.191664
03/14/2010 01:00:00,        76.680627
03/14/2010 02:00:00,        79.935828
03/14/2010 03:00:00,       153.341877
03/14/2010 04:00:00,       253.818678
03/14/2010 05:00:00,       272.474471
03/14/2010 06:00:00,       274.185126
03/14/2010 07:00:00,       267.078825
03/14/2010 08:00:00,       264.317513
03/14/2010 09:00:00,       244.990266
03/14/2010 10:00:00,       249.670312
03/14/2010 11:00:00,       250.356547
03/14/2010 12:00:00,       217.875173
03/14/2010 13:00:00,       180.977181
03/14/2010 14:00:00,       227.265716
03/14/2010 15:00:00,       189.748437
03/14/2010 16:00:00,        63.193810
03/14/2010 17:00:00,         3.562889
03/14/2010 18:00:00,         0.000000
03/14/2010 19:00:00,         0.043899
03/14/2010 20:00:00,         0.090764
03/14/2010 21:00:00,         0.123894
03/14/2010 22:00:00,         0.063418
03/14/2010 23:00:00,         0.067228
03/15/2010 00:00:00,         0.705369
03/15/2010 01:00:00,         0.894002
03/15/2010 02:00:00,         0.283084
03/15/2010 03:00:00,         0.000000
03/15/2010 04:00:00,         0.000000
03/15/2010 05:00:00,         0.000000
03/15/2010 06:00:00,         0.000000
03/15/2010 07:00:00,         0.000000
03/15/2010 08:00:00,         0.433451
03/15/2010 09:00:00,        22.288251
03/15/2010 10:00:00,        28.828389
03/15/2010 11:00:00,        11.442151
03/15/2010 12:00:00,         4.117853
03/15/2010 13:00:00,        13.547610
03/15/2010 14:00:00,        30.515500
03/15/2010 15:00:00,        43.524195
03/15/2010 16:00:00,        11.403361
03/15/2010 17:00:00,        30.015128
03/15/2010 18:00:00,        65.693965
03/15/2010 19:00:00,        83.034551
03/15/2010 20:00:00,        84.360639
03/15/2010 21:00:00,        65.146855
03/15/2010 22:00:00,        74.072927
03/15/2010 23:00:00,        38.324711
03/16/2010 00:00:00,        59.656263
03/16/2010 01:00:00,        73.863583
03/16/2010 02:00:00,        55.673189
03/16/2010 03:00:00,        34.078155
03/16/2010 04:00:00,        10.387884
03/16/2010 05:00:00,        59.440131
03/16/2010 06:00:00,        55.101598
03/16/2010 07:00:00,        42.582132
03/16/2010 08:00:00,        33.499098
03/16/2010 09:00:00,        48.081466
03/16/2010 10:00:00,        37.418660
03/16/2010 11:00:00,         0.000000
03/16/2010 12:00:00,         0.000000
03/16/2010 13:00:00,         0.000000
03/16/2010 14:00:00,         0.000000
03/16/2010 15:00:00,         0.000000
03/16/2010 16:00:00,         0.000000
03/16/2010 17:00:00,         1.988734
03/16/2010 18:00:00,        14.577651
03/16/2010 19:00:00,        46.864290
03/16/2010 20:00:00,        20.211401
03/16/2010 21:00:00,        21.449947
03/16/2010 22:00:00,        11.362799
03/16/2010 23:00:00,        20.143918
03/17/2010 00:00:00,        40.504142
03/17/2010 01:00:00,        19.542880
03/17/2010 02:00:00,        20.107022
03/17/2010 03:00:00,        28.122044
03/17/2010 04:00:00,        40.178889
03/17/2010 05:00:00,        38.085367
03/17/2010 06:00:00,        35.338223
03/17/2010 07:00:00,        29.028688
03/17/2010 08:00:00,        28.679379
03/17/2010 09:00:00,        45.797156
03/17/2010 10:00:00,        94.011808
03/17/2010 11:00:00,       118.299793
03/17/2010 12:00:00,       257.910047
03/17/2010 13:00:00,       257.958040
03/17/2010 14:00:00,       113.327262
03/17/2010 15:00:00,        51.833542
03/17/2010 16:00:00,        16.123908
03/17/2010 17:00:00,        56.606758
03/17/2010 18:00:00,       122.209975
03/17/2010 19:00:00,       210.734311
03/17/2010 20:00:00,       270.955930
03/17/2010 21:00:00,       248.136264
03/17/2010 22:00:00,       257.187412
03/17/2010 23:00:00,       292.796558
03/18/2010 00:00:00,       305.503785
03/18/2010 01:00:00,       298.244241
03/18/2010 02:00:00,       306.732469
03/18/2010 03:00:00,       312.004532
03/18/2010 04:00:00,       300.185635
03/18/2010 05:00:00,       306.411751
03/18/2010 06:00:00,       313.002192
03/18/2010 07:00:00,       317.054815
03/18/2010 08:00:00,       306.282289
03/18/2010 09:00:00,       311.698639
03/18/2010 10:00:00,       300.562737
03/18/2010 11:00:00,       282.634246
03/18/2010 12:00:00,       284.527259
03/18/2010 13:00:00,       271.691103
03/18/2010 14:00:00,       252.549277
03/18/2010 15:00:00,       239.239090
03/18/2010 16:00:00,       239.965163
03/18/2010 17:00:00,       262.750248
03/18/2010 18:00:00,       286.760136
03/18/2010 19:00:00,       287.143213
03/18/2010 20:00:00,       301.461349
03/18/2010 21:00:00,       308.578466
03/18/2010 22:00:00,       304.543161
03/18/2010 23:00:00,       301.939552
03/19/2010 00:00:00,       295.011164
03/19/2010 01:00:00,       274.695147
03/19/2010 02:00:00,       236.854979
03/19/2010 03:00:00,       145.131357
03/19/2010 04:00:00,        87.620683
03/19/2010 05:00:00,        83.612955
03/19/2010 06:00:00,        59.761963
03/19/2010 07:00:00,        52.140256
03/19/2010 08:00:00,        34.185538
03/19/2010 09:00:00,        34.681972
03/19/2010 10:00:00,        26.080492
03/19/2010 11:00:00,        15.334525
03/19/2010 12:00:00,         0.642806
03/19/2010 13:00:00,         0.287168
03/19/2010 14:00:00,         0.466275
03/19/2010 15:00:00,         0.741889
03/19/2010 16:00:00,         0.000000
03/19/2010 17:00:00,         0.000000
03/19/2010 18:00:00,         0.206996
03/19/2010 19:00:00,         0.928017
03/19/2010 20:00:00,         3.489562
03/19/2010 21:00:00,         3.607966
03/19/2010 22:00:00,         8.012120
03/19/2010 23:00:00,        15.853331
03/20/2010 00:00:00,        13.956705
03/20/2010 01:00:00,        34.603916
03/20/2010 02:00:00,       117.868166
03/20/2010 03:00:00,       139.729920
03/20/2010 04:00:00,       205.280188
03/20/2010 05:00:00,       143.130062
03/20/2010 06:00:00,        88.593403
03/20/2010 07:00:00,        41.393948
03/20/2010 08:00:00,       125.772456
03/20/2010 09:00:00,        60.415883
03/20/2010 10:00:00,        53.707812
03/20/2010 11:00:00,        40.468169
03/20/2010 12:00:00,         0.000000
03/20/2010 13:00:00,         0.000000
03/20/2010 14:00:00,        44.070693
03/20/2010 15:00:00,        54.077861
03/20/2010 16:00:00,        94.087927
03/20/2010 17:00:00,       197.828590
03/20/2010 18:00:00,       258.908071
03/20/2010 19:00:00,       308.494154
03/20/2010 20:00:00,       318.401012
03/20/2010 21:00:00,       319.016541
03/20/2010 22:00:00,       319.201021
03/20/2010 23:00:00,       306.586365
03/21/2010 00:00:00,       314.554935
03/21/2010 01:00:00,       318.707545
03/21/2010 02:00:00,       319.908367
03/21/2010 03:00:00,       318.989126
03/21/2010 04:00:00,       316.694254
03/21/2010 05:00:00,       258.373889
03/21/2010 06:00:00,       170.959774
03/21/2010 07:00:00,       179.959692
03/21/2010 08:00:00,       146.711879
03/21/2010 09:00:00,       126.940818
03/21/2010 10:00:00,        95.398399
03/21/2010 11:00:00,        58.833726
03/21/2010 12:00:00,        40.038202
03/21/2010 13:00:00,        24.525393
03/21/2010 14:00:00,        10.693180
03/21/2010 15:00:00,         1.627473
03/21/2010 16:00:00,         2.390629
03/21/2010 17:00:00,         2.858476
03/21/2010 18:00:00,         2.809496
03/21/2010 19:00:00,         4.656386
03/21/2010 20:00:00,         3.224351
03/21/2010 21:00:00,         2.337099
03/21/2010 22:00:00,         0.245152
03/21/2010 23:00:00,         0.000000
03/22/2010 00:00:00,         0.000000
03/22/2010 01:00:00,         0.000000
03/22/2010 02:00:00,         0.000000
03/22/2010 03:00:00,         0.063689
03/22/2010 04:00:00,         5.023384
03/22/2010 05:00:00,        27.531395
03/22/2010 06:00:00,        70.474016
03/22/2010 07:00:00,        87.882756
03/22/2010 08:00:00,        76.794171
03/22/2010 09:00:00,        58.634129
03/22/2010 10:00:00,        56.518309
03/22/2010 11:00:00,        69.691144
03/22/2010 12:00:00,        87.044000
03/22/2010 13:00:00,       121.469021
03/22/2010 14:00:00,       137.789524
03/22/2010 15:00:00,        69.230472
03/22/2010 16:00:00,        20.222458
03/22/2010 17:00:00,        18.010647
03/22/2010 18:00:00,        22.913842
03/22/2010 19:00:00,        25.162078
03/22/2010 20:00:00,        54.058472
03/22/2010 21:00:00,        73.260159
03/22/2010 22:00:00,       130.492989
03/22/2010 23:00:00,       201.825030
03/23/2010 00:00:00,       178.839419
03/23/2010 01:00:00,       108.611670
03/23/2010 02:00:00,         7.091760
03/23/2010 03:00:00,         2.844431
03/23/2010 04:00:00,         5.809620
03/23/2010 05:00:00,         2.700148
03/23/2010 06:00:00,         5.316764
03/23/2010 07:00:00,        14.586401
03/23/2010 08:00:00,       132.700777
03/23/2010 09:00:00,       170.309773
03/23/2010 10:00:00,       189.872796
03/23/2010 11:00:00,       173.205957
03/23/2010 12:00:00,       170.407680
03/23/2010 13:00:00,       145.492072
03/23/2010 14:00:00,       146.538976
03/23/2010 15:00:00,       222.745648
03/23/2010 16:00:00,       241.414209
03/23/2010 17:00:00,       235.199973
03/23/2010 18:00:00,       238.580212
03/23/2010 19:00:00,       195.126467
03/23/2010 20:00:00,       185.243174
03/23/2010 21:00:00,       159.746157
03/23/2010 22:00:00,       127.392297
03/23/2010 23:00:00,       147.366940
03/24/2010 00:00:00,       193.031148
03/24/2010 01:00:00,       229.663089
03/24/2010 02:00:00,       266.161289
03/24/2010 03:00:00,       257.326346
03/24/2010 04:00:00,       249.886354
03/24/2010 05:00:00,       245.188374
03/24/2010 06:00:00,       242.631982
03/24/2010 07:00:00,       238.247540
03/24/2010 08:00:00,       197.078690
03/24/2010 09:00:00,        55.410076
03/24/2010 10:00:00,        38.719199
03/24/2010 11:00:00,        12.470119
03/24/2010 12:00:00,        41.920782
03/24/2010 13:00:00,        30.590663
03/24/2010 14:00:00,         0.000000
03/24/2010 15:00:00,         0.000000
03/24/2010 16:00:00,         0.000000
03/24/2010 17:00:00,         0.000000
03/24/2010 18:00:00,        47.949952
03/24/2010 19:00:00,        95.999657
03/24/2010 20:00:00,       112.000000
03/24/2010 21:00:00,       159.988732
03/24/2010 22:00:00,        95.966493
03/24/2010 23:00:00,        15.995598
03/25/2010 00:00:00,        79.989011
03/25/2010 01:00:00,       141.430599
03/25/2010 02:00:00,       247.243119
03/25/2010 03:00:00,       258.696745
03/25/2010 04:00:00,       310.458651
03/25/2010 05:00:00,       313.698727
03/25/2010 06:00:00,       310.028275
03/25/2010 07:00:00,       297.374412
03/25/2010 08:00:00,       299.959826
03/25/2010 09:00:00,       287.699247
03/25/2010 10:00:00,       254.429340
03/25/2010 11:00:00,       224.279685
03/25/2010 12:00:00,       180.875003
03/25/2010 13:00:00,       150.670968
03/25/2010 14:00:00,       132.014435
03/25/2010 15:00:00,        56.296828
03/25/2010 16:00:00,        60.316965
03/25/2010 17:00:00,        41.980117
03/25/2010 18:00:00,        12.159789
03/25/2010 19:00:00,         0.700637
03/25/2010 20:00:00,         1.595669
03/25/2010 21:00:00,         1.880686
03/25/2010 22:00:00,         4.453042
03/25/2010 23:00:00,       149.085073
03/26/2010 00:00:00,       305.225186
03/26/2010 01:00:00,       190.090560
03/26/2010 02:00:00,       302.011996
03/26/2010 03:00:00,       267.634636
03/26/2010 04:00:00,       294.665725
03/26/2010 05:00:00,       308.851329
03/26/2010 06:00:00,       319.506164
03/26/2010 07:00:00,       319.599713
03/26/2010 08:00:00,       307.660020
03/26/2010 09:00:00,       309.095181
03/26/2010 10:00:00,       302.254884
03/26/2010 11:00:00,       299.266541
03/26/2010 12:00:00,       299.250440
03/26/2010 13:00:00,       306.093768
03/26/2010 14:00:00,       306.818560
03/26/2010 15:00:00,       306.689189
03/26/2010 16:00:00,       300.445024
03/26/2010 17:00:00,       293.658598
03/26/2010 18:00:00,       296.003171
03/26/2010 19:00:00,       301.503633
03/26/2010 20:00:00,       306.776128
03/26/2010 21:00:00,       311.744111
03/26/2010 22:00:00,       313.658401
03/26/2010 23:00:00,       314.224265
03/27/2010 00:00:00,       315.279898
03/27/2010 01:00:00,       315.850545
03/27/2010 02:00:00,       314.053603
03/27/2010 03:00:00,       305.020986
03/27/2010 04:00:00,       276.350676
03/27/2010 05:00:00,       200.160165
03/27/2010 06:00:00,       259.646081
03/27/2010 07:00:00,       262.406480
03/27/2010 08:00:00,       226.283909
03/27/2010 09:00:00,       221.948533
03/27/2010 10:00:00,       197.712980
03/27/2010 11:00:00,       136.322363
03/27/2010 12:00:00,       107.252270
03/27/2010 13:00:00,        79.093050
03/27/2010 14:00:00,        53.519771
03/27/2010 15:00:00,        31.849132
03/27/2010 16:00:00,        30.462723
03/27/2010 17:00:00,        40.278702
03/27/2010 18:00:00,        39.137209
03/27/2010 19:00:00,        43.353026
03/27/2010 20:00:00,        46.245325
03/27/2010 21:00:00,        23.171797
03/27/2010 22:00:00,        12.889174
03/27/2010 23:00:00,         5.729032
03/28/2010 00:00:00,         6.196949
03/28/2010 01:00:00,         9.067441
03/28/2010 02:00:00,         8.519046
03/28/2010 03:00:00,         9.234265
03/28/2010 04:00:00,        40.079501
03/28/2010 05:00:00,       102.616254
03/28/2010 06:00:00,       219.364978
03/28/2010 07:00:00,       297.686146
03/28/2010 08:00:00,       316.958516
03/28/2010 09:00:00,       319.760857
03/28/2010 10:00:00,       319.977455
03/28/2010 11:00:00,       319.987727
03/28/2010 12:00:00,       319.990604
03/28/2010 13:00:00,       319.966943
03/28/2010 14:00:00,       319.916972
03/28/2010 15:00:00,       319.771175
03/28/2010 16:00:00,       319.762770
03/28/2010 17:00:00,       319.680494
03/28/2010 18:00:00,       319.743866
03/28/2010 19:00:00,       319.875017
03/28/2010 20:00:00,       319.898457
03/28/2010 21:00:00,       319.673824
03/28/2010 22:00:00,       319.747348
03/28/2010 23:00:00,       319.823724
03/29/2010 00:00:00,       319.952910
03/29/2010 01:00:00,       319.945534
03/29/2010 02:00:00,       319.934413
03/29/2010 03:00:00,       319.941837
03/29/2010 04:00:00,       319.945270
03/29/2010 05:00:00,       319.932004
03/29/2010 06:00:00,       319.886441
03/29/2010 07:00:00,       319.828710
03/29/2010 08:00:00,       319.552595
03/29/2010 09:00:00,       319.705225
03/29/2010 10:00:00,       319.891541
03/29/2010 11:00:00,       319.898468
03/29/2010 12:00:00,       319.966885
03/29/2010 13:00:00,       319.958947
03/29/2010 14:00:00,       319.955445
03/29/2010 15:00:00,       319.719191
03/29/2010 16:00:00,       319.077987
03/29/2010 17:00:00,       274.014790
03/29/2010 18:00:00,       244.911805
03/29/2010 19:00:00,       225.642426
03/29/2010 20:00:00,       177.640459
03/29/2010 21:00:00,       157.323770
03/29/2010 22:00:00,       137.457036
03/29/2010 23:00:00,       119.195724
03/30/2010 00:00:00,        95.548882
03/30/2010 01:00:00,        61.526874
03/30/2010 02:00:00,        33.435258
03/30/2010 03:00:00,        22.209817
03/30/2010 04:00:00,         7.810416
03/30/2010 05:00:00,         7.390528
03/30/2010 06:00:00,        19.630031
03/30/2010 07:00:00,         7.033053
03/30/2010 08:00:00,         0.600348
03/30/2010 09:00:00,         0.242038
03/30/2010 10:00:00,         0.033610
03/30/2010 11:00:00,         0.000000
03/30/2010 12:00:00,         0.000000
03/30/2010 13:00:00,         0.000000
03/30/2010 14:00:00,         0.000000
03/30/2010 15:00:00,         0.000000
03/30/2010 16:00:00,         8.524439
03/30/2010 17:00:00,        59.601645
03/30/2010 18:00:00,        72.518844
03/30/2010 19:00:00,        83.542589
03/30/2010 20:00:00,        91.176547
03/30/2010 21:00:00,       105.944999
03/30/2010 22:00:00,       109.577527
03/30/2010 23:00:00,       117.795423
03/31/2010 00:00:00,       125.292910
03/31/2010 01:00:00,       123.145793
03/31/2010 02:00:00,        97.265500
03/31/2010 03:00:00,        79.752575
03/31/2010 04:00:00,        95.724727
03/31/2010 05:00:00,       133.873979
03/31/2010 06:00:00,        96.838445
03/31/2010 07:00:00,        56.310309
03/31/2010 08:00:00,        39.380133
03/31/2010 09:00:00,        30.784958
03/31/2010 10:00:00,        21.158593
03/31/2010 11:00:00,        17.901669
03/31/2010 12:00:00,        22.041253
03/31/2010 13:00:00,        34.016066
03/31/2010 14:00:00,        35.649435
03/31/2010 15:00:00,        27.648174
03/31/2010 16:00:00,         0.000000
03/31/2010 17:00:00,         0.000000
03/31/2010 18:00:00,         0.000000
03/31/2010 19:00:00,         0.000000
03/31/2010 20:00:00,         0.000000
03/31/2010 21:00:00,         0.000000
03/31/2010 22:00:00,         0.000000
03/31/2010 23:00:00,         0.000000
04/01/2010 00:00:00,         0.000000
04/01/2010 01:00:00,         0.000000
04/01/2010 02:00:00,         0.000000
04/01/2010 03:00:00,         0.000000
04/01/2010 04:00:00,         0.000000
04/01/2010 05:00:00,        20.652773
04/01/2010 06:00:00,        30.362997
04/01/2010 07:00:00,        10.212053
04/01/2010 08:00:00,         7.617595
04/01/2010 09:00:00,        26.844949
04/01/2010 10:00:00,         8.411011
04/01/2010 11:00:00,         5.422835
04/01/2010 12:00:00,         0.927063
04/01/2010 13:00:00,         0.277496
04/01/2010 14:00:00,         0.100680
04/01/2010 15:00:00,         0.057240
04/01/2010 16:00:00,         0.022539
04/01/2010 17:00:00,         0.030811
04/01/2010 18:00:00,         0.000000
04/01/2010 19:00:00,         0.000000
04/01/2010 20:00:00,         0.184150
04/01/2010 21:00:00,         0.308484
04/01/2010 22:00:00,         0.249269
04/01/2010 23:00:00,         0.323238
04/02/2010 00:00:00,         0.124739
04/02/2010 01:00:00,         0.000000
04/02/2010 02:00:00,         0.000000
04/02/2010 03:00:00,         0.000000
04/02/2010 04:00:00,         0.000000
04/02/2010 05:00:00,         0.026254
04/02/2010 06:00:00,         7.139865
04/02/2010 07:00:00,        19.763236
04/02/2010 08:00:00,        19.449340
04/02/2010 09:00:00,        32.435778
04/02/2010 10:00:00,        27.818527
04/02/2010 11:00:00,        28.286024
04/02/2010 12:00:00,        28.376962
04/02/2010 13:00:00,        24.970040
04/02/2010 14:00:00,        17.028717
04/02/2010 15:00:00,        23.763988
04/02/2010 16:00:00,         2.669353
04/02/2010 17:00:00,         0.084137
04/02/2010 18:00:00,         0.018197
04/02/2010 19:00:00,         0.000000
04/02/2010 20:00:00,         0.002151
04/02/2010 21:00:00,         0.000000
04/02/2010 22:00:00,         0.000000
04/02/2010 23:00:00,         0.000000
04/03/2010 00:00:00,         0.029468
04/03/2010 01:00:00,         0.058741
04/03/2010 02:00:00,         3.113204
04/03/2010 03:00:00,        20.989754
04/03/2010 04:00:00,        38.265177
04/03/2010 05:00:00,        71.330965
04/03/2010 06:00:00,        82.756373
04/03/2010 07:00:00,       101.355420
04/03/2010 08:00:00,       113.790039
04/03/2010 09:00:00,       114.810085
04/03/2010 10:00:00,        82.464612
04/03/2010 11:00:00,        89.154683
04/03/2010 12:00:00,        87.381157
04/03/2010 13:00:00,        73.595532
04/03/2010 14:00:00,        39.482658
04/03/2010 15:00:00,        13.759606
04/03/2010 16:00:00,         4.849758
04/03/2010 17:00:00,        21.743026
04/03/2010 18:00:00,        30.050018
04/03/2010 19:00:00,        18.314408
04/03/2010 20:00:00,         6.788023
04/03/2010 21:00:00,         2.221986
04/03/2010 22:00:00,         5.620763
04/03/2010 23:00:00,        17.786749
04/04/2010 00:00:00,        23.348861
04/04/2010 01:00:00,        28.917328
04/04/2010 02:00:00,        59.054275
04/04/2010 03:00:00,       148.276375
04/04/2010 04:00:00,       182.626302
04/04/2010 05:00:00,       159.811907
04/04/2010 06:00:00,       149.876707
04/04/2010 07:00:00,        80.985135
04/04/2010 08:00:00,       119.476654
04/04/2010 09:00:00,        88.569000
04/04/2010 10:00:00,       137.259676
04/04/2010 11:00:00,       224.960093
04/04/2010 12:00:00,       238.725049
04/04/2010 13:00:00,       244.264812
04/04/2010 14:00:00,       161.022208
04/04/2010 15:00:00,        43.483590
04/04/2010 16:00:00,        10.078606
04/04/2010 17:00:00,        18.952030
04/04/2010 18:00:00,        39.437345
04/04/2010 19:00:00,       202.834880
04/04/2010 20:00:00,       304.025423
04/04/2010 21:00:00,       263.054136
04/04/2010 22:00:00,       311.900645
04/04/2010 23:00:00,       316.873325
04/05/2010 00:00:00,       315.793917
04/05/2010 01:00:00,       319.151532
04/05/2010 02:00:00,       319.572052
04/05/2010 03:00:00,       315.759563
04/05/2010 04:00:00,       289.736623
04/05/2010 05:00:00,       225.073703
04/05/2010 06:00:00,       171.578000
04/05/2010 07:00:00,       199.261211
04/05/2010 08:00:00,       162.066939
04/05/2010 09:00:00,       138.862729
04/05/2010 10:00:00,       146.656103
04/05/2010 11:00:00,       106.431436
04/05/2010 12:00:00,        60.474661
04/05/2010 13:00:00,        74.579911
04/05/2010 14:00:00,        84.297876
04/05/2010 15:00:00,        24.097474
04/05/2010 16:00:00,         0.735897
04/05/2010 17:00:00,        11.486713
04/05/2010 18:00:00,        17.397110
04/05/2010 19:00:00,        17.586910
04/05/2010 20:00:00,       129.950743
04/05/2010 21:00:00,        42.894443
04/05/2010 22:00:00,        50.693974
04/05/2010 23:00:00,        38.463240
04/06/2010 00:00:00,        41.124045
04/06/2010 01:00:00,       111.707598
04/06/2010 02:00:00,       162.564886
04/06/2010 03:00:00,       233.732049
04/06/2010 04:00:00,       156.252872
04/06/2010 05:00:00,       176.915847
04/06/2010 06:00:00,       209.705923
04/06/2010 07:00:00,       156.790073
04/06/2010 08:00:00,       248.101893
04/06/2010 09:00:00,       244.473168
04/06/2010 10:00:00,       276.883761
04/06/2010 11:00:00,       246.895738
04/06/2010 12:00:00,       255.595884
04/06/2010 13:00:00,       232.170395
04/06/2010 14:00:00,       255.723714
04/06/2010 15:00:00,       225.194530
04/06/2010 16:00:00,       240.003115
04/06/2010 17:00:00,       254.590942
04/06/2010 18:00:00,       270.344583
04/06/2010 19:00:00,       246.644902
04/06/2010 20:00:00,       219.854581
04/06/2010 21:00:00,       171.560720
04/06/2010 22:00:00,       147.663363
04/06/2010 23:00:00,       132.972758
04/07/2010 00:00:00,       117.162697
04/07/2010 01:00:00,       122.438544
04/07/2010 02:00:00,       149.816429
04/07/2010 03:00:00,       188.555399
04/07/2010 04:00:00,       223.830774
04/07/2010 05:00:00,       215.008770
04/07/2010 06:00:00,       181.990530
04/07/2010 07:00:00,       214.711830
04/07/2010 08:00:00,       234.136103
04/07/2010 09:00:00,       225.393758
04/07/2010 10:00:00,       250.614012
04/07/2010 11:00:00,       232.701021
04/07/2010 12:00:00,       124.552682
04/07/2010 13:00:00,        35.666622
04/07/2010 14:00:00,        20.030307
04/07/2010 15:00:00,        82.420786
04/07/2010 16:00:00,        44.549901
04/07/2010 17:00:00,        22.867256
04/07/2010 18:00:00,         4.296674
04/07/2010 19:00:00,         2.559488
04/07/2010 20:00:00,        17.126143
04/07/2010 21:00:00,        23.441265
04/07/2010 22:00:00,        26.912816
04/07/2010 23:00:00,        32.494935
04/08/2010 00:00:00,        57.861076
04/08/2010 01:00:00,       125.195869
04/08/2010 02:00:00,       277.469924
04/08/2010 03:00:00,       303.258723
04/08/2010 04:00:00,       196.454468
04/08/2010 05:00:00,       250.416620
04/08/2010 06:00:00,       190.360260
04/08/2010 07:00:00,       158.145906
04/08/2010 08:00:00,       178.928432
04/08/2010 09:00:00,       120.167704
04/08/2010 10:00:00,        80.422337
04/08/2010 11:00:00,        67.225870
04/08/2010 12:00:00,        57.229295
04/08/2010 13:00:00,        46.705317
04/08/2010 14:00:00,        33.819208
04/08/2010 15:00:00,        15.022936
04/08/2010 16:00:00,         4.596246
04/08/2010 17:00:00,         4.262207
04/08/2010 18:00:00,         3.093613
04/08/2010 19:00:00,         1.890155
04/08/2010 20:00:00,         2.672998
04/08/2010 21:00:00,        10.556578
04/08/2010 22:00:00,        28.191683
04/08/2010 23:00:00,        32.045619
04/09/2010 00:00:00,        43.204026
04/09/2010 01:00:00,        78.524383
04/09/2010 02:00:00,       122.090171
04/09/2010 03:00:00,       211.292591
04/09/2010 04:00:00,       250.233975
04/09/2010 05:00:00,       295.986444
04/09/2010 06:00:00,       258.712622
04/09/2010 07:00:00,       269.388569
04/09/2010 08:00:00,       279.911663
04/09/2010 09:00:00,       280.742777
04/09/2010 10:00:00,       302.876350
04/09/2010 11:00:00,       262.179582
04/09/2010 12:00:00,       277.940318
04/09/2010 13:00:00,       250.655901
04/09/2010 14:00:00,       267.376893
04/09/2010 15:00:00,       234.410103
04/09/2010 16:00:00,       176.808956
04/09/2010 17:00:00,       211.002818
04/09/2010 18:00:00,       165.270551
04/09/2010 19:00:00,       189.447666
04/09/2010 20:00:00,       197.745162
04/09/2010 21:00:00,       185.768905
04/09/2010 22:00:00,       143.380906
04/09/2010 23:00:00,       125.251085
04/10/2010 00:00:00,        74.718880
04/10/2010 01:00:00,        19.918312
04/10/2010 02:00:00,         2.842407
04/10/2010 03:00:00,         0.074137
04/10/2010 04:00:00,         0.675757
04/10/2010 05:00:00,        14.003141
04/10/2010 06:00:00,        56.016086
04/10/2010 07:00:00,        22.920444
04/10/2010 08:00:00,        52.699565
04/10/2010 09:00:00,        47.533633
04/10/2010 10:00:00,        24.411264
04/10/2010 11:00:00,         0.585088
04/10/2010 12:00:00,        49.580228
04/10/2010 13:00:00,       227.775491
04/10/2010 14:00:00,       223.091942
04/10/2010 15:00:00,       255.397609
04/10/2010 16:00:00,       319.022743
04/10/2010 17:00:00,       316.895382
04/10/2010 18:00:00,       319.807864
04/10/2010 19:00:00,       320.000000
04/10/2010 20:00:00,       320.000000
04/10/2010 21:00:00,       320.000000
04/10/2010 22:00:00,       320.000000
04/10/2010 23:00:00,       320.000000
04/11/2010 00:00:00,       320.000000
04/11/2010 01:00:00,       320.000000
04/11/2010 02:00:00,       320.000000
04/11/2010 03:00:00,       320.000000
04/11/2010 04:00:00,       320.000000
04/11/2010 05:00:00,       320.000000
04/11/2010 06:00:00,       319.995099
04/11/2010 07:00:00,       319.991843
04/11/2010 08:00:00,       320.000000
04/11/2010 09:00:00,       320.000000
04/11/2010 10:00:00,       320.000000
04/11/2010 11:00:00,       320.000000
04/11/2010 12:00:00,       320.000000
04/11/2010 13:00:00,       320.000000
04/11/2010 14:00:00,       320.000000
04/11/2010 15:00:00,       320.000000
04/11/2010 16:00:00,       320.000000
04/11/2010 17:00:00,       320.000000
04/11/2010 18:00:00,       320.000000
04/11/2010 19:00:00,       320.000000
04/11/2010 20:00:00,       319.992037
04/11/2010 21:00:00,       319.983389
04/11/2010 22:00:00,       319.979604
04/11/2010 23:00:00,       319.954261
04/12/2010 00:00:00,       319.718023
04/12/2010 01:00:00,       316.017659
04/12/2010 02:00:00,       298.061242
04/12/2010 03:00:00,       305.789921
04/12/2010 04:00:00,       314.122232
04/12/2010 05:00:00,       315.054033
04/12/2010 06:00:00,       297.600088
04/12/2010 07:00:00,       257.641940
04/12/2010 08:00:00,       229.448430
04/12/2010 09:00:00,       193.716275
04/12/2010 10:00:00,       143.094468
04/12/2010 11:00:00,       135.225572
04/12/2010 12:00:00,       133.636814
04/12/2010 13:00:00,       111.518439
04/12/2010 14:00:00,       104.323277
04/12/2010 15:00:00,        84.935863
04/12/2010 16:00:00,        91.326007
04/12/2010 17:00:00,        91.753426
04/12/2010 18:00:00,        86.697370
04/12/2010 19:00:00,        64.621460
04/12/2010 20:00:00,        62.374919
04/12/2010 21:00:00,        63.299476
04/12/2010 22:00:00,        77.851773
04/12/2010 23:00:00,       144.193979
04/13/2010 00:00:00,       229.274553
04/13/2010 01:00:00,       264.897223
04/13/2010 02:00:00,       266.063687
04/13/2010 03:00:00,       223.814103
04/13/2010 04:00:00,        89.810497
04/13/2010 05:00:00,        17.354160
04/13/2010 06:00:00,        15.516929
04/13/2010 07:00:00,        12.796656
04/13/2010 08:00:00,        16.618778
04/13/2010 09:00:00,        17.913086
04/13/2010 10:00:00,        20.053440
04/13/2010 11:00:00,        26.104506
04/13/2010 12:00:00,        24.847984
04/13/2010 13:00:00,        15.283330
04/13/2010 14:00:00,         3.612161
04/13/2010 15:00:00,         0.177552
04/13/2010 16:00:00,         0.000000
04/13/2010 17:00:00,         0.077279
04/13/2010 18:00:00,         0.514176
04/13/2010 19:00:00,         0.679556
04/13/2010 20:00:00,         1.367398
04/13/2010 21:00:00,         3.342822
04/13/2010 22:00:00,         1.860795
04/13/2010 23:00:00,         0.708609
04/14/2010 00:00:00,         0.352305
04/14/2010 01:00:00,         1.708790
04/14/2010 02:00:00,        30.519444
04/14/2010 03:00:00,        57.346692
04/14/2010 04:00:00,        97.672381
04/14/2010 05:00:00,       161.673242
04/14/2010 06:00:00,       170.184627
04/14/2010 07:00:00,        66.401651
04/14/2010 08:00:00,        84.188597
04/14/2010 09:00:00,        92.191126
04/14/2010 10:00:00,         0.663508
04/14/2010 11:00:00,        17.395208
04/14/2010 12:00:00,        29.904969
04/14/2010 13:00:00,        66.098365
04/14/2010 14:00:00,        55.618255
04/14/2010 15:00:00,        48.718518
04/14/2010 16:00:00,        30.191036
04/14/2010 17:00:00,        18.129258
04/14/2010 18:00:00,        15.923680
04/14/2010 19:00:00,        42.907340
04/14/2010 20:00:00,        66.817131
04/14/2010 21:00:00,        23.947965
04/14/2010 22:00:00,         7.009723
04/14/2010 23:00:00,         2.176665
04/15/2010 00:00:00,         0.992329
04/15/2010 01:00:00,         5.558099
04/15/2010 02:00:00,         1.065305
04/15/2010 03:00:00,         0.038223
04/15/2010 04:00:00,         0.123172
04/15/2010 05:00:00,         0.000000
04/15/2010 06:00:00,         1.805827
04/15/2010 07:00:00,         1.676432
04/15/2010 08:00:00,        10.930503
04/15/2010 09:00:00,        48.889025
04/15/2010 10:00:00,        70.592657
04/15/2010 11:00:00,         0.000000
04/15/2010 12:00:00,         0.000000
04/15/2010 13:00:00,         0.000000
04/15/2010 14:00:00,         0.000000
04/15/2010 15:00:00,         0.032663
04/15/2010 16:00:00,         1.556915
04/15/2010 17:00:00,        68.616824
04/15/2010 18:00:00,       124.358951
04/15/2010 19:00:00,       201.161477
04/15/2010 20:00:00,       206.624362
04/15/2010 21:00:00,       214.480692
04/15/2010 22:00:00,       222.389838
04/15/2010 23:00:00,       183.058005
04/16/2010 00:00:00,       133.160035
04/16/2010 01:00:00,        96.826208
04/16/2010 02:00:00,        63.802471
04/16/2010 03:00:00,         9.665756
04/16/2010 04:00:00,        40.575809
04/16/2010 05:00:00,       239.734672
04/16/2010 06:00:00,       299.164214
04/16/2010 07:00:00,       315.359801
04/16/2010 08:00:00,       314.402433
04/16/2010 09:00:00,       309.862992
04/16/2010 10:00:00,       311.403029
04/16/2010 11:00:00,       314.716339
04/16/2010 12:00:00,       315.233440
04/16/2010 13:00:00,       302.922568
04/16/2010 14:00:00,        88.258299
04/16/2010 15:00:00,        31.015732
04/16/2010 16:00:00,        24.838375
04/16/2010 17:00:00,        52.868123
04/16/2010 18:00:00,       100.707795
04/16/2010 19:00:00,       177.406262
04/16/2010 20:00:00,       183.767893
04/16/2010 21:00:00,       175.789005
04/16/2010 22:00:00,       147.417617
04/16/2010 23:00:00,        98.204692
04/17/2010 00:00:00,        46.902885
04/17/2010 01:00:00,        21.293590
04/17/2010 02:00:00,        21.718495
04/17/2010 03:00:00,        50.145521
04/17/2010 04:00:00,        60.661274
04/17/2010 05:00:00,        34.732568
04/17/2010 06:00:00,        21.684597
04/17/2010 07:00:00,        60.680337
04/17/2010 08:00:00,       107.376751
04/17/2010 09:00:00,       138.356061
04/17/2010 10:00:00,       156.894980
04/17/2010 11:00:00,        98.049030
04/17/2010 12:00:00,        61.166476
04/17/2010 13:00:00,        39.754638
04/17/2010 14:00:00,        20.315935
04/17/2010 15:00:00,        58.167971
04/17/2010 16:00:00,       130.395481
04/17/2010 17:00:00,       210.611305
04/17/2010 18:00:00,       283.819274
04/17/2010 19:00:00,       297.735564
04/17/2010 20:00:00,       312.622224
04/17/2010 21:00:00,       312.995652
04/17/2010 22:00:00,       315.237684
04/17/2010 23:00:00,       310.547505
04/18/2010 00:00:00,       283.239133
04/18/2010 01:00:00,       238.555762
04/18/2010 02:00:00,       195.943759
04/18/2010 03:00:00,       130.480635
04/18/2010 04:00:00,        75.484076
04/18/2010 05:00:00,        45.614432
04/18/2010 06:00:00,        55.378847
04/18/2010 07:00:00,        89.296643
04/18/2010 08:00:00,        46.787808
04/18/2010 09:00:00,        33.978627
04/18/2010 10:00:00,        17.311534
04/18/2010 11:00:00,         5.218785
04/18/2010 12:00:00,        18.435366
04/18/2010 13:00:00,        41.059806
04/18/2010 14:00:00,        70.956753
04/18/2010 15:00:00,       165.962954
04/18/2010 16:00:00,       194.323722
04/18/2010 17:00:00,       231.098713
04/18/2010 18:00:00,       244.447399
04/18/2010 19:00:00,       274.092870
04/18/2010 20:00:00,       273.955239
04/18/2010 21:00:00,       265.054337
04/18/2010 22:00:00,       209.121370
04/18/2010 23:00:00,       199.003671
04/19/2010 00:00:00,       176.575438
04/19/2010 01:00:00,       130.075411
04/19/2010 02:00:00,       105.900949
04/19/2010 03:00:00,       106.395084
04/19/2010 04:00:00,        87.933714
04/19/2010 05:00:00,        66.869718
04/19/2010 06:00:00,        76.968276
04/19/2010 07:00:00,       152.904133
04/19/2010 08:00:00,       241.671911
04/19/2010 09:00:00,       296.883107
04/19/2010 10:00:00,       289.177596
04/19/2010 11:00:00,       277.050987
04/19/2010 12:00:00,       288.016045
04/19/2010 13:00:00,       293.298584
04/19/2010 14:00:00,       284.189741
04/19/2010 15:00:00,       289.937542
04/19/2010 16:00:00,       279.783029
04/19/2010 17:00:00,       264.674389
04/19/2010 18:00:00,       224.640508
04/19/2010 19:00:00,       156.602825
04/19/2010 20:00:00,        88.411507
04/19/2010 21:00:00,        75.023544
04/19/2010 22:00:00,        48.625795
04/19/2010 23:00:00,        18.959875
04/20/2010 00:00:00,         5.559948
04/20/2010 01:00:00,         5.865390
04/20/2010 02:00:00,         2.331273
04/20/2010 03:00:00,         0.163605
04/20/2010 04:00:00,         0.106820
04/20/2010 05:00:00,         0.427938
04/20/2010 06:00:00,        12.653256
04/20/2010 07:00:00,        52.851810
04/20/2010 08:00:00,        66.145201
04/20/2010 09:00:00,        29.889230
04/20/2010 10:00:00,        68.332036
04/20/2010 11:00:00,        10.270226
04/20/2010 12:00:00,        14.319913
04/20/2010 13:00:00,        12.801777
04/20/2010 14:00:00,         0.000000
04/20/2010 15:00:00,         0.164693
04/20/2010 16:00:00,         1.704625
04/20/2010 17:00:00,         6.469410
04/20/2010 18:00:00,         6.670962
04/20/2010 19:00:00,        15.183186
04/20/2010 20:00:00,         6.631021
04/20/2010 21:00:00,        14.024560
04/20/2010 22:00:00,        10.938672
04/20/2010 23:00:00,         2.138132
04/21/2010 00:00:00,         0.430292
04/21/2010 01:00:00,         0.069987
04/21/2010 02:00:00,         1.089105
04/21/2010 03:00:00,         4.671860
04/21/2010 04:00:00,         0.233190
04/21/2010 05:00:00,         0.002155
04/21/2010 06:00:00,         1.921170
04/21/2010 07:00:00,        28.354449
04/21/2010 08:00:00,        55.493171
04/21/2010 09:00:00,        27.852610
04/21/2010 10:00:00,        49.918960
04/21/2010 11:00:00,        84.181467
04/21/2010 12:00:00,        72.855773
04/21/2010 13:00:00,        64.049140
04/21/2010 14:00:00,        16.491521
04/21/2010 15:00:00,        16.388202
04/21/2010 16:00:00,        34.122596
04/21/2010 17:00:00,        49.965902
04/21/2010 18:00:00,        34.746887
04/21/2010 19:00:00,        40.100686
04/21/2010 20:00:00,        42.547026
04/21/2010 21:00:00,        23.925989
04/21/2010 22:00:00,         1.656188
04/21/2010 23:00:00,         0.007009
04/22/2010 00:00:00,         0.000000
04/22/2010 01:00:00,         0.000000
04/22/2010 02:00:00,         0.000000
04/22/2010 03:00:00,         0.000000
04/22/2010 04:00:00,         0.000000
04/22/2010 05:00:00,         0.006899
04/22/2010 06:00:00,         0.000000
04/22/2010 07:00:00,         1.159411
04/22/2010 08:00:00,        15.210393
04/22/2010 09:00:00,        24.152069
04/22/2010 10:00:00,        21.379667
04/22/2010 11:00:00,        37.465001
04/22/2010 12:00:00,        31.419405
04/22/2010 13:00:00,        18.661407
04/22/2010 14:00:00,         7.432842
04/22/2010 15:00:00,         1.798098
04/22/2010 16:00:00,        10.169700
04/22/2010 17:00:00,        20.372242
04/22/2010 18:00:00,        25.797092
04/22/2010 19:00:00,        38.229988
04/22/2010 20:00:00,        43.997968
04/22/2010 21:00:00,        39.991052
04/22/2010 22:00:00,        32.612720
04/22/2010 23:00:00,        22.661783
04/23/2010 00:00:00,         6.304443
04/23/2010 01:00:00,         1.990395
04/23/2010 02:00:00,         0.770873
04/23/2010 03:00:00,         0.048828
04/23/2010 04:00:00,         0.035209
04/23/2010 05:00:00,         0.254609
04/23/2010 06:00:00,         1.014442
04/23/2010 07:00:00,         0.220879
04/23/2010 08:00:00,         1.805027
04/23/2010 09:00:00,         0.679378
04/23/2010 10:00:00,         0.039888
04/23/2010 11:00:00,         0.055326
04/23/2010 12:00:00,        12.898031
04/23/2010 13:00:00,         3.297711
04/23/2010 14:00:00,         0.598263
04/23/2010 15:00:00,        15.895835
04/23/2010 16:00:00,        32.910833
04/23/2010 17:00:00,        52.222364
04/23/2010 18:00:00,        75.217892
04/23/2010 19:00:00,        93.998793
04/23/2010 20:00:00,        95.048082
04/23/2010 21:00:00,        68.092216
04/23/2010 22:00:00,        53.794461
04/23/2010 23:00:00,        45.324209
04/24/2010 00:00:00,        42.846095
04/24/2010 01:00:00,        46.161651
04/24/2010 02:00:00,        30.246294
04/24/2010 03:00:00,        21.612428
04/24/2010 04:00:00,         5.072171
04/24/2010 05:00:00,         2.458200
04/24/2010 06:00:00,         0.216179
04/24/2010 07:00:00,         0.320001
04/24/2010 08:00:00,         0.785997
04/24/2010 09:00:00,        16.441286
04/24/2010 10:00:00,         2.118305
04/24/2010 11:00:00,         0.459494
04/24/2010 12:00:00,         0.558346
04/24/2010 13:00:00,         0.024759
04/24/2010 14:00:00,         0.421759
04/24/2010 15:00:00,         5.964493
04/24/2010 16:00:00,        13.974361
04/24/2010 17:00:00,         9.696600
04/24/2010 18:00:00,         3.052026
04/24/2010 19:00:00,         4.776214
04/24/2010 20:00:00,         0.549231
04/24/2010 21:00:00,         0.045615
04/24/2010 22:00:00,         0.261268
04/24/2010 23:00:00,         2.067066
04/25/2010 00:00:00,        12.967734
04/25/2010 01:00:00,         0.000000
04/25/2010 02:00:00,         0.000000
04/25/2010 03:00:00,         0.000000
04/25/2010 04:00:00,         0.980437
04/25/2010 05:00:00,         0.054746
04/25/2010 06:00:00,         0.121746
04/25/2010 07:00:00,         0.005178
04/25/2010 08:00:00,         0.097337
04/25/2010 09:00:00,         0.039069
04/25/2010 10:00:00,         0.422159
04/25/2010 11:00:00,         0.959792
04/25/2010 12:00:00,         0.851531
04/25/2010 13:00:00,         0.669194
04/25/2010 14:00:00,         0.384613
04/25/2010 15:00:00,         0.926843
04/25/2010 16:00:00,         0.669684
04/25/2010 17:00:00,         0.575849
04/25/2010 18:00:00,         3.325857
04/25/2010 19:00:00,         7.536367
04/25/2010 20:00:00,        46.765696
04/25/2010 21:00:00,        69.333674
04/25/2010 22:00:00,        65.417444
04/25/2010 23:00:00,        43.129057
04/26/2010 00:00:00,        46.390350
04/26/2010 01:00:00,        55.800329
04/26/2010 02:00:00,        79.171713
04/26/2010 03:00:00,        28.665085
04/26/2010 04:00:00,         1.690802
04/26/2010 05:00:00,        39.829248
04/26/2010 06:00:00,       265.280755
04/26/2010 07:00:00,       315.121434
04/26/2010 08:00:00,       319.616779
04/26/2010 09:00:00,       319.948042
04/26/2010 10:00:00,       319.564259
04/26/2010 11:00:00,       271.186775
04/26/2010 12:00:00,       300.371450
04/26/2010 13:00:00,       314.158574
04/26/2010 14:00:00,       312.487494
04/26/2010 15:00:00,       292.928709
04/26/2010 16:00:00,       287.628782
04/26/2010 17:00:00,       266.804764
04/26/2010 18:00:00,       220.430679
04/26/2010 19:00:00,       185.910322
04/26/2010 20:00:00,       145.603042
04/26/2010 21:00:00,       131.845718
04/26/2010 22:00:00,       116.779489
04/26/2010 23:00:00,        93.267705
04/27/2010 00:00:00,        91.561372
04/27/2010 01:00:00,        76.957516
04/27/2010 02:00:00,        65.773035
04/27/2010 03:00:00,        70.514073
04/27/2010 04:00:00,       100.069619
04/27/2010 05:00:00,        99.468617
04/27/2010 06:00:00,       104.558929
04/27/2010 07:00:00,        88.520807
04/27/2010 08:00:00,        71.729041
04/27/2010 09:00:00,        68.218517
04/27/2010 10:00:00,        71.710136
04/27/2010 11:00:00,        56.528151
04/27/2010 12:00:00,        45.343074
04/27/2010 13:00:00,        25.508224
04/27/2010 14:00:00,        40.640883
04/27/2010 15:00:00,       109.144958
04/27/2010 16:00:00,       136.922172
04/27/2010 17:00:00,       188.912586
04/27/2010 18:00:00,       236.632979
04/27/2010 19:00:00,       265.415189
04/27/2010 20:00:00,       273.836134
04/27/2010 21:00:00,       271.292724
04/27/2010 22:00:00,       245.728753
04/27/2010 23:00:00,       231.975533
04/28/2010 00:00:00,       203.347282
04/28/2010 01:00:00,       180.258996
04/28/2010 02:00:00,       172.548151
04/28/2010 03:00:00,       152.397432
04/28/2010 04:00:00,       124.396570
04/28/2010 05:00:00,       106.706420
04/28/2010 06:00:00,        81.944845
04/28/2010 07:00:00,       102.738498
04/28/2010 08:00:00,       122.000957
04/28/2010 09:00:00,        90.753061
04/28/2010 10:00:00,        69.061009
04/28/2010 11:00:00,        75.408930
04/28/2010 12:00:00,        53.527485
04/28/2010 13:00:00,        19.768174
04/28/2010 14:00:00,        10.948963
04/28/2010 15:00:00,         8.320895
04/28/2010 16:00:00,         4.120423
04/28/2010 17:00:00,         4.077189
04/28/2010 18:00:00,         2.133070
04/28/2010 19:00:00,         0.791964
04/28/2010 20:00:00,         0.066281
04/28/2010 21:00:00,         0.350772
04/28/2010 22:00:00,         1.232875
04/28/2010 23:00:00,        44.201905
04/29/2010 00:00:00,        36.299542
04/29/2010 01:00:00,        14.709087
04/29/2010 02:00:00,        26.172640
04/29/2010 03:00:00,        66.186452
04/29/2010 04:00:00,        93.079260
04/29/2010 05:00:00,        29.053470
04/29/2010 06:00:00,        16.952309
04/29/2010 07:00:00,        19.551666
04/29/2010 08:00:00,        32.175578
04/29/2010 09:00:00,        32.674606
04/29/2010 10:00:00,        12.087455
04/29/2010 11:00:00,        11.435952
04/29/2010 12:00:00,        19.451075
04/29/2010 13:00:00,        26.021464
04/29/2010 14:00:00,        28.882473
04/29/2010 15:00:00,        41.298388
04/29/2010 16:00:00,        46.124531
04/29/2010 17:00:00,       100.696227
04/29/2010 18:00:00,       188.920712
04/29/2010 19:00:00,       223.178970
04/29/2010 20:00:00,       302.172766
04/29/2010 21:00:00,       306.527872
04/29/2010 22:00:00,       273.852770
04/29/2010 23:00:00,       318.824835
04/30/2010 00:00:00,       319.164379
04/30/2010 01:00:00,       318.434277
04/30/2010 02:00:00,       318.258969
04/30/2010 03:00:00,       317.158912
04/30/2010 04:00:00,       317.185835
04/30/2010 05:00:00,       316.791472
04/30/2010 06:00:00,       318.024246
04/30/2010 07:00:00,       318.684918
04/30/2010 08:00:00,       318.827617
04/30/2010 09:00:00,       318.321356
04/30/2010 10:00:00,       313.374506
04/30/2010 11:00:00,       301.688069
04/30/2010 12:00:00,       291.377290
04/30/2010 13:00:00,       248.299864
04/30/2010 14:00:00,       217.196978
04/30/2010 15:00:00,       145.782623
04/30/2010 16:00:00,       124.628411
04/30/2010 17:00:00,       178.597263
04/30/2010 18:00:00,       261.485922
04/30/2010 19:00:00,       244.456955
04/30/2010 20:00:00,       172.658324
04/30/2010 21:00:00,       263.858432
04/30/2010 22:00:00,       271.534128
04/30/2010 23:00:00,       233.356773
05/01/2010 00:00:00,       234.162127
05/01/2010 01:00:00,       247.932035
05/01/2010 02:00:00,       278.818536
05/01/2010 03:00:00,       300.259907
05/01/2010 04:00:00,       307.038622
05/01/2010 05:00:00,       294.874737
05/01/2010 06:00:00,       284.419719
05/01/2010 07:00:00,       275.729957
05/01/2010 08:00:00,       270.117208
05/01/2010 09:00:00,       270.395009
05/01/2010 10:00:00,       257.616407
05/01/2010 11:00:00,       247.640213
05/01/2010 12:00:00,       237.373964
05/01/2010 13:00:00,       182.306954
05/01/2010 14:00:00,       144.001537
05/01/2010 15:00:00,        93.919257
05/01/2010 16:00:00,        73.774424
05/01/2010 17:00:00,        61.564402
05/01/2010 18:00:00,        52.494757
05/01/2010 19:00:00,        47.274912
05/01/2010 20:00:00,        35.037182
05/01/2010 21:00:00,        25.613771
05/01/2010 22:00:00,         8.012735
05/01/2010 23:00:00,         0.497255
05/02/2010 00:00:00,         0.147493
05/02/2010 01:00:00,         1.238385
05/02/2010 02:00:00,         7.324764
05/02/2010 03:00:00,        55.412109
05/02/2010 04:00:00,       101.647057
05/02/2010 05:00:00,       200.961345
05/02/2010 06:00:00,       286.271001
05/02/2010 07:00:00,       299.662695
05/02/2010 08:00:00,       283.546003
05/02/2010 09:00:00,       275.209549
05/02/2010 10:00:00,       180.957877
05/02/2010 11:00:00,       164.188055
05/02/2010 12:00:00,       295.555429
05/02/2010 13:00:00,       105.803253
05/02/2010 14:00:00,        57.016085
05/02/2010 15:00:00,        29.043345
05/02/2010 16:00:00,        17.951728
05/02/2010 17:00:00,         8.475332
05/02/2010 18:00:00,         9.341598
05/02/2010 19:00:00,        17.892489
05/02/2010 20:00:00,        20.474784
05/02/2010 21:00:00,        13.646820
05/02/2010 22:00:00,         0.000000
05/02/2010 23:00:00,         0.000000
05/03/2010 00:00:00,         0.000000
05/03/2010 01:00:00,         0.000000
05/03/2010 02:00:00,         5.182657
05/03/2010 03:00:00,         9.906360
05/03/2010 04:00:00,         0.190599
05/03/2010 05:00:00,        11.526423
05/03/2010 06:00:00,         8.723652
05/03/2010 07:00:00,         6.662310
05/03/2010 08:00:00,        13.205886
05/03/2010 09:00:00,         9.142636
05/03/2010 10:00:00,        25.847228
05/03/2010 11:00:00,        19.617081
05/03/2010 12:00:00,        24.799653
05/03/2010 13:00:00,        16.732692
05/03/2010 14:00:00,        27.012243
05/03/2010 15:00:00,         7.167107
05/03/2010 16:00:00,        67.526686
05/03/2010 17:00:00,       223.778872
05/03/2010 18:00:00,       174.364145
05/03/2010 19:00:00,       216.623341
05/03/2010 20:00:00,       266.424355
05/03/2010 21:00:00,       156.872235
05/03/2010 22:00:00,       116.037791
05/03/2010 23:00:00,        18.669909
05/04/2010 00:00:00,         8.840493
05/04/2010 01:00:00,        18.110190
05/04/2010 02:00:00,        36.512609
05/04/2010 03:00:00,       109.264532
05/04/2010 04:00:00,       133.595075
05/04/2010 05:00:00,        63.213741
05/04/2010 06:00:00,       272.205771
05/04/2010 07:00:00,       317.192244
05/04/2010 08:00:00,       313.945802
05/04/2010 09:00:00,       306.975519
05/04/2010 10:00:00,       314.168009
05/04/2010 11:00:00,       307.468868
05/04/2010 12:00:00,       271.566895
05/04/2010 13:00:00,       187.968355
05/04/2010 14:00:00,        78.609572
05/04/2010 15:00:00,        41.094279
05/04/2010 16:00:00,         6.291010
05/04/2010 17:00:00,        15.367994
05/04/2010 18:00:00,        38.744842
05/04/2010 19:00:00,        30.412827
05/04/2010 20:00:00,        35.087156
05/04/2010 21:00:00,        48.971349
05/04/2010 22:00:00,        64.251680
05/04/2010 23:00:00,        96.037195
05/05/2010 00:00:00,        79.504753
05/05/2010 01:00:00,       108.692028
05/05/2010 02:00:00,       168.923696
05/05/2010 03:00:00,       141.090078
05/05/2010 04:00:00,        58.413232
05/05/2010 05:00:00,        74.005548
05/05/2010 06:00:00,       114.502704
05/05/2010 07:00:00,       158.419641
05/05/2010 08:00:00,       202.184673
05/05/2010 09:00:00,       147.635828
05/05/2010 10:00:00,       114.769394
05/05/2010 11:00:00,        73.381248
05/05/2010 12:00:00,        68.018895
05/05/2010 13:00:00,        54.498465
05/05/2010 14:00:00,        42.043698
05/05/2010 15:00:00,        37.601171
05/05/2010 16:00:00,        33.974824
05/05/2010 17:00:00,        30.569456
05/05/2010 18:00:00,        14.507875
05/05/2010 19:00:00,         4.143348
05/05/2010 20:00:00,         1.566741
05/05/2010 21:00:00,         4.203041
05/05/2010 22:00:00,         0.641687
05/05/2010 23:00:00,         0.424786
05/06/2010 00:00:00,         0.000000
05/06/2010 01:00:00,         0.000000
05/06/2010 02:00:00,         0.000000
05/06/2010 03:00:00,         0.000000
05/06/2010 04:00:00,         0.000000
05/06/2010 05:00:00,         0.923343
05/06/2010 06:00:00,        23.236820
05/06/2010 07:00:00,        41.590607
05/06/2010 08:00:00,        73.806337
05/06/2010 09:00:00,       283.197549
05/06/2010 10:00:00,       299.775372
05/06/2010 11:00:00,       313.228821
05/06/2010 12:00:00,       305.079547
05/06/2010 13:00:00,       253.759873
05/06/2010 14:00:00,       315.275892
05/06/2010 15:00:00,       319.154123
05/06/2010 16:00:00,       281.766608
05/06/2010 17:00:00,       317.278541
05/06/2010 18:00:00,       143.458976
05/06/2010 19:00:00,       303.516469
05/06/2010 20:00:00,       201.822668
05/06/2010 21:00:00,        29.477550
05/06/2010 22:00:00,        16.902155
05/06/2010 23:00:00,         5.518372
05/07/2010 00:00:00,        98.264563
05/07/2010 01:00:00,        90.135009
05/07/2010 02:00:00,        54.847802
05/07/2010 03:00:00,        10.122035
05/07/2010 04:00:00,         0.042667
05/07/2010 05:00:00,        18.418111
05/07/2010 06:00:00,       280.637225
05/07/2010 07:00:00,       311.860901
05/07/2010 08:00:00,       319.486530
05/07/2010 09:00:00,       319.973949
05/07/2010 10:00:00,       319.995727
05/07/2010 11:00:00,       319.990078
05/07/2010 12:00:00,       319.979527
05/07/2010 13:00:00,       319.980671
05/07/2010 14:00:00,       319.994818
05/07/2010 15:00:00,       320.000000
05/07/2010 16:00:00,       320.000000
05/07/2010 17:00:00,       320.000000
05/07/2010 18:00:00,       320.000000
05/07/2010 19:00:00,       320.000000
05/07/2010 20:00:00,       320.000000
05/07/2010 21:00:00,       320.000000
05/07/2010 22:00:00,       320.000000
05/07/2010 23:00:00,       320.000000
05/08/2010 00:00:00,       320.000000
05/08/2010 01:00:00,       320.000000
05/08/2010 02:00:00,       319.611477
05/08/2010 03:00:00,       318.888026
05/08/2010 04:00:00,       315.061911
05/08/2010 05:00:00,       314.834883
05/08/2010 06:00:00,       308.867538
05/08/2010 07:00:00,       303.321094
05/08/2010 08:00:00,       301.875753
05/08/2010 09:00:00,       288.414046
05/08/2010 10:00:00,       268.735626
05/08/2010 11:00:00,       230.022056
05/08/2010 12:00:00,       176.261532
05/08/2010 13:00:00,       106.263458
05/08/2010 14:00:00,        79.254372
05/08/2010 15:00:00,        62.667153
05/08/2010 16:00:00,        33.828771
05/08/2010 17:00:00,        20.976728
05/08/2010 18:00:00,        16.308609
05/08/2010 19:00:00,         9.401373
05/08/2010 20:00:00,         1.806679
05/08/2010 21:00:00,         2.668660
05/08/2010 22:00:00,         6.764469
05/08/2010 23:00:00,        13.187712
05/09/2010 00:00:00,        24.028986
05/09/2010 01:00:00,        18.789026
05/09/2010 02:00:00,        38.548852
05/09/2010 03:00:00,        25.800486
05/09/2010 04:00:00,        30.576381
05/09/2010 05:00:00,        39.853155
05/09/2010 06:00:00,        17.721668
05/09/2010 07:00:00,        12.552590
05/09/2010 08:00:00,         6.525700
05/09/2010 09:00:00,         3.798813
05/09/2010 10:00:00,         5.578419
05/09/2010 11:00:00,        17.119792
05/09/2010 12:00:00,        19.363302
05/09/2010 13:00:00,        34.065499
05/09/2010 14:00:00,         8.949639
05/09/2010 15:00:00,        20.899386
05/09/2010 16:00:00,        29.086050
05/09/2010 17:00:00,        10.650866
05/09/2010 18:00:00,        17.989627
05/09/2010 19:00:00,         2.617315
05/09/2010 20:00:00,         4.750869
05/09/2010 21:00:00,        12.884748
05/09/2010 22:00:00,        30.491783
05/09/2010 23:00:00,        58.137935
05/10/2010 00:00:00,       101.691447
05/10/2010 01:00:00,       289.373777
05/10/2010 02:00:00,       318.104334
05/10/2010 03:00:00,       315.167585
05/10/2010 04:00:00,       276.426878
05/10/2010 05:00:00,       238.118166
05/10/2010 06:00:00,       248.568410
05/10/2010 07:00:00,       243.573950
05/10/2010 08:00:00,       239.314796
05/10/2010 09:00:00,       225.846002
05/10/2010 10:00:00,       201.024838
05/10/2010 11:00:00,       185.584105
05/10/2010 12:00:00,       143.367741
05/10/2010 13:00:00,       123.498092
05/10/2010 14:00:00,       107.493170
05/10/2010 15:00:00,       102.812737
05/10/2010 16:00:00,       109.883897
05/10/2010 17:00:00,       121.225157
05/10/2010 18:00:00,       131.401615
05/10/2010 19:00:00,       159.679428
05/10/2010 20:00:00,       174.256514
05/10/2010 21:00:00,       184.024020
05/10/2010 22:00:00,       176.779629
05/10/2010 23:00:00,       162.873693
05/11/2010 00:00:00,       160.709303
05/11/2010 01:00:00,       155.078283
05/11/2010 02:00:00,       153.901412
05/11/2010 03:00:00,       187.675801
05/11/2010 04:00:00,       150.625901
05/11/2010 05:00:00,       114.952851
05/11/2010 06:00:00,       114.366644
05/11/2010 07:00:00,        98.565786
05/11/2010 08:00:00,        98.592262
05/11/2010 09:00:00,        71.293703
05/11/2010 10:00:00,        33.147901
05/11/2010 11:00:00,        14.234930
05/11/2010 12:00:00,         7.968922
05/11/2010 13:00:00,         3.035100
05/11/2010 14:00:00,         2.779876
05/11/2010 15:00:00,         3.317549
05/11/2010 16:00:00,         7.575934
05/11/2010 17:00:00,        10.743169
05/11/2010 18:00:00,        11.270790
05/11/2010 19:00:00,        16.133403
05/11/2010 20:00:00,        10.434042
05/11/2010 21:00:00,        10.970898
05/11/2010 22:00:00,         4.836396
05/11/2010 23:00:00,        12.880141
05/12/2010 00:00:00,        20.777102
05/12/2010 01:00:00,        11.980910
05/12/2010 02:00:00,        31.310570
05/12/2010 03:00:00,        48.076670
05/12/2010 04:00:00,        45.469937
05/12/2010 05:00:00,        12.149973
05/12/2010 06:00:00,        42.257880
05/12/2010 07:00:00,        48.840382
05/12/2010 08:00:00,        39.343210
05/12/2010 09:00:00,        22.598074
05/12/2010 10:00:00,        10.710257
05/12/2010 11:00:00,         1.770748
05/12/2010 12:00:00,         0.156325
05/12/2010 13:00:00,         0.000000
05/12/2010 14:00:00,         5.144711
05/12/2010 15:00:00,        61.271203
05/12/2010 16:00:00,        30.332590
05/12/2010 17:00:00,        24.333731
05/12/2010 18:00:00,        18.085224
05/12/2010 19:00:00,        14.513352
05/12/2010 20:00:00,        31.574439
05/12/2010 21:00:00,         6.533187
05/12/2010 22:00:00,         7.130648
05/12/2010 23:00:00,        12.475901
05/13/2010 00:00:00,         2.424902
05/13/2010 01:00:00,         9.175292
05/13/2010 02:00:00,         0.051078
05/13/2010 03:00:00,         0.089970
05/13/2010 04:00:00,         0.160733
05/13/2010 05:00:00,         0.794420
05/13/2010 06:00:00,        28.137975
05/13/2010 07:00:00,        58.165429
05/13/2010 08:00:00,       180.925340
05/13/2010 09:00:00,       223.906977
05/13/2010 10:00:00,       218.114901
05/13/2010 11:00:00,       178.146302
05/13/2010 12:00:00,       143.537525
05/13/2010 13:00:00,       171.854344
05/13/2010 14:00:00,       185.969772
05/13/2010 15:00:00,       171.913704
05/13/2010 16:00:00,       202.772856
05/13/2010 17:00:00,       236.874822
05/13/2010 18:00:00,       250.854070
05/13/2010 19:00:00,       276.494305
05/13/2010 20:00:00,       317.896326
05/13/2010 21:00:00,       311.019987
05/13/2010 22:00:00,       237.029873
05/13/2010 23:00:00,       125.267268
05/14/2010 00:00:00,        59.758767
05/14/2010 01:00:00,        33.150488
05/14/2010 02:00:00,        43.697426
05/14/2010 03:00:00,        43.372386
05/14/2010 04:00:00,        57.383517
05/14/2010 05:00:00,        66.334300
05/14/2010 06:00:00,        89.232716
05/14/2010 07:00:00,        94.479253
05/14/2010 08:00:00,        96.252600
05/14/2010 09:00:00,        88.569655
05/14/2010 10:00:00,        56.480849
05/14/2010 11:00:00,        45.382820
05/14/2010 12:00:00,        38.388432
05/14/2010 13:00:00,        26.303548
05/14/2010 14:00:00,        17.127107
05/14/2010 15:00:00,        14.257441
05/14/2010 16:00:00,        17.927639
05/14/2010 17:00:00,        15.242162
05/14/2010 18:00:00,         7.858642
05/14/2010 19:00:00,         5.988614
05/14/2010 20:00:00,         2.909446
05/14/2010 21:00:00,         9.477172
05/14/2010 22:00:00,        32.038132
05/14/2010 23:00:00,        44.316575
05/15/2010 00:00:00,        43.845199
05/15/2010 01:00:00,        46.818189
05/15/2010 02:00:00,        58.983149
05/15/2010 03:00:00,        64.184520
05/15/2010 04:00:00,        37.410706
05/15/2010 05:00:00,        29.254032
05/15/2010 06:00:00,        18.800450
05/15/2010 07:00:00,        23.091234
05/15/2010 08:00:00,        20.715023
05/15/2010 09:00:00,        39.322267
05/15/2010 10:00:00,        30.023089
05/15/2010 11:00:00,        24.037082
05/15/2010 12:00:00,        16.315489
05/15/2010 13:00:00,         5.691778
05/15/2010 14:00:00,        45.289322
05/15/2010 15:00:00,        63.128416
05/15/2010 16:00:00,        81.823819
05/15/2010 17:00:00,        95.001018
05/15/2010 18:00:00,        80.607396
05/15/2010 19:00:00,        24.837452
05/15/2010 20:00:00,        26.291212
05/15/2010 21:00:00,         1.805011
05/15/2010 22:00:00,         0.692463
05/15/2010 23:00:00,         2.229923
05/16/2010 00:00:00,        12.013286
05/16/2010 01:00:00,         3.783192
05/16/2010 02:00:00,        12.058023
05/16/2010 03:00:00,        43.432499
05/16/2010 04:00:00,         2.392673
05/16/2010 05:00:00,         2.949395
05/16/2010 06:00:00,        10.620169
05/16/2010 07:00:00,        43.851096
05/16/2010 08:00:00,       234.729855
05/16/2010 09:00:00,       228.325317
05/16/2010 10:00:00,       129.350913
05/16/2010 11:00:00,        76.802426
05/16/2010 12:00:00,        42.873323
05/16/2010 13:00:00,        20.107009
05/16/2010 14:00:00,        18.040635
05/16/2010 15:00:00,        26.756066
05/16/2010 16:00:00,        31.597355
05/16/2010 17:00:00,        24.094634
05/16/2010 18:00:00,        26.036048
05/16/2010 19:00:00,        31.815997
05/16/2010 20:00:00,        35.933303
05/16/2010 21:00:00,        59.849743
05/16/2010 22:00:00,        73.402452
05/16/2010 23:00:00,        90.797297
05/17/2010 00:00:00,        73.339875
05/17/2010 01:00:00,        67.371006
05/17/2010 02:00:00,        78.481931
05/17/2010 03:00:00,        85.277501
05/17/2010 04:00:00,       183.387176
05/17/2010 05:00:00,       217.850077
05/17/2010 06:00:00,       187.379441
05/17/2010 07:00:00,       201.216505
05/17/2010 08:00:00,       266.085361
05/17/2010 09:00:00,       280.529823
05/17/2010 10:00:00,       247.219500
05/17/2010 11:00:00,       174.697267
05/17/2010 12:00:00,       126.997087
05/17/2010 13:00:00,        83.250422
05/17/2010 14:00:00,        58.326916
05/17/2010 15:00:00,        68.380437
05/17/2010 16:00:00,        67.104439
05/17/2010 17:00:00,        47.082404
05/17/2010 18:00:00,        24.938472
05/17/2010 19:00:00,         3.142611
05/17/2010 20:00:00,         1.605955
05/17/2010 21:00:00,         0.628648
05/17/2010 22:00:00,         0.069249
05/17/2010 23:00:00,         0.000000
05/18/2010 00:00:00,         0.000000
05/18/2010 01:00:00,         0.000000
05/18/2010 02:00:00,         0.490792
05/18/2010 03:00:00,        25.508879
05/18/2010 04:00:00,        70.292461
05/18/2010 05:00:00,        56.795940
05/18/2010 06:00:00,        71.718020
05/18/2010 07:00:00,        79.624846
05/18/2010 08:00:00,        71.694392
05/18/2010 09:00:00,        73.875495
05/18/2010 10:00:00,       112.133340
05/18/2010 11:00:00,       237.679720
05/18/2010 12:00:00,       119.421589
05/18/2010 13:00:00,       160.823242
05/18/2010 14:00:00,        66.085536
05/18/2010 15:00:00,        57.913066
05/18/2010 16:00:00,        50.355327
05/18/2010 17:00:00,        20.318589
05/18/2010 18:00:00,        29.685367
05/18/2010 19:00:00,       102.871317
05/18/2010 20:00:00,        83.005837
05/18/2010 21:00:00,        24.017058
05/18/2010 22:00:00,        45.151996
05/18/2010 23:00:00,         8.338248
05/19/2010 00:00:00,         0.383116
05/19/2010 01:00:00,        44.289153
05/19/2010 02:00:00,         0.513071
05/19/2010 03:00:00,         0.094028
05/19/2010 04:00:00,        54.552485
05/19/2010 05:00:00,        62.895007
05/19/2010 06:00:00,       144.213505
05/19/2010 07:00:00,       203.659756
05/19/2010 08:00:00,       214.699206
05/19/2010 09:00:00,       288.907159
05/19/2010 10:00:00,       180.181151
05/19/2010 11:00:00,       141.840757
05/19/2010 12:00:00,        73.865602
05/19/2010 13:00:00,        53.784576
05/19/2010 14:00:00,        10.308704
05/19/2010 15:00:00,         3.536900
05/19/2010 16:00:00,         1.103871
05/19/2010 17:00:00,         1.749159
05/19/2010 18:00:00,         0.401058
05/19/2010 19:00:00,         2.965646
05/19/2010 20:00:00,        11.693533
05/19/2010 21:00:00,       261.704729
05/19/2010 22:00:00,       101.127993
05/19/2010 23:00:00,       101.495578
05/20/2010 00:00:00,        57.368706
05/20/2010 01:00:00,       285.378542
05/20/2010 02:00:00,       276.299948
05/20/2010 03:00:00,       268.071923
05/20/2010 04:00:00,       306.139208
05/20/2010 05:00:00,       307.405553
05/20/2010 06:00:00,       319.224543
05/20/2010 07:00:00,       312.841097
05/20/2010 08:00:00,       308.670667
05/20/2010 09:00:00,       310.719507
05/20/2010 10:00:00,       313.829357
05/20/2010 11:00:00,       290.187041
05/20/2010 12:00:00,       261.082048
05/20/2010 13:00:00,       121.625017
05/20/2010 14:00:00,        13.097002
05/20/2010 15:00:00,        19.535197
05/20/2010 16:00:00,        76.338851
05/20/2010 17:00:00,        56.795322
05/20/2010 18:00:00,        44.321199
05/20/2010 19:00:00,        27.053679
05/20/2010 20:00:00,        99.106126
05/20/2010 21:00:00,       118.223670
05/20/2010 22:00:00,       254.675174
05/20/2010 23:00:00,        86.546898
05/21/2010 00:00:00,       298.201735
05/21/2010 01:00:00,       149.972308
05/21/2010 02:00:00,       186.606814
05/21/2010 03:00:00,       312.078528
05/21/2010 04:00:00,       314.058405
05/21/2010 05:00:00,        55.149209
05/21/2010 06:00:00,        57.228259
05/21/2010 07:00:00,        70.762362
05/21/2010 08:00:00,        71.418163
05/21/2010 09:00:00,       162.189682
05/21/2010 10:00:00,       171.836290
05/21/2010 11:00:00,       124.557069
05/21/2010 12:00:00,        87.320947
05/21/2010 13:00:00,        63.927810
05/21/2010 14:00:00,        66.464716
05/21/2010 15:00:00,        47.985685
05/21/2010 16:00:00,        12.977106
05/21/2010 17:00:00,         6.193134
05/21/2010 18:00:00,        13.058859
05/21/2010 19:00:00,        14.395023
05/21/2010 20:00:00,        31.632308
05/21/2010 21:00:00,        29.207577
05/21/2010 22:00:00,        19.893277
05/21/2010 23:00:00,        29.332413
05/22/2010 00:00:00,        34.099384
05/22/2010 01:00:00,        34.022341
05/22/2010 02:00:00,        32.577621
05/22/2010 03:00:00,        66.905910
05/22/2010 04:00:00,       107.919588
05/22/2010 05:00:00,       151.098433
05/22/2010 06:00:00,       195.583406
05/22/2010 07:00:00,       228.516819
05/22/2010 08:00:00,       257.882470
05/22/2010 09:00:00,       226.289032
05/22/2010 10:00:00,       194.358698
05/22/2010 11:00:00,       181.841711
05/22/2010 12:00:00,       164.284104
05/22/2010 13:00:00,       154.641901
05/22/2010 14:00:00,        97.414641
05/22/2010 15:00:00,        56.398340
05/22/2010 16:00:00,        21.773974
05/22/2010 17:00:00,        15.676980
05/22/2010 18:00:00,        66.732885
05/22/2010 19:00:00,        90.101201
05/22/2010 20:00:00,        95.630846
05/22/2010 21:00:00,        62.120178
05/22/2010 22:00:00,       118.847229
05/22/2010 23:00:00,         1.861164
05/23/2010 00:00:00,       177.982229
05/23/2010 01:00:00,       237.628227
05/23/2010 02:00:00,       307.528842
05/23/2010 03:00:00,       147.825904
05/23/2010 04:00:00,       283.610922
05/23/2010 05:00:00,       318.623289
05/23/2010 06:00:00,       319.632287
05/23/2010 07:00:00,        32.427248
05/23/2010 08:00:00,        63.886122
05/23/2010 09:00:00,       106.926232
05/23/2010 10:00:00,       216.900172
05/23/2010 11:00:00,       252.760424
05/23/2010 12:00:00,       259.700669
05/23/2010 13:00:00,       297.977961
05/23/2010 14:00:00,       311.539433
05/23/2010 15:00:00,       303.295668
05/23/2010 16:00:00,       314.967863
05/23/2010 17:00:00,       315.518429
05/23/2010 18:00:00,       318.771068
05/23/2010 19:00:00,       312.481115
05/23/2010 20:00:00,       311.022300
05/23/2010 21:00:00,       299.728569
05/23/2010 22:00:00,       296.382051
05/23/2010 23:00:00,       316.594549
05/24/2010 00:00:00,       316.521162
05/24/2010 01:00:00,       276.371928
05/24/2010 02:00:00,       284.950258
05/24/2010 03:00:00,       316.992193
05/24/2010 04:00:00,       310.979125
05/24/2010 05:00:00,       319.993825
05/24/2010 06:00:00,       319.730552
05/24/2010 07:00:00,       313.723187
05/24/2010 08:00:00,        95.624254
05/24/2010 09:00:00,       158.311993
05/24/2010 10:00:00,       319.785813
05/24/2010 11:00:00,       319.999481
05/24/2010 12:00:00,       301.889346
05/24/2010 13:00:00,       310.238930
05/24/2010 14:00:00,       283.737296
05/24/2010 15:00:00,       289.294139
05/24/2010 16:00:00,       276.951083
05/24/2010 17:00:00,       296.211848
05/24/2010 18:00:00,       294.200545
05/24/2010 19:00:00,        37.792202
05/24/2010 20:00:00,        79.819851
05/24/2010 21:00:00,       115.417924
05/24/2010 22:00:00,         3.802653
05/24/2010 23:00:00,       179.340512
05/25/2010 00:00:00,        10.178728
05/25/2010 01:00:00,        66.184446
05/25/2010 02:00:00,       152.909482
05/25/2010 03:00:00,        83.980098
05/25/2010 04:00:00,        97.131803
05/25/2010 05:00:00,        66.967104
05/25/2010 06:00:00,       122.512349
05/25/2010 07:00:00,       102.226640
05/25/2010 08:00:00,        87.388640
05/25/2010 09:00:00,        74.947482
05/25/2010 10:00:00,        60.571894
05/25/2010 11:00:00,        50.305925
05/25/2010 12:00:00,        43.690990
05/25/2010 13:00:00,         7.415443
05/25/2010 14:00:00,         0.280690
05/25/2010 15:00:00,         0.153029
05/25/2010 16:00:00,         4.086275
05/25/2010 17:00:00,        26.087462
05/25/2010 18:00:00,         1.036316
05/25/2010 19:00:00,        29.381540
05/25/2010 20:00:00,         9.270278
05/25/2010 21:00:00,         5.827828
05/25/2010 22:00:00,         5.838066
05/25/2010 23:00:00,        13.944217
05/26/2010 00:00:00,         4.028457
05/26/2010 01:00:00,        11.695051
05/26/2010 02:00:00,         4.272204
05/26/2010 03:00:00,         5.960146
05/26/2010 04:00:00,         1.375197
05/26/2010 05:00:00,         0.633624
05/26/2010 06:00:00,         0.196953
05/26/2010 07:00:00,         1.820336
05/26/2010 08:00:00,        12.315270
05/26/2010 09:00:00,         0.000000
05/26/2010 10:00:00,         0.195132
05/26/2010 11:00:00,        18.294003
05/26/2010 12:00:00,         0.009800
05/26/2010 13:00:00,         3.476005
05/26/2010 14:00:00,         0.583596
05/26/2010 15:00:00,         1.971403
05/26/2010 16:00:00,        14.168989
05/26/2010 17:00:00,        57.208978
05/26/2010 18:00:00,       112.757762
05/26/2010 19:00:00,       138.236113
05/26/2010 20:00:00,       176.835262
05/26/2010 21:00:00,       172.990432
05/26/2010 22:00:00,       171.575394
05/26/2010 23:00:00,       134.929772
05/27/2010 00:00:00,       101.968122
05/27/2010 01:00:00,        63.226295
05/27/2010 02:00:00,         2.169084
05/27/2010 03:00:00,        37.948178
05/27/2010 04:00:00,        38.753493
05/27/2010 05:00:00,       108.465532
05/27/2010 06:00:00,        76.689437
05/27/2010 07:00:00,        69.313707
05/27/2010 08:00:00,       103.654424
05/27/2010 09:00:00,       231.140457
05/27/2010 10:00:00,       281.523426
05/27/2010 11:00:00,       284.502290
05/27/2010 12:00:00,       288.947501
05/27/2010 13:00:00,       309.244284
05/27/2010 14:00:00,       315.931340
05/27/2010 15:00:00,       315.971546
05/27/2010 16:00:00,       305.561304
05/27/2010 17:00:00,       295.847547
05/27/2010 18:00:00,       304.421918
05/27/2010 19:00:00,       282.679523
05/27/2010 20:00:00,       204.028234
05/27/2010 21:00:00,       132.946115
05/27/2010 22:00:00,        91.418142
05/27/2010 23:00:00,        48.031062
05/28/2010 00:00:00,        15.497170
05/28/2010 01:00:00,         6.109630
05/28/2010 02:00:00,         1.938119
05/28/2010 03:00:00,         4.314204
05/28/2010 04:00:00,         5.965458
05/28/2010 05:00:00,         9.045771
05/28/2010 06:00:00,        12.548685
05/28/2010 07:00:00,        10.240238
05/28/2010 08:00:00,        33.484484
05/28/2010 09:00:00,        95.707985
05/28/2010 10:00:00,       151.594152
05/28/2010 11:00:00,       169.542670
05/28/2010 12:00:00,       126.557086
05/28/2010 13:00:00,        78.266337
05/28/2010 14:00:00,        91.082841
05/28/2010 15:00:00,       137.348865
05/28/2010 16:00:00,       142.747005
05/28/2010 17:00:00,       124.129688
05/28/2010 18:00:00,        95.779067
05/28/2010 19:00:00,        82.931806
05/28/2010 20:00:00,        79.605052
05/28/2010 21:00:00,       100.206756
05/28/2010 22:00:00,        86.819896
05/28/2010 23:00:00,        54.032001
05/29/2010 00:00:00,        22.661807
05/29/2010 01:00:00,         0.937357
05/29/2010 02:00:00,         0.000000
05/29/2010 03:00:00,         3.791892
05/29/2010 04:00:00,         0.542688
05/29/2010 05:00:00,        30.786402
05/29/2010 06:00:00,        17.706740
05/29/2010 07:00:00,        13.041705
05/29/2010 08:00:00,        13.467725
05/29/2010 09:00:00,        57.540303
05/29/2010 10:00:00,        18.764488
05/29/2010 11:00:00,        26.531739
05/29/2010 12:00:00,       232.773040
05/29/2010 13:00:00,        54.792298
05/29/2010 14:00:00,        30.732157
05/29/2010 15:00:00,         0.165895
05/29/2010 16:00:00,        26.616651
05/29/2010 17:00:00,        38.582079
05/29/2010 18:00:00,        16.915225
05/29/2010 19:00:00,        12.369780
05/29/2010 20:00:00,       132.592185
05/29/2010 21:00:00,       179.454738
05/29/2010 22:00:00,       138.486619
05/29/2010 23:00:00,       110.714399
05/30/2010 00:00:00,       224.445194
05/30/2010 01:00:00,       128.542525
05/30/2010 02:00:00,       281.423967
05/30/2010 03:00:00,        70.854668
05/30/2010 04:00:00,        49.716891
05/30/2010 05:00:00,       214.584691
05/30/2010 06:00:00,       114.530978
05/30/2010 07:00:00,        60.694082
05/30/2010 08:00:00,       227.932671
05/30/2010 09:00:00,        59.096983
05/30/2010 10:00:00,        46.732733
05/30/2010 11:00:00,        30.469596
05/30/2010 12:00:00,        16.199775
05/30/2010 13:00:00,        23.653851
05/30/2010 14:00:00,        26.875229
05/30/2010 15:00:00,        63.869738
05/30/2010 16:00:00,       140.543674
05/30/2010 17:00:00,       176.923929
05/30/2010 18:00:00,       171.686030
05/30/2010 19:00:00,       303.386467
05/30/2010 20:00:00,       241.541888
05/30/2010 21:00:00,       154.024011
05/30/2010 22:00:00,       146.060528
05/30/2010 23:00:00,       137.670762
05/31/2010 00:00:00,       139.153123
05/31/2010 01:00:00,       317.718034
05/31/2010 02:00:00,       317.825549
05/31/2010 03:00:00,       312.181437
05/31/2010 04:00:00,       313.355603
05/31/2010 05:00:00,       315.952586
05/31/2010 06:00:00,       282.698433
05/31/2010 07:00:00,       247.105280
05/31/2010 08:00:00,       252.131931
05/31/2010 09:00:00,       210.888568
05/31/2010 10:00:00,       149.629999
05/31/2010 11:00:00,       123.110782
05/31/2010 12:00:00,        86.429053
05/31/2010 13:00:00,        40.508878
05/31/2010 14:00:00,        15.645158
05/31/2010 15:00:00,        10.880676
05/31/2010 16:00:00,        17.815507
05/31/2010 17:00:00,        24.364863
05/31/2010 18:00:00,        28.048337
05/31/2010 19:00:00,        27.403381
05/31/2010 20:00:00,        26.299593
05/31/2010 21:00:00,        27.992077
05/31/2010 22:00:00,         9.697502
05/31/2010 23:00:00,         3.660391
06/01/2010 00:00:00,         0.091304
06/01/2010 01:00:00,         0.000000
06/01/2010 02:00:00,         0.000000
06/01/2010 03:00:00,         0.922947
06/01/2010 04:00:00,         5.118489
06/01/2010 05:00:00,        46.442466
06/01/2010 06:00:00,        60.057408
06/01/2010 07:00:00,        52.569224
06/01/2010 08:00:00,        33.613813
06/01/2010 09:00:00,        43.984911
06/01/2010 10:00:00,        84.490661
06/01/2010 11:00:00,       102.522406
06/01/2010 12:00:00,        83.392700
06/01/2010 13:00:00,        49.758986
06/01/2010 14:00:00,        38.375114
06/01/2010 15:00:00,        36.516028
06/01/2010 16:00:00,        28.762099
06/01/2010 17:00:00,        31.708425
06/01/2010 18:00:00,        43.083265
06/01/2010 19:00:00,        52.378539
06/01/2010 20:00:00,        43.538451
06/01/2010 21:00:00,        19.805795
06/01/2010 22:00:00,         6.862089
06/01/2010 23:00:00,        15.637793
06/02/2010 00:00:00,        53.250077
06/02/2010 01:00:00,        89.446492
06/02/2010 02:00:00,        97.813092
06/02/2010 03:00:00,       106.884014
06/02/2010 04:00:00,        97.537488
06/02/2010 05:00:00,        96.814428
06/02/2010 06:00:00,        51.141967
06/02/2010 07:00:00,        30.527173
06/02/2010 08:00:00,        39.609073
06/02/2010 09:00:00,        11.960046
06/02/2010 10:00:00,         0.089826
06/02/2010 11:00:00,         2.751977
06/02/2010 12:00:00,         3.854202
06/02/2010 13:00:00,         0.969468
06/02/2010 14:00:00,         0.597593
06/02/2010 15:00:00,         0.155512
06/02/2010 16:00:00,         2.281039
06/02/2010 17:00:00,         1.059247
06/02/2010 18:00:00,         5.700300
06/02/2010 19:00:00,        10.636427
06/02/2010 20:00:00,        64.262044
06/02/2010 21:00:00,         0.628903
06/02/2010 22:00:00,         5.157844
06/02/2010 23:00:00,         5.507400
06/03/2010 00:00:00,       144.149954
06/03/2010 01:00:00,        10.746901
06/03/2010 02:00:00,       256.849521
06/03/2010 03:00:00,       203.572528
06/03/2010 04:00:00,       116.465956
06/03/2010 05:00:00,       133.266120
06/03/2010 06:00:00,        78.314292
06/03/2010 07:00:00,        61.806973
06/03/2010 08:00:00,        27.625741
06/03/2010 09:00:00,        11.363333
06/03/2010 10:00:00,         1.374507
06/03/2010 11:00:00,         1.122043
06/03/2010 12:00:00,        23.854517
06/03/2010 13:00:00,        24.661693
06/03/2010 14:00:00,         9.503904
06/03/2010 15:00:00,         3.517916
06/03/2010 16:00:00,         0.716170
06/03/2010 17:00:00,         0.081357
06/03/2010 18:00:00,         0.000000
06/03/2010 19:00:00,         3.009745
06/03/2010 20:00:00,        17.465874
06/03/2010 21:00:00,        51.265286
06/03/2010 22:00:00,        52.109929
06/03/2010 23:00:00,        46.727017
06/04/2010 00:00:00,        37.262861
06/04/2010 01:00:00,        16.828094
06/04/2010 02:00:00,        20.958732
06/04/2010 03:00:00,        19.876388
06/04/2010 04:00:00,        11.269342
06/04/2010 05:00:00,        14.182809
06/04/2010 06:00:00,        44.283614
06/04/2010 07:00:00,        89.874958
06/04/2010 08:00:00,        69.175504
06/04/2010 09:00:00,        62.266854
06/04/2010 10:00:00,        57.580332
06/04/2010 11:00:00,        33.554739
06/04/2010 12:00:00,         0.313208
06/04/2010 13:00:00,         0.000000
06/04/2010 14:00:00,         0.139016
06/04/2010 15:00:00,         1.050136
06/04/2010 16:00:00,         0.899147
06/04/2010 17:00:00,         2.076244
06/04/2010 18:00:00,         0.623779
06/04/2010 19:00:00,         0.574381
06/04/2010 20:00:00,         0.180238
06/04/2010 21:00:00,         7.095474
06/04/2010 22:00:00,        21.582503
06/04/2010 23:00:00,        76.940360
06/05/2010 00:00:00,       137.332892
06/05/2010 01:00:00,       179.040039
06/05/2010 02:00:00,       131.723027
06/05/2010 03:00:00,        50.003608
06/05/2010 04:00:00,       119.874484
06/05/2010 05:00:00,       119.080181
06/05/2010 06:00:00,        40.974462
06/05/2010 07:00:00,        27.521334
06/05/2010 08:00:00,        43.546035
06/05/2010 09:00:00,        15.743260
06/05/2010 10:00:00,        23.781128
06/05/2010 11:00:00,        34.780309
06/05/2010 12:00:00,         7.693165
06/05/2010 13:00:00,        10.084415
06/05/2010 14:00:00,        36.322223
06/05/2010 15:00:00,        55.292336
06/05/2010 16:00:00,        40.364377
06/05/2010 17:00:00,        71.275650
06/05/2010 18:00:00,        75.240851
06/05/2010 19:00:00,        88.776081
06/05/2010 20:00:00,       101.868834
06/05/2010 21:00:00,       119.924855
06/05/2010 22:00:00,       172.627196
06/05/2010 23:00:00,       199.423625
06/06/2010 00:00:00,       199.387972
06/06/2010 01:00:00,       220.832733
06/06/2010 02:00:00,       181.219574
06/06/2010 03:00:00,       126.358747
06/06/2010 04:00:00,       233.130198
06/06/2010 05:00:00,       200.892714
06/06/2010 06:00:00,       249.232943
06/06/2010 07:00:00,       233.300754
06/06/2010 08:00:00,       249.993495
06/06/2010 09:00:00,       243.911279
06/06/2010 10:00:00,       294.797026
06/06/2010 11:00:00,       245.200591
06/06/2010 12:00:00,       191.592576
06/06/2010 13:00:00,       154.986696
06/06/2010 14:00:00,       115.707595
06/06/2010 15:00:00,       117.251536
06/06/2010 16:00:00,       157.411040
06/06/2010 17:00:00,       183.699182
06/06/2010 18:00:00,       213.215342
06/06/2010 19:00:00,       211.474290
06/06/2010 20:00:00,       199.064700
06/06/2010 21:00:00,       211.074611
06/06/2010 22:00:00,       209.101480
06/06/2010 23:00:00,       199.587698
06/07/2010 00:00:00,       169.388594
06/07/2010 01:00:00,       112.562168
06/07/2010 02:00:00,       167.704391
06/07/2010 03:00:00,       165.617468
06/07/2010 04:00:00,       148.660103
06/07/2010 05:00:00,       185.474703
06/07/2010 06:00:00,       239.487024
06/07/2010 07:00:00,       227.044785
06/07/2010 08:00:00,       249.069722
06/07/2010 09:00:00,       262.614961
06/07/2010 10:00:00,       254.135612
06/07/2010 11:00:00,       261.150083
06/07/2010 12:00:00,       212.370740
06/07/2010 13:00:00,       162.877929
06/07/2010 14:00:00,       248.064413
06/07/2010 15:00:00,       173.929157
06/07/2010 16:00:00,       218.937053
06/07/2010 17:00:00,       187.940169
06/07/2010 18:00:00,       162.484008
06/07/2010 19:00:00,       126.461662
06/07/2010 20:00:00,        72.518697
06/07/2010 21:00:00,        67.933160
06/07/2010 22:00:00,        53.929541
06/07/2010 23:00:00,        52.554306
06/08/2010 00:00:00,        31.858954
06/08/2010 01:00:00,        25.395575
06/08/2010 02:00:00,        34.866401
06/08/2010 03:00:00,        37.072821
06/08/2010 04:00:00,        38.045103
06/08/2010 05:00:00,        19.251891
06/08/2010 06:00:00,        93.552553
06/08/2010 07:00:00,       115.541166
06/08/2010 08:00:00,       107.936668
06/08/2010 09:00:00,        93.025532
06/08/2010 10:00:00,       100.217434
06/08/2010 11:00:00,       103.099739
06/08/2010 12:00:00,       106.591259
06/08/2010 13:00:00,        86.604053
06/08/2010 14:00:00,        77.256308
06/08/2010 15:00:00,        56.075952
06/08/2010 16:00:00,        14.578868
06/08/2010 17:00:00,         5.085589
06/08/2010 18:00:00,         3.139747
06/08/2010 19:00:00,         1.626104
06/08/2010 20:00:00,         0.745441
06/08/2010 21:00:00,         0.022545
06/08/2010 22:00:00,         0.428735
06/08/2010 23:00:00,         0.224911
06/09/2010 00:00:00,         1.188387
06/09/2010 01:00:00,        13.021935
06/09/2010 02:00:00,         0.018474
06/09/2010 03:00:00,        80.737616
06/09/2010 04:00:00,        13.381333
06/09/2010 05:00:00,         0.546849
06/09/2010 06:00:00,         0.733161
06/09/2010 07:00:00,         0.000000
06/09/2010 08:00:00,        15.923972
06/09/2010 09:00:00,         2.088948
06/09/2010 10:00:00,         3.718946
06/09/2010 11:00:00,         2.112389
06/09/2010 12:00:00,         3.192517
06/09/2010 13:00:00,         3.143360
06/09/2010 14:00:00,         1.035365
06/09/2010 15:00:00,        13.818650
06/09/2010 16:00:00,        24.791603
06/09/2010 17:00:00,        18.614032
06/09/2010 18:00:00,        12.271217
06/09/2010 19:00:00,         4.784494
06/09/2010 20:00:00,         0.944085
06/09/2010 21:00:00,         0.350971
06/09/2010 22:00:00,         0.055640
06/09/2010 23:00:00,         0.555592
06/10/2010 00:00:00,         0.205134
06/10/2010 01:00:00,         0.038456
06/10/2010 02:00:00,        19.053224
06/10/2010 03:00:00,        23.087739
06/10/2010 04:00:00,         8.771785
06/10/2010 05:00:00,        28.097522
06/10/2010 06:00:00,         4.984796
06/10/2010 07:00:00,        19.866613
06/10/2010 08:00:00,         5.956326
06/10/2010 09:00:00,        15.290359
06/10/2010 10:00:00,         0.505293
06/10/2010 11:00:00,        14.432817
06/10/2010 12:00:00,        17.926433
06/10/2010 13:00:00,        14.600545
06/10/2010 14:00:00,         0.026309
06/10/2010 15:00:00,         0.780183
06/10/2010 16:00:00,         7.853709
06/10/2010 17:00:00,        11.627678
06/10/2010 18:00:00,         4.342608
06/10/2010 19:00:00,         1.067103
06/10/2010 20:00:00,         3.746021
06/10/2010 21:00:00,         3.258041
06/10/2010 22:00:00,         1.597451
06/10/2010 23:00:00,         0.720359
06/11/2010 00:00:00,         1.246733
06/11/2010 01:00:00,         8.164439
06/11/2010 02:00:00,        48.672622
06/11/2010 03:00:00,       156.916849
06/11/2010 04:00:00,       172.111012
06/11/2010 05:00:00,       140.142279
06/11/2010 06:00:00,       238.244242
06/11/2010 07:00:00,       241.021026
06/11/2010 08:00:00,       274.165386
06/11/2010 09:00:00,       151.495365
06/11/2010 10:00:00,       292.278664
06/11/2010 11:00:00,        67.091434
06/11/2010 12:00:00,       140.983964
06/11/2010 13:00:00,       108.018672
06/11/2010 14:00:00,        41.090330
06/11/2010 15:00:00,        27.984333
06/11/2010 16:00:00,        51.725467
06/11/2010 17:00:00,        67.793980
06/11/2010 18:00:00,        73.298840
06/11/2010 19:00:00,        86.857846
06/11/2010 20:00:00,        72.398810
06/11/2010 21:00:00,        66.466904
06/11/2010 22:00:00,       199.300487
06/11/2010 23:00:00,       209.832516
06/12/2010 00:00:00,        31.008235
06/12/2010 01:00:00,        34.343662
06/12/2010 02:00:00,        14.970186
06/12/2010 03:00:00,         0.574702
06/12/2010 04:00:00,         3.246275
06/12/2010 05:00:00,        30.217019
06/12/2010 06:00:00,        39.228983
06/12/2010 07:00:00,        38.721381
06/12/2010 08:00:00,        23.603834
06/12/2010 09:00:00,         4.001327
06/12/2010 10:00:00,         8.563577
06/12/2010 11:00:00,         0.427878
06/12/2010 12:00:00,         0.202116
06/12/2010 13:00:00,         0.131605
06/12/2010 14:00:00,         0.000000
06/12/2010 15:00:00,         0.766590
06/12/2010 16:00:00,         0.621169
06/12/2010 17:00:00,         0.141733
06/12/2010 18:00:00,         0.500655
06/12/2010 19:00:00,         0.339112
06/12/2010 20:00:00,         0.934727
06/12/2010 21:00:00,         1.519496
06/12/2010 22:00:00,         3.417431
06/12/2010 23:00:00,        10.487719
06/13/2010 00:00:00,         2.383074
06/13/2010 01:00:00,        11.241882
06/13/2010 02:00:00,        87.090336
06/13/2010 03:00:00,        54.875301
06/13/2010 04:00:00,         0.126359
06/13/2010 05:00:00,         2.085348
06/13/2010 06:00:00,         4.038551
06/13/2010 07:00:00,       102.579400
06/13/2010 08:00:00,        34.586095
06/13/2010 09:00:00,         3.900783
06/13/2010 10:00:00,         1.653164
06/13/2010 11:00:00,        39.485319
06/13/2010 12:00:00,        44.446862
06/13/2010 13:00:00,        12.937160
06/13/2010 14:00:00,        36.750147
06/13/2010 15:00:00,        36.749033
06/13/2010 16:00:00,        23.378311
06/13/2010 17:00:00,        20.618653
06/13/2010 18:00:00,        14.872109
06/13/2010 19:00:00,        35.325781
06/13/2010 20:00:00,        28.563676
06/13/2010 21:00:00,         3.609550
06/13/2010 22:00:00,         3.132197
06/13/2010 23:00:00,        36.267903
06/14/2010 00:00:00,        14.912963
06/14/2010 01:00:00,        21.456069
06/14/2010 02:00:00,        75.875492
06/14/2010 03:00:00,       218.465484
06/14/2010 04:00:00,         1.448495
06/14/2010 05:00:00,        82.457671
06/14/2010 06:00:00,       106.684237
06/14/2010 07:00:00,        89.740645
06/14/2010 08:00:00,         9.350660
06/14/2010 09:00:00,       123.964122
06/14/2010 10:00:00,       131.095576
06/14/2010 11:00:00,       244.357533
06/14/2010 12:00:00,       281.492270
06/14/2010 13:00:00,       261.095311
06/14/2010 14:00:00,       175.842221
06/14/2010 15:00:00,       158.944704
06/14/2010 16:00:00,        88.981618
06/14/2010 17:00:00,         0.142548
06/14/2010 18:00:00,        12.290989
06/14/2010 19:00:00,       273.686765
06/14/2010 20:00:00,       101.807736
06/14/2010 21:00:00,       217.623405
06/14/2010 22:00:00,       221.744021
06/14/2010 23:00:00,        46.223006
06/15/2010 00:00:00,       117.934729
06/15/2010 01:00:00,       215.190776
06/15/2010 02:00:00,       313.978872
06/15/2010 03:00:00,       269.235001
06/15/2010 04:00:00,       234.190320
06/15/2010 05:00:00,       297.238808
06/15/2010 06:00:00,       314.349588
06/15/2010 07:00:00,       239.496542
06/15/2010 08:00:00,       293.165359
06/15/2010 09:00:00,       175.938215
06/15/2010 10:00:00,       228.683836
06/15/2010 11:00:00,       234.880491
06/15/2010 12:00:00,       223.068083
06/15/2010 13:00:00,       221.539329
06/15/2010 14:00:00,       243.302679
06/15/2010 15:00:00,       208.087152
06/15/2010 16:00:00,       217.467453
06/15/2010 17:00:00,       220.132001
06/15/2010 18:00:00,       197.990411
06/15/2010 19:00:00,       214.320716
06/15/2010 20:00:00,       233.415083
06/15/2010 21:00:00,       119.671606
06/15/2010 22:00:00,        27.641077
06/15/2010 23:00:00,       109.393743
06/16/2010 00:00:00,       220.211768
06/16/2010 01:00:00,       179.662559
06/16/2010 02:00:00,       299.536963
06/16/2010 03:00:00,       156.501088
06/16/2010 04:00:00,       129.066701
06/16/2010 05:00:00,       303.561112
06/16/2010 06:00:00,       231.910255
06/16/2010 07:00:00,       211.468108
06/16/2010 08:00:00,       253.975680
06/16/2010 09:00:00,       219.091784
06/16/2010 10:00:00,        42.349836
06/16/2010 11:00:00,        51.899117
06/16/2010 12:00:00,        71.976289
06/16/2010 13:00:00,        38.600794
06/16/2010 14:00:00,        56.532544
06/16/2010 15:00:00,        55.362142
06/16/2010 16:00:00,        42.758735
06/16/2010 17:00:00,        48.602855
06/16/2010 18:00:00,        49.506638
06/16/2010 19:00:00,        50.981898
06/16/2010 20:00:00,        85.875943
06/16/2010 21:00:00,       124.995187
06/16/2010 22:00:00,       241.638830
06/16/2010 23:00:00,       215.214640
06/17/2010 00:00:00,       270.003365
06/17/2010 01:00:00,       313.392080
06/17/2010 02:00:00,       260.274763
06/17/2010 03:00:00,       319.975488
06/17/2010 04:00:00,       294.878151
06/17/2010 05:00:00,       312.557644
06/17/2010 06:00:00,        43.450790
06/17/2010 07:00:00,       319.792731
06/17/2010 08:00:00,       192.006605
06/17/2010 09:00:00,       135.662848
06/17/2010 10:00:00,       259.339115
06/17/2010 11:00:00,        91.221734
06/17/2010 12:00:00,        45.207927
06/17/2010 13:00:00,        24.943167
06/17/2010 14:00:00,       104.622052
06/17/2010 15:00:00,        25.455237
06/17/2010 16:00:00,        12.491235
06/17/2010 17:00:00,         0.944119
06/17/2010 18:00:00,         0.049168
06/17/2010 19:00:00,        22.474335
06/17/2010 20:00:00,         1.948348
06/17/2010 21:00:00,         8.910501
06/17/2010 22:00:00,       125.326134
06/17/2010 23:00:00,       162.755818
06/18/2010 00:00:00,       129.913364
06/18/2010 01:00:00,       148.864840
06/18/2010 02:00:00,       217.014099
06/18/2010 03:00:00,       319.103219
06/18/2010 04:00:00,       301.130141
06/18/2010 05:00:00,        65.468767
06/18/2010 06:00:00,       249.516968
06/18/2010 07:00:00,       226.617570
06/18/2010 08:00:00,       251.789353
06/18/2010 09:00:00,       318.272273
06/18/2010 10:00:00,       301.531444
06/18/2010 11:00:00,       308.677835
06/18/2010 12:00:00,       195.323586
06/18/2010 13:00:00,        70.946662
06/18/2010 14:00:00,        77.034023
06/18/2010 15:00:00,        45.020662
06/18/2010 16:00:00,        40.329279
06/18/2010 17:00:00,        43.476183
06/18/2010 18:00:00,        27.783371
06/18/2010 19:00:00,        15.296190
06/18/2010 20:00:00,         3.955462
06/18/2010 21:00:00,         8.307831
06/18/2010 22:00:00,         6.857822
06/18/2010 23:00:00,         1.392554
06/19/2010 00:00:00,         1.860322
06/19/2010 01:00:00,         1.979095
06/19/2010 02:00:00,         4.448830
06/19/2010 03:00:00,        30.484220
06/19/2010 04:00:00,       127.177002
06/19/2010 05:00:00,       209.271613
06/19/2010 06:00:00,        97.603039
06/19/2010 07:00:00,       319.746958
06/19/2010 08:00:00,       308.373594
06/19/2010 09:00:00,       312.739707
06/19/2010 10:00:00,       225.735641
06/19/2010 11:00:00,       176.031824
06/19/2010 12:00:00,       206.240097
06/19/2010 13:00:00,       118.523730
06/19/2010 14:00:00,        97.318913
06/19/2010 15:00:00,        46.506829
06/19/2010 16:00:00,        32.843619
06/19/2010 17:00:00,        18.889755
06/19/2010 18:00:00,        24.964917
06/19/2010 19:00:00,        47.482534
06/19/2010 20:00:00,        64.662255
06/19/2010 21:00:00,       128.654507
06/19/2010 22:00:00,       130.032899
06/19/2010 23:00:00,       223.972335
06/20/2010 00:00:00,       162.395052
06/20/2010 01:00:00,        80.962713
06/20/2010 02:00:00,       243.902362
06/20/2010 03:00:00,       318.071980
06/20/2010 04:00:00,       301.279490
06/20/2010 05:00:00,       318.452635
06/20/2010 06:00:00,       294.184434
06/20/2010 07:00:00,       201.818833
06/20/2010 08:00:00,       282.880231
06/20/2010 09:00:00,       182.910533
06/20/2010 10:00:00,       108.282088
06/20/2010 11:00:00,       122.805822
06/20/2010 12:00:00,       120.890146
06/20/2010 13:00:00,         5.064147
06/20/2010 14:00:00,         1.277195
06/20/2010 15:00:00,         0.181925
06/20/2010 16:00:00,         0.004180
06/20/2010 17:00:00,         0.365482
06/20/2010 18:00:00,         0.037897
06/20/2010 19:00:00,         0.083410
06/20/2010 20:00:00,         0.365917
06/20/2010 21:00:00,         0.000000
06/20/2010 22:00:00,         0.000000
06/20/2010 23:00:00,         0.000000
06/21/2010 00:00:00,         0.015932
06/21/2010 01:00:00,         0.014853
06/21/2010 02:00:00,         0.039607
06/21/2010 03:00:00,         0.068259
06/21/2010 04:00:00,        39.198992
06/21/2010 05:00:00,         4.726932
06/21/2010 06:00:00,         0.000000
06/21/2010 07:00:00,         0.002345
06/21/2010 08:00:00,         3.661429
06/21/2010 09:00:00,         0.692714
06/21/2010 10:00:00,        12.814239
06/21/2010 11:00:00,         2.325712
06/21/2010 12:00:00,         0.578842
06/21/2010 13:00:00,         0.889970
06/21/2010 14:00:00,         4.096837
06/21/2010 15:00:00,         1.207231
06/21/2010 16:00:00,         4.820354
06/21/2010 17:00:00,         1.046878
06/21/2010 18:00:00,         1.555208
06/21/2010 19:00:00,         1.113872
06/21/2010 20:00:00,         4.011526
06/21/2010 21:00:00,         0.255951
06/21/2010 22:00:00,         0.000000
06/21/2010 23:00:00,         7.570742
06/22/2010 00:00:00,         0.000000
06/22/2010 01:00:00,        19.585127
06/22/2010 02:00:00,         0.585443
06/22/2010 03:00:00,        50.599016
06/22/2010 04:00:00,        19.595144
06/22/2010 05:00:00,        21.621589
06/22/2010 06:00:00,        80.661951
06/22/2010 07:00:00,       185.380723
06/22/2010 08:00:00,         7.266697
06/22/2010 09:00:00,        13.508834
06/22/2010 10:00:00,         0.446661
06/22/2010 11:00:00,        45.203058
06/22/2010 12:00:00,        37.972068
06/22/2010 13:00:00,        37.562614
06/22/2010 14:00:00,         6.815149
06/22/2010 15:00:00,        20.772269
06/22/2010 16:00:00,        27.486364
06/22/2010 17:00:00,        24.555682
06/22/2010 18:00:00,        19.676018
06/22/2010 19:00:00,        29.078880
06/22/2010 20:00:00,        48.839795
06/22/2010 21:00:00,        41.916265
06/22/2010 22:00:00,        43.548858
06/22/2010 23:00:00,        31.419053
06/23/2010 00:00:00,        12.320528
06/23/2010 01:00:00,         8.528249
06/23/2010 02:00:00,        19.943049
06/23/2010 03:00:00,        14.367742
06/23/2010 04:00:00,         2.951393
06/23/2010 05:00:00,       128.989041
06/23/2010 06:00:00,        69.661466
06/23/2010 07:00:00,       239.025071
06/23/2010 08:00:00,       266.717535
06/23/2010 09:00:00,       295.226795
06/23/2010 10:00:00,       160.895969
06/23/2010 11:00:00,       106.952295
06/23/2010 12:00:00,       218.373753
06/23/2010 13:00:00,       100.195106
06/23/2010 14:00:00,        15.106074
06/23/2010 15:00:00,        21.887405
06/23/2010 16:00:00,        21.547780
06/23/2010 17:00:00,        70.033996
06/23/2010 18:00:00,        33.844319
06/23/2010 19:00:00,        61.932618
06/23/2010 20:00:00,        87.717575
06/23/2010 21:00:00,        49.431049
06/23/2010 22:00:00,       107.570011
06/23/2010 23:00:00,       179.952935
06/24/2010 00:00:00,        45.226169
06/24/2010 01:00:00,       102.734394
06/24/2010 02:00:00,       212.017644
06/24/2010 03:00:00,       207.934332
06/24/2010 04:00:00,       142.116361
06/24/2010 05:00:00,       262.884391
06/24/2010 06:00:00,       273.343780
06/24/2010 07:00:00,       259.577413
06/24/2010 08:00:00,       284.376789
06/24/2010 09:00:00,       268.537883
06/24/2010 10:00:00,       224.419514
06/24/2010 11:00:00,       195.175725
06/24/2010 12:00:00,       166.623775
06/24/2010 13:00:00,       140.492953
06/24/2010 14:00:00,       108.050724
06/24/2010 15:00:00,        83.711983
06/24/2010 16:00:00,        92.414313
06/24/2010 17:00:00,        62.458980
06/24/2010 18:00:00,        42.795990
06/24/2010 19:00:00,        26.659928
06/24/2010 20:00:00,        22.642237
06/24/2010 21:00:00,        34.461570
06/24/2010 22:00:00,        70.299039
06/24/2010 23:00:00,        26.933499
06/25/2010 00:00:00,       203.905439
06/25/2010 01:00:00,        18.834977
06/25/2010 02:00:00,       161.386869
06/25/2010 03:00:00,       164.018001
06/25/2010 04:00:00,       188.693677
06/25/2010 05:00:00,       170.796698
06/25/2010 06:00:00,       180.249907
06/25/2010 07:00:00,       292.914634
06/25/2010 08:00:00,       292.334210
06/25/2010 09:00:00,       298.555872
06/25/2010 10:00:00,       264.764466
06/25/2010 11:00:00,       242.888253
06/25/2010 12:00:00,       198.329741
06/25/2010 13:00:00,       132.871150
06/25/2010 14:00:00,       119.882245
06/25/2010 15:00:00,       190.609749
06/25/2010 16:00:00,       205.808622
06/25/2010 17:00:00,       225.172853
06/25/2010 18:00:00,       298.077221
06/25/2010 19:00:00,       305.948409
06/25/2010 20:00:00,       282.576722
06/25/2010 21:00:00,       228.882017
06/25/2010 22:00:00,       205.361404
06/25/2010 23:00:00,       278.426735
06/26/2010 00:00:00,       317.561597
06/26/2010 01:00:00,       314.658533
06/26/2010 02:00:00,       266.571674
06/26/2010 03:00:00,        53.975743
06/26/2010 04:00:00,       126.426274
06/26/2010 05:00:00,        80.033255
06/26/2010 06:00:00,        97.741491
06/26/2010 07:00:00,       256.636125
06/26/2010 08:00:00,       221.575281
06/26/2010 09:00:00,       315.809020
06/26/2010 10:00:00,       239.405435
06/26/2010 11:00:00,       203.166567
06/26/2010 12:00:00,       238.397234
06/26/2010 13:00:00,       205.735259
06/26/2010 14:00:00,       214.012424
06/26/2010 15:00:00,       203.364563
06/26/2010 16:00:00,       185.071570
06/26/2010 17:00:00,       208.659451
06/26/2010 18:00:00,       116.097939
06/26/2010 19:00:00,       217.406374
06/26/2010 20:00:00,       316.759580
06/26/2010 21:00:00,       259.036626
06/26/2010 22:00:00,       148.448973
06/26/2010 23:00:00,       280.416964
06/27/2010 00:00:00,        67.271242
06/27/2010 01:00:00,        66.780965
06/27/2010 02:00:00,        54.331450
06/27/2010 03:00:00,        26.871959
06/27/2010 04:00:00,        38.905786
06/27/2010 05:00:00,        59.377149
06/27/2010 06:00:00,        34.155194
06/27/2010 07:00:00,         0.000000
06/27/2010 08:00:00,         2.409770
06/27/2010 09:00:00,         2.657742
06/27/2010 10:00:00,        11.269781
06/27/2010 11:00:00,        17.894993
06/27/2010 12:00:00,        25.901958
06/27/2010 13:00:00,       212.335210
06/27/2010 14:00:00,        17.266912
06/27/2010 15:00:00,         4.943470
06/27/2010 16:00:00,        64.436318
06/27/2010 17:00:00,       192.091433
06/27/2010 18:00:00,        37.363784
06/27/2010 19:00:00,        81.529035
06/27/2010 20:00:00,        61.175044
06/27/2010 21:00:00,       191.448047
06/27/2010 22:00:00,        33.225435
06/27/2010 23:00:00,        18.671310
06/28/2010 00:00:00,        75.154488
06/28/2010 01:00:00,        46.729518
06/28/2010 02:00:00,       119.002886
06/28/2010 03:00:00,        13.461005
06/28/2010 04:00:00,        15.887878
06/28/2010 05:00:00,        58.340919
06/28/2010 06:00:00,        44.982515
06/28/2010 07:00:00,        17.298210
06/28/2010 08:00:00,        41.667801
06/28/2010 09:00:00,        54.728419
06/28/2010 10:00:00,       124.309319
06/28/2010 11:00:00,       180.620590
06/28/2010 12:00:00,       205.988543
06/28/2010 13:00:00,       197.587683
06/28/2010 14:00:00,        82.431630
06/28/2010 15:00:00,        27.349491
06/28/2010 16:00:00,        34.174035
06/28/2010 17:00:00,        50.972061
06/28/2010 18:00:00,        64.401374
06/28/2010 19:00:00,        82.097323
06/28/2010 20:00:00,       115.083301
06/28/2010 21:00:00,        85.062209
06/28/2010 22:00:00,        74.553863
06/28/2010 23:00:00,        88.784299
06/29/2010 00:00:00,        87.628557
06/29/2010 01:00:00,       112.503143
06/29/2010 02:00:00,       139.302541
06/29/2010 03:00:00,       241.293179
06/29/2010 04:00:00,        42.459363
06/29/2010 05:00:00,        55.674031
06/29/2010 06:00:00,        87.149162
06/29/2010 07:00:00,       118.625870
06/29/2010 08:00:00,        38.436724
06/29/2010 09:00:00,       115.789424
06/29/2010 10:00:00,        78.066880
06/29/2010 11:00:00,        95.843557
06/29/2010 12:00:00,       144.359982
06/29/2010 13:00:00,       151.845622
06/29/2010 14:00:00,       170.897182
06/29/2010 15:00:00,       151.537635
06/29/2010 16:00:00,       140.997007
06/29/2010 17:00:00,        94.054016
06/29/2010 18:00:00,        76.924309
06/29/2010 19:00:00,        69.547516
06/29/2010 20:00:00,        67.366057
06/29/2010 21:00:00,        45.542074
06/29/2010 22:00:00,        48.861333
06/29/2010 23:00:00,        39.139890
06/30/2010 00:00:00,        62.541567
06/30/2010 01:00:00,        40.727601
06/30/2010 02:00:00,        42.717335
06/30/2010 03:00:00,        17.409287
06/30/2010 04:00:00,        77.273085
06/30/2010 05:00:00,        29.850900
06/30/2010 06:00:00,        40.979575
06/30/2010 07:00:00,         7.837099
06/30/2010 08:00:00,         0.000000
06/30/2010 09:00:00,         0.000000
06/30/2010 10:00:00,         2.261887
06/30/2010 11:00:00,         6.970662
06/30/2010 12:00:00,        57.555441
06/30/2010 13:00:00,       144.856702
06/30/2010 14:00:00,       161.708090
06/30/2010 15:00:00,       194.859694
06/30/2010 16:00:00,       183.783297
06/30/2010 17:00:00,       211.224512
06/30/2010 18:00:00,       193.036130
06/30/2010 19:00:00,       173.649585
06/30/2010 20:00:00,       223.392631
06/30/2010 21:00:00,       194.800869
06/30/2010 22:00:00,        28.832465
06/30/2010 23:00:00,        67.524005
07/01/2010 00:00:00,         5.344122
07/01/2010 01:00:00,        93.068261
07/01/2010 02:00:00,       251.542857
07/01/2010 03:00:00,       266.376359
07/01/2010 04:00:00,       268.456378
07/01/2010 05:00:00,       235.531358
07/01/2010 06:00:00,       246.798043
07/01/2010 07:00:00,       187.749375
07/01/2010 08:00:00,       197.650290
07/01/2010 09:00:00,       194.918664
07/01/2010 10:00:00,       188.015461
07/01/2010 11:00:00,       172.827117
07/01/2010 12:00:00,       138.275391
07/01/2010 13:00:00,       122.747952
07/01/2010 14:00:00,       142.175938
07/01/2010 15:00:00,       198.267122
07/01/2010 16:00:00,       246.833536
07/01/2010 17:00:00,       231.312918
07/01/2010 18:00:00,       263.020898
07/01/2010 19:00:00,       291.524082
07/01/2010 20:00:00,       278.414585
07/01/2010 21:00:00,       233.386555
07/01/2010 22:00:00,       158.819054
07/01/2010 23:00:00,       158.705576
07/02/2010 00:00:00,       172.696145
07/02/2010 01:00:00,        85.856550
07/02/2010 02:00:00,        52.115284
07/02/2010 03:00:00,        63.497209
07/02/2010 04:00:00,       101.868853
07/02/2010 05:00:00,       111.136993
07/02/2010 06:00:00,        81.767425
07/02/2010 07:00:00,        80.579094
07/02/2010 08:00:00,        57.914596
07/02/2010 09:00:00,        32.959611
07/02/2010 10:00:00,        45.162518
07/02/2010 11:00:00,        48.657851
07/02/2010 12:00:00,        72.053772
07/02/2010 13:00:00,        58.541894
07/02/2010 14:00:00,        34.575806
07/02/2010 15:00:00,        21.290178
07/02/2010 16:00:00,        25.696411
07/02/2010 17:00:00,        34.270822
07/02/2010 18:00:00,        34.435624
07/02/2010 19:00:00,        44.451403
07/02/2010 20:00:00,        56.499488
07/02/2010 21:00:00,        76.689264
07/02/2010 22:00:00,       111.410126
07/02/2010 23:00:00,        91.950525
07/03/2010 00:00:00,        64.363943
07/03/2010 01:00:00,        48.312759
07/03/2010 02:00:00,        17.489269
07/03/2010 03:00:00,        49.952085
07/03/2010 04:00:00,       183.717208
07/03/2010 05:00:00,        81.350478
07/03/2010 06:00:00,       148.271763
07/03/2010 07:00:00,       192.324373
07/03/2010 08:00:00,       208.040918
07/03/2010 09:00:00,       217.446721
07/03/2010 10:00:00,       148.360849
07/03/2010 11:00:00,       108.005550
07/03/2010 12:00:00,        88.549338
07/03/2010 13:00:00,        52.149070
07/03/2010 14:00:00,        52.017298
07/03/2010 15:00:00,        64.052008
07/03/2010 16:00:00,        47.422229
07/03/2010 17:00:00,        40.149887
07/03/2010 18:00:00,        52.970624
07/03/2010 19:00:00,        45.166768
07/03/2010 20:00:00,        48.784836
07/03/2010 21:00:00,        68.366281
07/03/2010 22:00:00,       113.914275
07/03/2010 23:00:00,       108.234155
07/04/2010 00:00:00,       157.339364
07/04/2010 01:00:00,       254.684500
07/04/2010 02:00:00,       175.931604
07/04/2010 03:00:00,       180.746950
07/04/2010 04:00:00,       148.624999
07/04/2010 05:00:00,       145.588115
07/04/2010 06:00:00,        62.094125
07/04/2010 07:00:00,        30.626967
07/04/2010 08:00:00,        19.489304
07/04/2010 09:00:00,         2.057409
07/04/2010 10:00:00,         1.738953
07/04/2010 11:00:00,         2.324904
07/04/2010 12:00:00,         0.488596
07/04/2010 13:00:00,         1.262773
07/04/2010 14:00:00,         0.997050
07/04/2010 15:00:00,         0.320678
07/04/2010 16:00:00,         2.864473
07/04/2010 17:00:00,         4.523703
07/04/2010 18:00:00,         3.054531
07/04/2010 19:00:00,         2.539590
07/04/2010 20:00:00,         2.685773
07/04/2010 21:00:00,         3.555902
07/04/2010 22:00:00,         3.254059
07/04/2010 23:00:00,         0.627630
07/05/2010 00:00:00,         0.000000
07/05/2010 01:00:00,         0.014021
07/05/2010 02:00:00,         0.000000
07/05/2010 03:00:00,         0.000000
07/05/2010 04:00:00,         0.000000
07/05/2010 05:00:00,         0.000000
07/05/2010 06:00:00,         3.675817
07/05/2010 07:00:00,        12.213692
07/05/2010 08:00:00,        17.562312
07/05/2010 09:00:00,        18.061938
07/05/2010 10:00:00,        60.037550
07/05/2010 11:00:00,        65.995200
07/05/2010 12:00:00,        77.033028
07/05/2010 13:00:00,        51.873554
07/05/2010 14:00:00,        61.605452
07/05/2010 15:00:00,       191.807348
07/05/2010 16:00:00,       284.578112
07/05/2010 17:00:00,       312.689212
07/05/2010 18:00:00,       319.998321
07/05/2010 19:00:00,       319.992450
07/05/2010 20:00:00,       320.000000
07/05/2010 21:00:00,       319.994704
07/05/2010 22:00:00,       319.920386
07/05/2010 23:00:00,       319.150391
07/06/2010 00:00:00,       298.171233
07/06/2010 01:00:00,       149.538525
07/06/2010 02:00:00,       103.689464
07/06/2010 03:00:00,       145.354343
07/06/2010 04:00:00,       100.299492
07/06/2010 05:00:00,        37.073326
07/06/2010 06:00:00,        16.466358
07/06/2010 07:00:00,        64.136752
07/06/2010 08:00:00,        75.610157
07/06/2010 09:00:00,        44.146437
07/06/2010 10:00:00,        13.631262
07/06/2010 11:00:00,         8.862915
07/06/2010 12:00:00,         1.173645
07/06/2010 13:00:00,         0.277647
07/06/2010 14:00:00,         0.000000
07/06/2010 15:00:00,         0.000000
07/06/2010 16:00:00,         0.035741
07/06/2010 17:00:00,         0.000000
07/06/2010 18:00:00,         0.094042
07/06/2010 19:00:00,         0.421778
07/06/2010 20:00:00,         0.011531
07/06/2010 21:00:00,         0.000000
07/06/2010 22:00:00,         0.000000
07/06/2010 23:00:00,         0.000000
07/07/2010 00:00:00,         0.000000
07/07/2010 01:00:00,         2.482235
07/07/2010 02:00:00,        12.697582
07/07/2010 03:00:00,        16.719973
07/07/2010 04:00:00,        81.185678
07/07/2010 05:00:00,        59.501185
07/07/2010 06:00:00,        98.627554
07/07/2010 07:00:00,       138.462049
07/07/2010 08:00:00,       265.381483
07/07/2010 09:00:00,        67.489688
07/07/2010 10:00:00,        86.243557
07/07/2010 11:00:00,        71.739073
07/07/2010 12:00:00,        28.742167
07/07/2010 13:00:00,         0.149064
07/07/2010 14:00:00,        13.469344
07/07/2010 15:00:00,         1.610363
07/07/2010 16:00:00,         0.000821
07/07/2010 17:00:00,         1.190613
07/07/2010 18:00:00,         0.057334
07/07/2010 19:00:00,         0.986883
07/07/2010 20:00:00,         0.000000
07/07/2010 21:00:00,         0.014355
07/07/2010 22:00:00,         1.620381
07/07/2010 23:00:00,         6.168991
07/08/2010 00:00:00,       118.389254
07/08/2010 01:00:00,       142.234090
07/08/2010 02:00:00,        42.573641
07/08/2010 03:00:00,        83.435858
07/08/2010 04:00:00,        70.288623
07/08/2010 05:00:00,        12.344815
07/08/2010 06:00:00,        12.491698
07/08/2010 07:00:00,        56.584743
07/08/2010 08:00:00,        63.466009
07/08/2010 09:00:00,        31.601919
07/08/2010 10:00:00,        33.214554
07/08/2010 11:00:00,        20.482297
07/08/2010 12:00:00,         8.312303
07/08/2010 13:00:00,        18.358641
07/08/2010 14:00:00,        18.022663
07/08/2010 15:00:00,        17.486786
07/08/2010 16:00:00,        22.085867
07/08/2010 17:00:00,        38.206612
07/08/2010 18:00:00,        18.742211
07/08/2010 19:00:00,        31.484842
07/08/2010 20:00:00,        11.752897
07/08/2010 21:00:00,         4.163353
07/08/2010 22:00:00,         0.497287
07/08/2010 23:00:00,         0.032483
07/09/2010 00:00:00,        15.106397
07/09/2010 01:00:00,        23.352622
07/09/2010 02:00:00,        24.393097
07/09/2010 03:00:00,        44.779851
07/09/2010 04:00:00,        43.157536
07/09/2010 05:00:00,        52.156761
07/09/2010 06:00:00,       121.784826
07/09/2010 07:00:00,       227.716882
07/09/2010 08:00:00,       196.622417
07/09/2010 09:00:00,       259.997075
07/09/2010 10:00:00,       264.229222
07/09/2010 11:00:00,       276.951091
07/09/2010 12:00:00,       274.946397
07/09/2010 13:00:00,       237.884178
07/09/2010 14:00:00,       117.451902
07/09/2010 15:00:00,       142.766324
07/09/2010 16:00:00,        94.080212
07/09/2010 17:00:00,        53.200607
07/09/2010 18:00:00,        33.178357
07/09/2010 19:00:00,        46.840259
07/09/2010 20:00:00,        13.664597
07/09/2010 21:00:00,        17.275687
07/09/2010 22:00:00,        10.022286
07/09/2010 23:00:00,        14.868057
07/10/2010 00:00:00,         6.574190
07/10/2010 01:00:00,         9.869122
07/10/2010 02:00:00,        27.495020
07/10/2010 03:00:00,        28.381015
07/10/2010 04:00:00,        56.938092
07/10/2010 05:00:00,        43.754335
07/10/2010 06:00:00,        45.925548
07/10/2010 07:00:00,       123.515611
07/10/2010 08:00:00,        49.963865
07/10/2010 09:00:00,        66.491751
07/10/2010 10:00:00,        79.911863
07/10/2010 11:00:00,       143.203143
07/10/2010 12:00:00,       169.123756
07/10/2010 13:00:00,       156.685488
07/10/2010 14:00:00,       125.676577
07/10/2010 15:00:00,       210.777142
07/10/2010 16:00:00,        16.181035
07/10/2010 17:00:00,        22.467935
07/10/2010 18:00:00,        30.247575
07/10/2010 19:00:00,        18.253339
07/10/2010 20:00:00,        34.388483
07/10/2010 21:00:00,       148.545221
07/10/2010 22:00:00,       172.538274
07/10/2010 23:00:00,       116.813436
07/11/2010 00:00:00,       165.708832
07/11/2010 01:00:00,       157.013554
07/11/2010 02:00:00,       301.539303
07/11/2010 03:00:00,       207.691605
07/11/2010 04:00:00,        11.945618
07/11/2010 05:00:00,        15.510982
07/11/2010 06:00:00,        60.230057
07/11/2010 07:00:00,         7.222667
07/11/2010 08:00:00,        19.212666
07/11/2010 09:00:00,         1.755470
07/11/2010 10:00:00,         0.453607
07/11/2010 11:00:00,         0.058188
07/11/2010 12:00:00,         1.350898
07/11/2010 13:00:00,         7.219325
07/11/2010 14:00:00,        11.016395
07/11/2010 15:00:00,        10.334589
07/11/2010 16:00:00,         1.184100
07/11/2010 17:00:00,         0.111667
07/11/2010 18:00:00,         0.227748
07/11/2010 19:00:00,         0.887503
07/11/2010 20:00:00,         1.853528
07/11/2010 21:00:00,         0.892606
07/11/2010 22:00:00,         0.613798
07/11/2010 23:00:00,         2.444545
07/12/2010 00:00:00,         9.690807
07/12/2010 01:00:00,        34.065102
07/12/2010 02:00:00,        80.272545
07/12/2010 03:00:00,        41.303170
07/12/2010 04:00:00,        96.633221
07/12/2010 05:00:00,        80.991192
07/12/2010 06:00:00,       210.709247
07/12/2010 07:00:00,       185.980723
07/12/2010 08:00:00,       156.139401
07/12/2010 09:00:00,       126.706591
07/12/2010 10:00:00,       103.214369
07/12/2010 11:00:00,        22.721347
07/12/2010 12:00:00,        49.561577
07/12/2010 13:00:00,         3.685783
07/12/2010 14:00:00,         0.103381
07/12/2010 15:00:00,         1.648810
07/12/2010 16:00:00,         0.327446
07/12/2010 17:00:00,         0.042412
07/12/2010 18:00:00,         2.844640
07/12/2010 19:00:00,         1.717998
07/12/2010 20:00:00,         6.901583
07/12/2010 21:00:00,         0.097525
07/12/2010 22:00:00,         0.329594
07/12/2010 23:00:00,         9.992220
07/13/2010 00:00:00,        62.297588
07/13/2010 01:00:00,       269.349008
07/13/2010 02:00:00,       118.762257
07/13/2010 03:00:00,       272.071856
07/13/2010 04:00:00,       243.634383
07/13/2010 05:00:00,       232.586736
07/13/2010 06:00:00,       113.862068
07/13/2010 07:00:00,       254.230751
07/13/2010 08:00:00,       261.532847
07/13/2010 09:00:00,       243.467651
07/13/2010 10:00:00,       220.335352
07/13/2010 11:00:00,       180.292898
07/13/2010 12:00:00,       152.854324
07/13/2010 13:00:00,       121.198666
07/13/2010 14:00:00,        50.340732
07/13/2010 15:00:00,        27.080942
07/13/2010 16:00:00,        18.602419
07/13/2010 17:00:00,         2.956399
07/13/2010 18:00:00,         0.501882
07/13/2010 19:00:00,         0.428933
07/13/2010 20:00:00,         0.983254
07/13/2010 21:00:00,         0.000000
07/13/2010 22:00:00,         0.000000
07/13/2010 23:00:00,         5.013222
07/14/2010 00:00:00,         9.343993
07/14/2010 01:00:00,        40.889200
07/14/2010 02:00:00,        12.556280
07/14/2010 03:00:00,         0.557660
07/14/2010 04:00:00,       148.944756
07/14/2010 05:00:00,       259.497816
07/14/2010 06:00:00,         5.664150
07/14/2010 07:00:00,        66.002054
07/14/2010 08:00:00,        39.193102
07/14/2010 09:00:00,        22.276659
07/14/2010 10:00:00,         3.121220
07/14/2010 11:00:00,         8.603102
07/14/2010 12:00:00,         1.407157
07/14/2010 13:00:00,         1.136061
07/14/2010 14:00:00,         3.166643
07/14/2010 15:00:00,         3.991398
07/14/2010 16:00:00,         0.420577
07/14/2010 17:00:00,         0.218091
07/14/2010 18:00:00,         0.253652
07/14/2010 19:00:00,         0.000000
07/14/2010 20:00:00,         1.258489
07/14/2010 21:00:00,         0.409582
07/14/2010 22:00:00,         0.011598
07/14/2010 23:00:00,         0.405212
07/15/2010 00:00:00,         0.300182
07/15/2010 01:00:00,         6.464584
07/15/2010 02:00:00,         0.582315
07/15/2010 03:00:00,         1.028518
07/15/2010 04:00:00,        61.571742
07/15/2010 05:00:00,         0.023596
07/15/2010 06:00:00,         0.341711
07/15/2010 07:00:00,         4.849092
07/15/2010 08:00:00,        21.496917
07/15/2010 09:00:00,        52.720673
07/15/2010 10:00:00,        64.415077
07/15/2010 11:00:00,        39.626792
07/15/2010 12:00:00,        19.648379
07/15/2010 13:00:00,         8.025227
07/15/2010 14:00:00,         0.173148
07/15/2010 15:00:00,         0.000000
07/15/2010 16:00:00,         0.000000
07/15/2010 17:00:00,         0.046367
07/15/2010 18:00:00,         0.981963
07/15/2010 19:00:00,         2.434526
07/15/2010 20:00:00,         1.247906
07/15/2010 21:00:00,         0.276874
07/15/2010 22:00:00,         0.000000
07/15/2010 23:00:00,         0.000000
07/16/2010 00:00:00,         0.000000
07/16/2010 01:00:00,         0.000000
07/16/2010 02:00:00,         0.000000
07/16/2010 03:00:00,         0.120729
07/16/2010 04:00:00,         1.875730
07/16/2010 05:00:00,        31.021646
07/16/2010 06:00:00,       314.420177
07/16/2010 07:00:00,       182.308422
07/16/2010 08:00:00,       252.288069
07/16/2010 09:00:00,       308.720601
07/16/2010 10:00:00,        54.703188
07/16/2010 11:00:00,        54.129677
07/16/2010 12:00:00,        75.355825
07/16/2010 13:00:00,        65.734604
07/16/2010 14:00:00,       137.176704
07/16/2010 15:00:00,       157.448066
07/16/2010 16:00:00,       131.367687
07/16/2010 17:00:00,       154.949711
07/16/2010 18:00:00,        97.546443
07/16/2010 19:00:00,        17.473392
07/16/2010 20:00:00,        37.520104
07/16/2010 21:00:00,        60.050815
07/16/2010 22:00:00,        60.661663
07/16/2010 23:00:00,       185.921892
07/17/2010 00:00:00,       319.685279
07/17/2010 01:00:00,       282.180233
07/17/2010 02:00:00,       244.723494
07/17/2010 03:00:00,       299.707629
07/17/2010 04:00:00,       303.094898
07/17/2010 05:00:00,       293.167524
07/17/2010 06:00:00,       289.156118
07/17/2010 07:00:00,       291.761271
07/17/2010 08:00:00,       275.159799
07/17/2010 09:00:00,       236.662126
07/17/2010 10:00:00,       164.446689
07/17/2010 11:00:00,       197.176602
07/17/2010 12:00:00,       218.722643
07/17/2010 13:00:00,       110.861333
07/17/2010 14:00:00,        46.846074
07/17/2010 15:00:00,        62.900413
07/17/2010 16:00:00,       116.498442
07/17/2010 17:00:00,       113.870741
07/17/2010 18:00:00,       176.993961
07/17/2010 19:00:00,       164.552255
07/17/2010 20:00:00,       240.462850
07/17/2010 21:00:00,       197.221273
07/17/2010 22:00:00,       190.768728
07/17/2010 23:00:00,       234.304915
07/18/2010 00:00:00,       200.381748
07/18/2010 01:00:00,       271.526378
07/18/2010 02:00:00,       258.798018
07/18/2010 03:00:00,       213.505935
07/18/2010 04:00:00,       189.027366
07/18/2010 05:00:00,       238.946100
07/18/2010 06:00:00,       187.524998
07/18/2010 07:00:00,       198.411026
07/18/2010 08:00:00,       208.871039
07/18/2010 09:00:00,       170.867908
07/18/2010 10:00:00,       219.805821
07/18/2010 11:00:00,       188.191890
07/18/2010 12:00:00,       214.722336
07/18/2010 13:00:00,       182.646785
07/18/2010 14:00:00,       202.920690
07/18/2010 15:00:00,       237.125634
07/18/2010 16:00:00,       286.171247
07/18/2010 17:00:00,       313.321014
07/18/2010 18:00:00,       311.564207
07/18/2010 19:00:00,       304.900247
07/18/2010 20:00:00,       283.287333
07/18/2010 21:00:00,       317.829487
07/18/2010 22:00:00,       174.535361
07/18/2010 23:00:00,       181.953420
07/19/2010 00:00:00,       293.898482
07/19/2010 01:00:00,       265.409392
07/19/2010 02:00:00,       146.190119
07/19/2010 03:00:00,       152.681478
07/19/2010 04:00:00,       266.122178
07/19/2010 05:00:00,       196.437854
07/19/2010 06:00:00,       155.319372
07/19/2010 07:00:00,       114.144228
07/19/2010 08:00:00,       176.128334
07/19/2010 09:00:00,        91.828562
07/19/2010 10:00:00,        74.657332
07/19/2010 11:00:00,        40.059826
07/19/2010 12:00:00,        55.806444
07/19/2010 13:00:00,        15.576650
07/19/2010 14:00:00,         4.021264
07/19/2010 15:00:00,         3.753942
07/19/2010 16:00:00,        11.742846
07/19/2010 17:00:00,        11.637816
07/19/2010 18:00:00,         2.794836
07/19/2010 19:00:00,         1.283246
07/19/2010 20:00:00,         0.117048
07/19/2010 21:00:00,         0.000000
07/19/2010 22:00:00,         0.000000
07/19/2010 23:00:00,         0.388610
07/20/2010 00:00:00,         0.196626
07/20/2010 01:00:00,         0.008791
07/20/2010 02:00:00,        37.323403
07/20/2010 03:00:00,        43.265356
07/20/2010 04:00:00,        49.132937
07/20/2010 05:00:00,        79.831269
07/20/2010 06:00:00,        90.504658
07/20/2010 07:00:00,       112.349680
07/20/2010 08:00:00,        72.611289
07/20/2010 09:00:00,        96.821901
07/20/2010 10:00:00,       136.936005
07/20/2010 11:00:00,        88.946979
07/20/2010 12:00:00,        70.887417
07/20/2010 13:00:00,        46.086276
07/20/2010 14:00:00,        33.064275
07/20/2010 15:00:00,        28.558473
07/20/2010 16:00:00,        37.423377
07/20/2010 17:00:00,        46.069667
07/20/2010 18:00:00,        49.017123
07/20/2010 19:00:00,        55.010747
07/20/2010 20:00:00,        59.656536
07/20/2010 21:00:00,        75.759442
07/20/2010 22:00:00,        89.181314
07/20/2010 23:00:00,        65.118899
07/21/2010 00:00:00,        63.445396
07/21/2010 01:00:00,       108.220187
07/21/2010 02:00:00,       136.119216
07/21/2010 03:00:00,       114.698682
07/21/2010 04:00:00,        11.046528
07/21/2010 05:00:00,        53.298378
07/21/2010 06:00:00,        73.167147
07/21/2010 07:00:00,        64.477091
07/21/2010 08:00:00,        55.729254
07/21/2010 09:00:00,        42.588529
07/21/2010 10:00:00,        46.753240
07/21/2010 11:00:00,        18.856666
07/21/2010 12:00:00,         9.722869
07/21/2010 13:00:00,         3.683682
07/21/2010 14:00:00,         8.952182
07/21/2010 15:00:00,         3.733817
07/21/2010 16:00:00,         0.029128
07/21/2010 17:00:00,         6.716934
07/21/2010 18:00:00,        28.797113
07/21/2010 19:00:00,        53.292834
07/21/2010 20:00:00,        79.891695
07/21/2010 21:00:00,       106.640818
07/21/2010 22:00:00,        52.669283
07/21/2010 23:00:00,        25.133804
07/22/2010 00:00:00,        27.072469
07/22/2010 01:00:00,         7.541618
07/22/2010 02:00:00,         4.189164
07/22/2010 03:00:00,         4.156505
07/22/2010 04:00:00,         7.126992
07/22/2010 05:00:00,         0.352298
07/22/2010 06:00:00,        16.267928
07/22/2010 07:00:00,        30.062983
07/22/2010 08:00:00,        12.484988
07/22/2010 09:00:00,         2.115177
07/22/2010 10:00:00,         1.573649
07/22/2010 11:00:00,         0.768963
07/22/2010 12:00:00,         1.011090
07/22/2010 13:00:00,         0.652390
07/22/2010 14:00:00,         0.214866
07/22/2010 15:00:00,        10.105403
07/22/2010 16:00:00,        39.418392
07/22/2010 17:00:00,        31.549945
07/22/2010 18:00:00,        26.754220
07/22/2010 19:00:00,         2.622127
07/22/2010 20:00:00,         0.000000
07/22/2010 21:00:00,        42.601278
07/22/2010 22:00:00,         0.016292
07/22/2010 23:00:00,         0.000000
07/23/2010 00:00:00,         0.452059
07/23/2010 01:00:00,         0.007602
07/23/2010 02:00:00,         8.233454
07/23/2010 03:00:00,         2.780321
07/23/2010 04:00:00,         0.000000
07/23/2010 05:00:00,         0.874502
07/23/2010 06:00:00,         1.640355
07/23/2010 07:00:00,         4.985403
07/23/2010 08:00:00,         0.613023
07/23/2010 09:00:00,        30.081734
07/23/2010 10:00:00,        26.206212
07/23/2010 11:00:00,         8.529467
07/23/2010 12:00:00,         4.931106
07/23/2010 13:00:00,         1.524302
07/23/2010 14:00:00,         1.837723
07/23/2010 15:00:00,        10.942135
07/23/2010 16:00:00,        23.038886
07/23/2010 17:00:00,        15.161659
07/23/2010 18:00:00,         7.695804
07/23/2010 19:00:00,         3.051690
07/23/2010 20:00:00,         0.167065
07/23/2010 21:00:00,         3.651534
07/23/2010 22:00:00,         0.009497
07/23/2010 23:00:00,         0.000000
07/24/2010 00:00:00,         0.000000
07/24/2010 01:00:00,         1.477610
07/24/2010 02:00:00,         3.794407
07/24/2010 03:00:00,         5.939625
07/24/2010 04:00:00,        32.584401
07/24/2010 05:00:00,        28.652924
07/24/2010 06:00:00,        43.119059
07/24/2010 07:00:00,        75.538881
07/24/2010 08:00:00,        81.389421
07/24/2010 09:00:00,        70.752411
07/24/2010 10:00:00,        75.078624
07/24/2010 11:00:00,       181.141781
07/24/2010 12:00:00,       165.852287
07/24/2010 13:00:00,       198.421207
07/24/2010 14:00:00,       162.125691
07/24/2010 15:00:00,        83.393539
07/24/2010 16:00:00,        32.538092
07/24/2010 17:00:00,        11.005497
07/24/2010 18:00:00,        11.217165
07/24/2010 19:00:00,        33.316451
07/24/2010 20:00:00,       102.010521
07/24/2010 21:00:00,        21.381982
07/24/2010 22:00:00,        45.844331
07/24/2010 23:00:00,        80.068981
07/25/2010 00:00:00,        27.157116
07/25/2010 01:00:00,       194.664072
07/25/2010 02:00:00,       113.884601
07/25/2010 03:00:00,       226.038671
07/25/2010 04:00:00,       282.203749
07/25/2010 05:00:00,       318.306952
07/25/2010 06:00:00,       310.962425
07/25/2010 07:00:00,       292.000892
07/25/2010 08:00:00,       309.899858
07/25/2010 09:00:00,       308.928172
07/25/2010 10:00:00,       250.230329
07/25/2010 11:00:00,       186.194732
07/25/2010 12:00:00,       101.601289
07/25/2010 13:00:00,       297.349342
07/25/2010 14:00:00,       298.151296
07/25/2010 15:00:00,       271.987246
07/25/2010 16:00:00,       249.234096
07/25/2010 17:00:00,       275.821215
07/25/2010 18:00:00,       272.028710
07/25/2010 19:00:00,       253.189950
07/25/2010 20:00:00,       246.114205
07/25/2010 21:00:00,       242.699635
07/25/2010 22:00:00,       302.390769
07/25/2010 23:00:00,       310.617211
07/26/2010 00:00:00,       274.046194
07/26/2010 01:00:00,       276.801231
07/26/2010 02:00:00,       295.722440
07/26/2010 03:00:00,       277.662291
07/26/2010 04:00:00,       284.842611
07/26/2010 05:00:00,       282.294543
07/26/2010 06:00:00,       293.801702
07/26/2010 07:00:00,       288.277837
07/26/2010 08:00:00,       285.798543
07/26/2010 09:00:00,       290.605577
07/26/2010 10:00:00,       288.680338
07/26/2010 11:00:00,       266.852356
07/26/2010 12:00:00,       261.346134
07/26/2010 13:00:00,       233.368032
07/26/2010 14:00:00,       218.918192
07/26/2010 15:00:00,       243.549785
07/26/2010 16:00:00,       231.812177
07/26/2010 17:00:00,       258.892628
07/26/2010 18:00:00,       224.713102
07/26/2010 19:00:00,       219.224354
07/26/2010 20:00:00,       173.073413
07/26/2010 21:00:00,       171.646978
07/26/2010 22:00:00,       316.360629
07/26/2010 23:00:00,       266.673097
07/27/2010 00:00:00,       300.908395
07/27/2010 01:00:00,       306.008213
07/27/2010 02:00:00,       317.357948
07/27/2010 03:00:00,       289.018814
07/27/2010 04:00:00,       254.900047
07/27/2010 05:00:00,       203.271050
07/27/2010 06:00:00,       155.128942
07/27/2010 07:00:00,       145.186104
07/27/2010 08:00:00,       147.297914
07/27/2010 09:00:00,       147.973813
07/27/2010 10:00:00,       131.102728
07/27/2010 11:00:00,       114.169373
07/27/2010 12:00:00,       118.504855
07/27/2010 13:00:00,        90.818976
07/27/2010 14:00:00,        63.412447
07/27/2010 15:00:00,        35.667215
07/27/2010 16:00:00,         5.309072
07/27/2010 17:00:00,         3.330076
07/27/2010 18:00:00,         5.655482
07/27/2010 19:00:00,        15.362228
07/27/2010 20:00:00,        19.004115
07/27/2010 21:00:00,        18.309505
07/27/2010 22:00:00,        19.187301
07/27/2010 23:00:00,        26.506764
07/28/2010 00:00:00,        26.917700
07/28/2010 01:00:00,        23.279766
07/28/2010 02:00:00,        42.568617
07/28/2010 03:00:00,       122.689366
07/28/2010 04:00:00,       207.441555
07/28/2010 05:00:00,       246.964805
07/28/2010 06:00:00,       244.386966
07/28/2010 07:00:00,       295.365528
07/28/2010 08:00:00,       304.241098
07/28/2010 09:00:00,       274.894383
07/28/2010 10:00:00,       284.322163
07/28/2010 11:00:00,       252.668301
07/28/2010 12:00:00,       254.716181
07/28/2010 13:00:00,       214.342384
07/28/2010 14:00:00,       219.990674
07/28/2010 15:00:00,        80.934266
07/28/2010 16:00:00,        53.505732
07/28/2010 17:00:00,       130.516003
07/28/2010 18:00:00,       206.708385
07/28/2010 19:00:00,       307.632972
07/28/2010 20:00:00,       226.691034
07/28/2010 21:00:00,       257.306460
07/28/2010 22:00:00,       279.154490
07/28/2010 23:00:00,       187.454952
07/29/2010 00:00:00,       315.646201
07/29/2010 01:00:00,       319.438945
07/29/2010 02:00:00,       319.948283
07/29/2010 03:00:00,       301.414302
07/29/2010 04:00:00,       319.517053
07/29/2010 05:00:00,       314.795212
07/29/2010 06:00:00,       286.404230
07/29/2010 07:00:00,       315.540380
07/29/2010 08:00:00,       318.838905
07/29/2010 09:00:00,       319.698973
07/29/2010 10:00:00,       319.430679
07/29/2010 11:00:00,       319.390044
07/29/2010 12:00:00,       316.877985
07/29/2010 13:00:00,       316.346685
07/29/2010 14:00:00,       318.686662
07/29/2010 15:00:00,       318.054206
07/29/2010 16:00:00,       317.166777
07/29/2010 17:00:00,       318.331756
07/29/2010 18:00:00,       318.671887
07/29/2010 19:00:00,       318.670644
07/29/2010 20:00:00,       318.458019
07/29/2010 21:00:00,       318.225032
07/29/2010 22:00:00,       318.740503
07/29/2010 23:00:00,       317.000446
07/30/2010 00:00:00,       315.385877
07/30/2010 01:00:00,       310.987770
07/30/2010 02:00:00,       298.518126
07/30/2010 03:00:00,       307.126565
07/30/2010 04:00:00,       262.398965
07/30/2010 05:00:00,       208.307423
07/30/2010 06:00:00,       138.748960
07/30/2010 07:00:00,        72.117523
07/30/2010 08:00:00,        39.307663
07/30/2010 09:00:00,        35.126355
07/30/2010 10:00:00,        14.614794
07/30/2010 11:00:00,         3.579859
07/30/2010 12:00:00,         1.727097
07/30/2010 13:00:00,         1.700803
07/30/2010 14:00:00,         5.007278
07/30/2010 15:00:00,         6.990385
07/30/2010 16:00:00,         8.199096
07/30/2010 17:00:00,         9.030909
07/30/2010 18:00:00,         2.310543
07/30/2010 19:00:00,         0.815128
07/30/2010 20:00:00,         0.264525
07/30/2010 21:00:00,         0.091694
07/30/2010 22:00:00,         0.025992
07/30/2010 23:00:00,         0.000000
07/31/2010 00:00:00,         0.000000
07/31/2010 01:00:00,         0.000000
07/31/2010 02:00:00,         2.505744
07/31/2010 03:00:00,         0.002946
07/31/2010 04:00:00,         0.242901
07/31/2010 05:00:00,         1.704375
07/31/2010 06:00:00,         0.408219
07/31/2010 07:00:00,         5.409280
07/31/2010 08:00:00,         3.029291
07/31/2010 09:00:00,        12.847216
07/31/2010 10:00:00,        31.605498
07/31/2010 11:00:00,        51.569324
07/31/2010 12:00:00,        40.905003
07/31/2010 13:00:00,        14.676726
07/31/2010 14:00:00,         0.183735
07/31/2010 15:00:00,         0.139389
07/31/2010 16:00:00,         0.518437
07/31/2010 17:00:00,         0.182163
07/31/2010 18:00:00,         0.742018
07/31/2010 19:00:00,         1.792221
07/31/2010 20:00:00,         9.364450
07/31/2010 21:00:00,         1.633108
07/31/2010 22:00:00,         0.069677
07/31/2010 23:00:00,         0.000000
08/01/2010 00:00:00,         0.000000
08/01/2010 01:00:00,         0.004851
08/01/2010 02:00:00,         0.068377
08/01/2010 03:00:00,         0.003910
08/01/2010 04:00:00,         0.502502
08/01/2010 05:00:00,         4.559349
08/01/2010 06:00:00,        25.853402
08/01/2010 07:00:00,        18.868855
08/01/2010 08:00:00,        25.490378
08/01/2010 09:00:00,        40.406489
08/01/2010 10:00:00,        72.262902
08/01/2010 11:00:00,        55.784868
08/01/2010 12:00:00,        62.838100
08/01/2010 13:00:00,        43.939022
08/01/2010 14:00:00,        30.399565
08/01/2010 15:00:00,        11.093912
08/01/2010 16:00:00,         0.214449
08/01/2010 17:00:00,         0.200081
08/01/2010 18:00:00,         0.423118
08/01/2010 19:00:00,         0.167948
08/01/2010 20:00:00,         0.612972
08/01/2010 21:00:00,         0.702901
08/01/2010 22:00:00,         0.003419
08/01/2010 23:00:00,         3.171753
08/02/2010 00:00:00,        12.158547
08/02/2010 01:00:00,         0.314371
08/02/2010 02:00:00,       164.563758
08/02/2010 03:00:00,       132.169358
08/02/2010 04:00:00,       202.513688
08/02/2010 05:00:00,        33.128439
08/02/2010 06:00:00,       101.383141
08/02/2010 07:00:00,       107.296588
08/02/2010 08:00:00,       125.622037
08/02/2010 09:00:00,       184.346449
08/02/2010 10:00:00,       245.977312
08/02/2010 11:00:00,       290.478499
08/02/2010 12:00:00,       303.635715
08/02/2010 13:00:00,       314.705525
08/02/2010 14:00:00,       297.343871
08/02/2010 15:00:00,       246.147951
08/02/2010 16:00:00,       121.412274
08/02/2010 17:00:00,        67.543190
08/02/2010 18:00:00,        51.913289
08/02/2010 19:00:00,        97.594096
08/02/2010 20:00:00,        16.741858
08/02/2010 21:00:00,         0.144119
08/02/2010 22:00:00,        32.740323
08/02/2010 23:00:00,        21.701144
08/03/2010 00:00:00,        36.050174
08/03/2010 01:00:00,        55.253707
08/03/2010 02:00:00,       224.597506
08/03/2010 03:00:00,       310.936382
08/03/2010 04:00:00,       301.113870
08/03/2010 05:00:00,       298.805922
08/03/2010 06:00:00,       270.671756
08/03/2010 07:00:00,       225.591674
08/03/2010 08:00:00,       158.484309
08/03/2010 09:00:00,       121.251111
08/03/2010 10:00:00,       112.943884
08/03/2010 11:00:00,        94.724308
08/03/2010 12:00:00,        86.873101
08/03/2010 13:00:00,        76.299335
08/03/2010 14:00:00,        35.936223
08/03/2010 15:00:00,        44.736844
08/03/2010 16:00:00,        17.298209
08/03/2010 17:00:00,         5.108137
08/03/2010 18:00:00,         0.233162
08/03/2010 19:00:00,         0.182865
08/03/2010 20:00:00,         8.583922
08/03/2010 21:00:00,         5.695039
08/03/2010 22:00:00,         8.848079
08/03/2010 23:00:00,         1.460489
08/04/2010 00:00:00,         0.039650
08/04/2010 01:00:00,         2.590492
08/04/2010 02:00:00,        31.055633
08/04/2010 03:00:00,       144.867452
08/04/2010 04:00:00,       177.442445
08/04/2010 05:00:00,       105.769574
08/04/2010 06:00:00,       203.052698
08/04/2010 07:00:00,       126.056362
08/04/2010 08:00:00,        72.655887
08/04/2010 09:00:00,        61.345072
08/04/2010 10:00:00,         6.893966
08/04/2010 11:00:00,        64.355047
08/04/2010 12:00:00,       111.400245
08/04/2010 13:00:00,        65.170608
08/04/2010 14:00:00,        26.593419
08/04/2010 15:00:00,        28.643302
08/04/2010 16:00:00,        34.531494
08/04/2010 17:00:00,       122.509018
08/04/2010 18:00:00,        62.280034
08/04/2010 19:00:00,        32.708635
08/04/2010 20:00:00,        51.955971
08/04/2010 21:00:00,         9.616281
08/04/2010 22:00:00,         0.446766
08/04/2010 23:00:00,         1.860622
08/05/2010 00:00:00,        13.153396
08/05/2010 01:00:00,        39.980439
08/05/2010 02:00:00,       205.380505
08/05/2010 03:00:00,       241.390790
08/05/2010 04:00:00,       306.177359
08/05/2010 05:00:00,       182.273267
08/05/2010 06:00:00,       134.640177
08/05/2010 07:00:00,       208.010500
08/05/2010 08:00:00,       205.207513
08/05/2010 09:00:00,       169.443471
08/05/2010 10:00:00,        80.952071
08/05/2010 11:00:00,        63.942204
08/05/2010 12:00:00,        54.955808
08/05/2010 13:00:00,        57.267274
08/05/2010 14:00:00,        59.337898
08/05/2010 15:00:00,        36.972630
08/05/2010 16:00:00,        35.964030
08/05/2010 17:00:00,        36.284035
08/05/2010 18:00:00,        29.721329
08/05/2010 19:00:00,        17.451519
08/05/2010 20:00:00,         5.855230
08/05/2010 21:00:00,         0.000000
08/05/2010 22:00:00,         4.632330
08/05/2010 23:00:00,         0.722150
08/06/2010 00:00:00,         3.288779
08/06/2010 01:00:00,        23.704241
08/06/2010 02:00:00,       167.036823
08/06/2010 03:00:00,        90.358645
08/06/2010 04:00:00,       190.925192
08/06/2010 05:00:00,       200.444929
08/06/2010 06:00:00,       207.098867
08/06/2010 07:00:00,       244.728865
08/06/2010 08:00:00,       229.403972
08/06/2010 09:00:00,       178.173075
08/06/2010 10:00:00,       238.939898
08/06/2010 11:00:00,       261.368468
08/06/2010 12:00:00,       270.294505
08/06/2010 13:00:00,       288.935444
08/06/2010 14:00:00,       276.552723
08/06/2010 15:00:00,       308.905429
08/06/2010 16:00:00,       297.779031
08/06/2010 17:00:00,       310.416543
08/06/2010 18:00:00,       308.366302
08/06/2010 19:00:00,       312.225131
08/06/2010 20:00:00,       318.520660
08/06/2010 21:00:00,       313.572006
08/06/2010 22:00:00,       318.038987
08/06/2010 23:00:00,       315.357600
08/07/2010 00:00:00,       311.756065
08/07/2010 01:00:00,       316.057847
08/07/2010 02:00:00,       318.196272
08/07/2010 03:00:00,       312.001057
08/07/2010 04:00:00,       312.060153
08/07/2010 05:00:00,       283.056064
08/07/2010 06:00:00,       297.400491
08/07/2010 07:00:00,       266.475725
08/07/2010 08:00:00,       273.657564
08/07/2010 09:00:00,       249.099476
08/07/2010 10:00:00,       233.069293
08/07/2010 11:00:00,       247.106871
08/07/2010 12:00:00,       238.499148
08/07/2010 13:00:00,       227.082727
08/07/2010 14:00:00,       254.040281
08/07/2010 15:00:00,       267.876508
08/07/2010 16:00:00,       269.893463
08/07/2010 17:00:00,       276.871744
08/07/2010 18:00:00,       276.812688
08/07/2010 19:00:00,       300.728337
08/07/2010 20:00:00,       293.158289
08/07/2010 21:00:00,       302.714107
08/07/2010 22:00:00,       291.390759
08/07/2010 23:00:00,       294.584415
08/08/2010 00:00:00,       240.277455
08/08/2010 01:00:00,       272.615640
08/08/2010 02:00:00,       296.306948
08/08/2010 03:00:00,       239.332949
08/08/2010 04:00:00,       291.533123
08/08/2010 05:00:00,       306.042036
08/08/2010 06:00:00,       301.502150
08/08/2010 07:00:00,       317.495796
08/08/2010 08:00:00,       318.272964
08/08/2010 09:00:00,       316.039663
08/08/2010 10:00:00,       314.396420
08/08/2010 11:00:00,       301.976332
08/08/2010 12:00:00,       258.897830
08/08/2010 13:00:00,       160.163894
08/08/2010 14:00:00,       181.133818
08/08/2010 15:00:00,       117.148502
08/08/2010 16:00:00,        92.979364
08/08/2010 17:00:00,        66.587888
08/08/2010 18:00:00,       103.579171
08/08/2010 19:00:00,       122.097186
08/08/2010 20:00:00,       174.743048
08/08/2010 21:00:00,        87.799579
08/08/2010 22:00:00,        96.714814
08/08/2010 23:00:00,       134.565720
08/09/2010 00:00:00,        93.969600
08/09/2010 01:00:00,        41.311225
08/09/2010 02:00:00,        15.732361
08/09/2010 03:00:00,        53.236769
08/09/2010 04:00:00,        89.137693
08/09/2010 05:00:00,        99.435930
08/09/2010 06:00:00,       144.167166
08/09/2010 07:00:00,       246.860249
08/09/2010 08:00:00,       309.228249
08/09/2010 09:00:00,       264.053745
08/09/2010 10:00:00,       238.606091
08/09/2010 11:00:00,       259.443498
08/09/2010 12:00:00,       239.216620
08/09/2010 13:00:00,       202.282117
08/09/2010 14:00:00,        90.762051
08/09/2010 15:00:00,        54.266167
08/09/2010 16:00:00,        81.003879
08/09/2010 17:00:00,       141.991189
08/09/2010 18:00:00,       191.605552
08/09/2010 19:00:00,       159.107410
08/09/2010 20:00:00,        42.820871
08/09/2010 21:00:00,       104.780089
08/09/2010 22:00:00,       120.594541
08/09/2010 23:00:00,        17.303274
08/10/2010 00:00:00,        10.736812
08/10/2010 01:00:00,        48.435027
08/10/2010 02:00:00,       128.922752
08/10/2010 03:00:00,        13.450968
08/10/2010 04:00:00,       118.451006
08/10/2010 05:00:00,       122.893099
08/10/2010 06:00:00,        97.507825
08/10/2010 07:00:00,        58.498267
08/10/2010 08:00:00,        57.221173
08/10/2010 09:00:00,        99.432533
08/10/2010 10:00:00,       115.140544
08/10/2010 11:00:00,       102.267116
08/10/2010 12:00:00,        80.496704
08/10/2010 13:00:00,       117.569852
08/10/2010 14:00:00,        30.397196
08/10/2010 15:00:00,        24.836326
08/10/2010 16:00:00,        40.572941
08/10/2010 17:00:00,        37.687387
08/10/2010 18:00:00,         9.915985
08/10/2010 19:00:00,        17.812772
08/10/2010 20:00:00,        25.765984
08/10/2010 21:00:00,         4.809908
08/10/2010 22:00:00,         0.365080
08/10/2010 23:00:00,         1.426998
08/11/2010 00:00:00,         0.000000
08/11/2010 01:00:00,         0.272306
08/11/2010 02:00:00,         3.795006
08/11/2010 03:00:00,        12.914189
08/11/2010 04:00:00,        33.543497
08/11/2010 05:00:00,         7.956513
08/11/2010 06:00:00,        17.083940
08/11/2010 07:00:00,        20.530645
08/11/2010 08:00:00,         7.537177
08/11/2010 09:00:00,         7.348871
08/11/2010 10:00:00,        24.723379
08/11/2010 11:00:00,        33.090167
08/11/2010 12:00:00,        41.312011
08/11/2010 13:00:00,        38.925141
08/11/2010 14:00:00,        51.378199
08/11/2010 15:00:00,        90.841355
08/11/2010 16:00:00,        68.755907
08/11/2010 17:00:00,        51.790887
08/11/2010 18:00:00,        29.987621
08/11/2010 19:00:00,        17.706086
08/11/2010 20:00:00,         9.316846
08/11/2010 21:00:00,         6.658300
08/11/2010 22:00:00,        10.511906
08/11/2010 23:00:00,        25.835889
08/12/2010 00:00:00,        42.079070
08/12/2010 01:00:00,        25.075730
08/12/2010 02:00:00,        48.458614
08/12/2010 03:00:00,        43.577735
08/12/2010 04:00:00,         1.908209
08/12/2010 05:00:00,         0.001847
08/12/2010 06:00:00,         0.000000
08/12/2010 07:00:00,         0.048692
08/12/2010 08:00:00,         0.004844
08/12/2010 09:00:00,         0.000000
08/12/2010 10:00:00,         0.000000
08/12/2010 11:00:00,         0.002419
08/12/2010 12:00:00,         0.036161
08/12/2010 13:00:00,         0.228870
08/12/2010 14:00:00,         0.001527
08/12/2010 15:00:00,         0.003047
08/12/2010 16:00:00,         0.137968
08/12/2010 17:00:00,         0.902428
08/12/2010 18:00:00,         0.378471
08/12/2010 19:00:00,         0.142286
08/12/2010 20:00:00,         0.235942
08/12/2010 21:00:00,         0.081155
08/12/2010 22:00:00,         4.769920
08/12/2010 23:00:00,         0.000000
08/13/2010 00:00:00,         0.216909
08/13/2010 01:00:00,        15.226303
08/13/2010 02:00:00,         2.420426
08/13/2010 03:00:00,         2.653399
08/13/2010 04:00:00,        44.800053
08/13/2010 05:00:00,        68.263675
08/13/2010 06:00:00,        42.400020
08/13/2010 07:00:00,         1.476590
08/13/2010 08:00:00,        20.607058
08/13/2010 09:00:00,        28.203294
08/13/2010 10:00:00,        39.720845
08/13/2010 11:00:00,        23.995145
08/13/2010 12:00:00,        34.593606
08/13/2010 13:00:00,        39.501325
08/13/2010 14:00:00,        16.827975
08/13/2010 15:00:00,        11.558812
08/13/2010 16:00:00,        13.004672
08/13/2010 17:00:00,        16.741313
08/13/2010 18:00:00,        18.701636
08/13/2010 19:00:00,        13.111630
08/13/2010 20:00:00,         0.889886
08/13/2010 21:00:00,         0.604285
08/13/2010 22:00:00,         0.216317
08/13/2010 23:00:00,         0.000000
08/14/2010 00:00:00,         0.492767
08/14/2010 01:00:00,         4.657033
08/14/2010 02:00:00,         1.440628
08/14/2010 03:00:00,        22.391174
08/14/2010 04:00:00,        17.784981
08/14/2010 05:00:00,        21.157723
08/14/2010 06:00:00,        25.708885
08/14/2010 07:00:00,        29.884076
08/14/2010 08:00:00,        39.607231
08/14/2010 09:00:00,        41.560278
08/14/2010 10:00:00,        21.233173
08/14/2010 11:00:00,        19.067474
08/14/2010 12:00:00,        28.799760
08/14/2010 13:00:00,        26.882066
08/14/2010 14:00:00,        17.050238
08/14/2010 15:00:00,         3.120862
08/14/2010 16:00:00,         1.306270
08/14/2010 17:00:00,         0.047341
08/14/2010 18:00:00,         0.000000
08/14/2010 19:00:00,         0.093545
08/14/2010 20:00:00,         0.389300
08/14/2010 21:00:00,         8.092853
08/14/2010 22:00:00,         7.929864
08/14/2010 23:00:00,         8.159580
08/15/2010 00:00:00,        10.359194
08/15/2010 01:00:00,       247.237788
08/15/2010 02:00:00,       233.124750
08/15/2010 03:00:00,       261.727822
08/15/2010 04:00:00,       280.823743
08/15/2010 05:00:00,       272.969652
08/15/2010 06:00:00,       229.464475
08/15/2010 07:00:00,       224.347605
08/15/2010 08:00:00,       170.736544
08/15/2010 09:00:00,       181.759109
08/15/2010 10:00:00,       129.679343
08/15/2010 11:00:00,       110.669981
08/15/2010 12:00:00,       113.937913
08/15/2010 13:00:00,       115.262262
08/15/2010 14:00:00,        89.341508
08/15/2010 15:00:00,        39.294968
08/15/2010 16:00:00,         7.782613
08/15/2010 17:00:00,         0.158600
08/15/2010 18:00:00,         5.919351
08/15/2010 19:00:00,        24.102561
08/15/2010 20:00:00,        10.896918
08/15/2010 21:00:00,         6.252064
08/15/2010 22:00:00,         6.174785
08/15/2010 23:00:00,         6.649245
08/16/2010 00:00:00,       197.481899
08/16/2010 01:00:00,       238.627450
08/16/2010 02:00:00,       253.445374
08/16/2010 03:00:00,       286.588751
08/16/2010 04:00:00,       313.121421
08/16/2010 05:00:00,       316.076771
08/16/2010 06:00:00,       315.303820
08/16/2010 07:00:00,       302.284165
08/16/2010 08:00:00,       305.176332
08/16/2010 09:00:00,       313.516078
08/16/2010 10:00:00,       309.053946
08/16/2010 11:00:00,       304.829475
08/16/2010 12:00:00,       300.053778
08/16/2010 13:00:00,       281.332945
08/16/2010 14:00:00,       242.613103
08/16/2010 15:00:00,       244.673433
08/16/2010 16:00:00,       283.197651
08/16/2010 17:00:00,       303.882743
08/16/2010 18:00:00,       245.441632
08/16/2010 19:00:00,       242.361577
08/16/2010 20:00:00,       240.382503
08/16/2010 21:00:00,       239.367366
08/16/2010 22:00:00,       301.447281
08/16/2010 23:00:00,       313.313169
08/17/2010 00:00:00,       318.538429
08/17/2010 01:00:00,       318.671383
08/17/2010 02:00:00,       316.364870
08/17/2010 03:00:00,       307.426023
08/17/2010 04:00:00,       316.876243
08/17/2010 05:00:00,       311.138098
08/17/2010 06:00:00,       275.968492
08/17/2010 07:00:00,       215.906275
08/17/2010 08:00:00,       187.985094
08/17/2010 09:00:00,       133.101014
08/17/2010 10:00:00,       120.070971
08/17/2010 11:00:00,       139.562973
08/17/2010 12:00:00,       186.842737
08/17/2010 13:00:00,       156.878482
08/17/2010 14:00:00,       101.327548
08/17/2010 15:00:00,        88.349899
08/17/2010 16:00:00,        88.529464
08/17/2010 17:00:00,       130.056089
08/17/2010 18:00:00,       218.225148
08/17/2010 19:00:00,       291.292912
08/17/2010 20:00:00,       288.562215
08/17/2010 21:00:00,       304.073258
08/17/2010 22:00:00,       271.856998
08/17/2010 23:00:00,       307.317272
08/18/2010 00:00:00,       231.729692
08/18/2010 01:00:00,       189.040394
08/18/2010 02:00:00,       319.761675
08/18/2010 03:00:00,       319.983260
08/18/2010 04:00:00,       248.745719
08/18/2010 05:00:00,       308.684021
08/18/2010 06:00:00,       299.250511
08/18/2010 07:00:00,       300.354669
08/18/2010 08:00:00,       290.426272
08/18/2010 09:00:00,       247.360832
08/18/2010 10:00:00,       267.959012
08/18/2010 11:00:00,       245.794504
08/18/2010 12:00:00,       219.329754
08/18/2010 13:00:00,       172.550961
08/18/2010 14:00:00,       158.859504
08/18/2010 15:00:00,       144.980074
08/18/2010 16:00:00,       152.580875
08/18/2010 17:00:00,       149.848431
08/18/2010 18:00:00,       127.912479
08/18/2010 19:00:00,        85.239780
08/18/2010 20:00:00,        61.232853
08/18/2010 21:00:00,        61.940960
08/18/2010 22:00:00,        35.083502
08/18/2010 23:00:00,        10.464906
08/19/2010 00:00:00,         9.463908
08/19/2010 01:00:00,         2.446349
08/19/2010 02:00:00,        12.247511
08/19/2010 03:00:00,         7.847464
08/19/2010 04:00:00,         9.751878
08/19/2010 05:00:00,        16.232810
08/19/2010 06:00:00,        31.405339
08/19/2010 07:00:00,        48.690089
08/19/2010 08:00:00,        67.522749
08/19/2010 09:00:00,        74.171673
08/19/2010 10:00:00,        71.178088
08/19/2010 11:00:00,        72.729983
08/19/2010 12:00:00,       106.137733
08/19/2010 13:00:00,        97.192196
08/19/2010 14:00:00,        31.104755
08/19/2010 15:00:00,         5.717909
08/19/2010 16:00:00,         0.276511
08/19/2010 17:00:00,         1.794789
08/19/2010 18:00:00,        11.813680
08/19/2010 19:00:00,        19.932385
08/19/2010 20:00:00,        14.117231
08/19/2010 21:00:00,         6.966680
08/19/2010 22:00:00,         1.727141
08/19/2010 23:00:00,         5.268517
08/20/2010 00:00:00,         2.031299
08/20/2010 01:00:00,         2.356528
08/20/2010 02:00:00,       189.151710
08/20/2010 03:00:00,       266.241977
08/20/2010 04:00:00,       311.436690
08/20/2010 05:00:00,       128.960175
08/20/2010 06:00:00,        82.381191
08/20/2010 07:00:00,       112.549390
08/20/2010 08:00:00,       273.001578
08/20/2010 09:00:00,        57.517200
08/20/2010 10:00:00,        39.598432
08/20/2010 11:00:00,        37.490821
08/20/2010 12:00:00,       124.741063
08/20/2010 13:00:00,       192.947034
08/20/2010 14:00:00,       197.539938
08/20/2010 15:00:00,       195.641603
08/20/2010 16:00:00,       222.568886
08/20/2010 17:00:00,       195.835268
08/20/2010 18:00:00,       197.780004
08/20/2010 19:00:00,       240.797574
08/20/2010 20:00:00,       251.016242
08/20/2010 21:00:00,       206.385747
08/20/2010 22:00:00,       139.618704
08/20/2010 23:00:00,       119.567181
08/21/2010 00:00:00,       132.259891
08/21/2010 01:00:00,       112.564791
08/21/2010 02:00:00,        56.235572
08/21/2010 03:00:00,       126.868576
08/21/2010 04:00:00,       127.733142
08/21/2010 05:00:00,       101.512817
08/21/2010 06:00:00,        75.679468
08/21/2010 07:00:00,        51.289342
08/21/2010 08:00:00,        40.986246
08/21/2010 09:00:00,        47.667396
08/21/2010 10:00:00,        60.817663
08/21/2010 11:00:00,        47.673997
08/21/2010 12:00:00,        47.141540
08/21/2010 13:00:00,        35.640583
08/21/2010 14:00:00,        18.340409
08/21/2010 15:00:00,        38.479252
08/21/2010 16:00:00,        48.554086
08/21/2010 17:00:00,        35.600845
08/21/2010 18:00:00,        12.921910
08/21/2010 19:00:00,        14.325822
08/21/2010 20:00:00,         9.166419
08/21/2010 21:00:00,         8.261150
08/21/2010 22:00:00,         3.111689
08/21/2010 23:00:00,         0.651803
08/22/2010 00:00:00,         0.000000
08/22/2010 01:00:00,         0.000000
08/22/2010 02:00:00,         0.016169
08/22/2010 03:00:00,         0.935933
08/22/2010 04:00:00,        35.145925
08/22/2010 05:00:00,        29.882075
08/22/2010 06:00:00,        30.132835
08/22/2010 07:00:00,        23.621565
08/22/2010 08:00:00,        29.709624
08/22/2010 09:00:00,        11.396847
08/22/2010 10:00:00,        18.654008
08/22/2010 11:00:00,        79.746671
08/22/2010 12:00:00,        79.220781
08/22/2010 13:00:00,        72.554062
08/22/2010 14:00:00,        31.896818
08/22/2010 15:00:00,         3.150843
08/22/2010 16:00:00,         0.261191
08/22/2010 17:00:00,         4.844444
08/22/2010 18:00:00,        19.321548
08/22/2010 19:00:00,        54.844981
08/22/2010 20:00:00,       119.936545
08/22/2010 21:00:00,       130.130705
08/22/2010 22:00:00,       157.914726
08/22/2010 23:00:00,       121.958946
08/23/2010 00:00:00,       167.100917
08/23/2010 01:00:00,       158.214305
08/23/2010 02:00:00,       148.760206
08/23/2010 03:00:00,        80.691310
08/23/2010 04:00:00,        57.405989
08/23/2010 05:00:00,        80.309507
08/23/2010 06:00:00,       118.881145
08/23/2010 07:00:00,       162.269196
08/23/2010 08:00:00,       159.701837
08/23/2010 09:00:00,       109.772754
08/23/2010 10:00:00,       115.947887
08/23/2010 11:00:00,       113.812868
08/23/2010 12:00:00,       111.009079
08/23/2010 13:00:00,        62.474324
08/23/2010 14:00:00,         0.808728
08/23/2010 15:00:00,         0.000000
08/23/2010 16:00:00,         0.259502
08/23/2010 17:00:00,         0.832420
08/23/2010 18:00:00,         0.943254
08/23/2010 19:00:00,         2.743771
08/23/2010 20:00:00,         4.622073
08/23/2010 21:00:00,        19.001151
08/23/2010 22:00:00,        23.665563
08/23/2010 23:00:00,         4.959805
08/24/2010 00:00:00,         1.627566
08/24/2010 01:00:00,         1.087822
08/24/2010 02:00:00,         2.432921
08/24/2010 03:00:00,         6.905405
08/24/2010 04:00:00,         2.149984
08/24/2010 05:00:00,         0.232218
08/24/2010 06:00:00,         0.000000
08/24/2010 07:00:00,         0.000000
08/24/2010 08:00:00,         0.000000
08/24/2010 09:00:00,         0.022879
08/24/2010 10:00:00,         0.193631
08/24/2010 11:00:00,         0.802419
08/24/2010 12:00:00,         2.532107
08/24/2010 13:00:00,         5.187047
08/24/2010 14:00:00,         1.025539
08/24/2010 15:00:00,         0.051642
08/24/2010 16:00:00,         0.190658
08/24/2010 17:00:00,         0.684874
08/24/2010 18:00:00,         1.438411
08/24/2010 19:00:00,         8.712963
08/24/2010 20:00:00,         7.142606
08/24/2010 21:00:00,         1.468659
08/24/2010 22:00:00,         0.247506
08/24/2010 23:00:00,         0.091110
08/25/2010 00:00:00,         0.000000
08/25/2010 01:00:00,         0.000000
08/25/2010 02:00:00,         0.000000
08/25/2010 03:00:00,         0.200405
08/25/2010 04:00:00,        15.587535
08/25/2010 05:00:00,        58.410514
08/25/2010 06:00:00,       157.630347
08/25/2010 07:00:00,       173.907918
08/25/2010 08:00:00,       169.496552
08/25/2010 09:00:00,       118.344260
08/25/2010 10:00:00,       131.381203
08/25/2010 11:00:00,       106.877515
08/25/2010 12:00:00,       121.360309
08/25/2010 13:00:00,        88.504084
08/25/2010 14:00:00,        59.384490
08/25/2010 15:00:00,        24.662020
08/25/2010 16:00:00,         4.476051
08/25/2010 17:00:00,         0.028946
08/25/2010 18:00:00,         0.933971
08/25/2010 19:00:00,         5.378360
08/25/2010 20:00:00,        22.118174
08/25/2010 21:00:00,        31.542682
08/25/2010 22:00:00,        26.026555
08/25/2010 23:00:00,        11.516781
08/26/2010 00:00:00,         2.088190
08/26/2010 01:00:00,         2.512558
08/26/2010 02:00:00,        10.336210
08/26/2010 03:00:00,        22.435178
08/26/2010 04:00:00,         5.834578
08/26/2010 05:00:00,         0.392101
08/26/2010 06:00:00,         4.061812
08/26/2010 07:00:00,         7.251809
08/26/2010 08:00:00,       122.738912
08/26/2010 09:00:00,       108.685478
08/26/2010 10:00:00,        91.028815
08/26/2010 11:00:00,        66.286643
08/26/2010 12:00:00,        16.048117
08/26/2010 13:00:00,        14.625754
08/26/2010 14:00:00,         0.856225
08/26/2010 15:00:00,         0.210289
08/26/2010 16:00:00,         2.155739
08/26/2010 17:00:00,         2.260425
08/26/2010 18:00:00,         0.584274
08/26/2010 19:00:00,         1.396580
08/26/2010 20:00:00,         1.210828
08/26/2010 21:00:00,         0.565841
08/26/2010 22:00:00,         0.364020
08/26/2010 23:00:00,         0.076099
08/27/2010 00:00:00,         0.085783
08/27/2010 01:00:00,         0.673563
08/27/2010 02:00:00,         2.163977
08/27/2010 03:00:00,         4.329409
08/27/2010 04:00:00,        10.579819
08/27/2010 05:00:00,         9.894904
08/27/2010 06:00:00,         6.329572
08/27/2010 07:00:00,         1.084911
08/27/2010 08:00:00,        39.687364
08/27/2010 09:00:00,        27.321869
08/27/2010 10:00:00,        20.161959
08/27/2010 11:00:00,        35.700572
08/27/2010 12:00:00,       210.799314
08/27/2010 13:00:00,       130.167934
08/27/2010 14:00:00,       117.580815
08/27/2010 15:00:00,       122.218575
08/27/2010 16:00:00,       112.614095
08/27/2010 17:00:00,       128.195162
08/27/2010 18:00:00,       137.888344
08/27/2010 19:00:00,       166.378135
08/27/2010 20:00:00,       160.043310
08/27/2010 21:00:00,       171.503644
08/27/2010 22:00:00,       196.465440
08/27/2010 23:00:00,       224.262763
08/28/2010 00:00:00,       254.953967
08/28/2010 01:00:00,       242.833251
08/28/2010 02:00:00,       127.863293
08/28/2010 03:00:00,        82.305547
08/28/2010 04:00:00,       110.139018
08/28/2010 05:00:00,       124.953880
08/28/2010 06:00:00,       216.448975
08/28/2010 07:00:00,       134.108101
08/28/2010 08:00:00,       155.196289
08/28/2010 09:00:00,       143.650732
08/28/2010 10:00:00,       142.571513
08/28/2010 11:00:00,       129.044971
08/28/2010 12:00:00,       134.852983
08/28/2010 13:00:00,       129.289558
08/28/2010 14:00:00,       102.398391
08/28/2010 15:00:00,        85.210257
08/28/2010 16:00:00,        54.990954
08/28/2010 17:00:00,        51.550971
08/28/2010 18:00:00,        46.992520
08/28/2010 19:00:00,        40.428403
08/28/2010 20:00:00,        38.482714
08/28/2010 21:00:00,        23.772320
08/28/2010 22:00:00,        15.385614
08/28/2010 23:00:00,        13.775043
08/29/2010 00:00:00,         8.229582
08/29/2010 01:00:00,        10.024183
08/29/2010 02:00:00,        66.282962
08/29/2010 03:00:00,        71.391021
08/29/2010 04:00:00,       144.857036
08/29/2010 05:00:00,       207.438369
08/29/2010 06:00:00,       253.691673
08/29/2010 07:00:00,       233.827188
08/29/2010 08:00:00,       209.288641
08/29/2010 09:00:00,       160.672862
08/29/2010 10:00:00,       198.248724
08/29/2010 11:00:00,       175.944796
08/29/2010 12:00:00,       144.712738
08/29/2010 13:00:00,       132.701338
08/29/2010 14:00:00,        55.308317
08/29/2010 15:00:00,        80.462835
08/29/2010 16:00:00,       159.241163
08/29/2010 17:00:00,       213.338675
08/29/2010 18:00:00,       168.719586
08/29/2010 19:00:00,       219.384977
08/29/2010 20:00:00,        85.350063
08/29/2010 21:00:00,       178.356458
08/29/2010 22:00:00,        66.547158
08/29/2010 23:00:00,       126.020759
08/30/2010 00:00:00,        60.082859
08/30/2010 01:00:00,        74.579998
08/30/2010 02:00:00,        27.272475
08/30/2010 03:00:00,        66.865534
08/30/2010 04:00:00,         1.200048
08/30/2010 05:00:00,        20.605342
08/30/2010 06:00:00,        40.431122
08/30/2010 07:00:00,        15.977039
08/30/2010 08:00:00,         6.320593
08/30/2010 09:00:00,        21.642313
08/30/2010 10:00:00,         7.935040
08/30/2010 11:00:00,         0.697643
08/30/2010 12:00:00,         0.153833
08/30/2010 13:00:00,         2.075521
08/30/2010 14:00:00,         4.786638
08/30/2010 15:00:00,         3.564367
08/30/2010 16:00:00,         2.198218
08/30/2010 17:00:00,         8.610985
08/30/2010 18:00:00,         6.408313
08/30/2010 19:00:00,         2.630361
08/30/2010 20:00:00,         1.483473
08/30/2010 21:00:00,         5.767680
08/30/2010 22:00:00,        30.834223
08/30/2010 23:00:00,        20.792503
08/31/2010 00:00:00,         0.662078
08/31/2010 01:00:00,         1.793842
08/31/2010 02:00:00,         1.451004
08/31/2010 03:00:00,        91.690743
08/31/2010 04:00:00,        64.735496
08/31/2010 05:00:00,        73.757800
08/31/2010 06:00:00,        33.447456
08/31/2010 07:00:00,        59.213231
08/31/2010 08:00:00,        76.649369
08/31/2010 09:00:00,       145.823690
08/31/2010 10:00:00,       200.058753
08/31/2010 11:00:00,       168.117787
08/31/2010 12:00:00,       143.668469
08/31/2010 13:00:00,       212.569182
08/31/2010 14:00:00,       208.756428
08/31/2010 15:00:00,       119.334986
08/31/2010 16:00:00,        75.777038
08/31/2010 17:00:00,        67.482956
08/31/2010 18:00:00,        60.709840
08/31/2010 19:00:00,        45.552958
08/31/2010 20:00:00,         0.062093
08/31/2010 21:00:00,         0.283239
08/31/2010 22:00:00,         0.210034
08/31/2010 23:00:00,         1.101532
09/01/2010 00:00:00,         0.569708
09/01/2010 01:00:00,         0.428843
09/01/2010 02:00:00,         0.000000
09/01/2010 03:00:00,         0.077473
09/01/2010 04:00:00,         7.515303
09/01/2010 05:00:00,        10.473672
09/01/2010 06:00:00,        64.215652
09/01/2010 07:00:00,        24.925791
09/01/2010 08:00:00,       250.915184
09/01/2010 09:00:00,       130.087196
09/01/2010 10:00:00,       269.413335
09/01/2010 11:00:00,       214.612763
09/01/2010 12:00:00,       233.363558
09/01/2010 13:00:00,       295.920409
09/01/2010 14:00:00,       263.079560
09/01/2010 15:00:00,       211.198688
09/01/2010 16:00:00,       138.343848
09/01/2010 17:00:00,       175.195207
09/01/2010 18:00:00,       173.699073
09/01/2010 19:00:00,       119.108026
09/01/2010 20:00:00,       122.203031
09/01/2010 21:00:00,       209.780787
09/01/2010 22:00:00,       234.387381
09/01/2010 23:00:00,       148.290779
09/02/2010 00:00:00,       287.059856
09/02/2010 01:00:00,       265.832024
09/02/2010 02:00:00,       299.178589
09/02/2010 03:00:00,       310.725259
09/02/2010 04:00:00,       159.725929
09/02/2010 05:00:00,       108.423924
09/02/2010 06:00:00,       255.951470
09/02/2010 07:00:00,       308.652928
09/02/2010 08:00:00,       306.277633
09/02/2010 09:00:00,       314.176874
09/02/2010 10:00:00,       317.938515
09/02/2010 11:00:00,       300.786967
09/02/2010 12:00:00,       292.639834
09/02/2010 13:00:00,       185.768896
09/02/2010 14:00:00,       158.814348
09/02/2010 15:00:00,        76.238869
09/02/2010 16:00:00,        87.578511
09/02/2010 17:00:00,       110.613436
09/02/2010 18:00:00,       116.148826
09/02/2010 19:00:00,       147.402739
09/02/2010 20:00:00,       132.333911
09/02/2010 21:00:00,       165.781863
09/02/2010 22:00:00,       260.218406
09/02/2010 23:00:00,       244.099335
09/03/2010 00:00:00,       242.182389
09/03/2010 01:00:00,       257.202760
09/03/2010 02:00:00,       163.037468
09/03/2010 03:00:00,        34.635134
09/03/2010 04:00:00,         2.231513
09/03/2010 05:00:00,         0.306416
09/03/2010 06:00:00,         0.276827
09/03/2010 07:00:00,         0.127824
09/03/2010 08:00:00,         0.000000
09/03/2010 09:00:00,         0.000000
09/03/2010 10:00:00,         6.155214
09/03/2010 11:00:00,        49.086236
09/03/2010 12:00:00,        17.906079
09/03/2010 13:00:00,       107.867619
09/03/2010 14:00:00,        88.301348
09/03/2010 15:00:00,        27.740135
09/03/2010 16:00:00,        17.374565
09/03/2010 17:00:00,         6.292830
09/03/2010 18:00:00,         2.865929
09/03/2010 19:00:00,         5.085903
09/03/2010 20:00:00,         7.467618
09/03/2010 21:00:00,        19.731537
09/03/2010 22:00:00,        24.155960
09/03/2010 23:00:00,        31.733791
09/04/2010 00:00:00,        57.157933
09/04/2010 01:00:00,       116.757841
09/04/2010 02:00:00,       259.862841
09/04/2010 03:00:00,       292.526814
09/04/2010 04:00:00,       300.809967
09/04/2010 05:00:00,       299.208467
09/04/2010 06:00:00,       281.562137
09/04/2010 07:00:00,       191.845477
09/04/2010 08:00:00,       205.760661
09/04/2010 09:00:00,       161.003616
09/04/2010 10:00:00,       106.441433
09/04/2010 11:00:00,        43.626718
09/04/2010 12:00:00,         1.008768
09/04/2010 13:00:00,        10.319228
09/04/2010 14:00:00,       116.161825
09/04/2010 15:00:00,        81.411535
09/04/2010 16:00:00,        59.347286
09/04/2010 17:00:00,        20.748028
09/04/2010 18:00:00,        11.059595
09/04/2010 19:00:00,         8.693889
09/04/2010 20:00:00,        45.585900
09/04/2010 21:00:00,         6.513197
09/04/2010 22:00:00,         3.257068
09/04/2010 23:00:00,       121.963119
09/05/2010 00:00:00,       129.159231
09/05/2010 01:00:00,       309.934902
09/05/2010 02:00:00,       315.981198
09/05/2010 03:00:00,       318.591348
09/05/2010 04:00:00,       317.726936
09/05/2010 05:00:00,       319.992044
09/05/2010 06:00:00,       317.173797
09/05/2010 07:00:00,       317.422942
09/05/2010 08:00:00,       309.700469
09/05/2010 09:00:00,       313.597545
09/05/2010 10:00:00,       316.599635
09/05/2010 11:00:00,       316.706792
09/05/2010 12:00:00,       315.538435
09/05/2010 13:00:00,       308.838670
09/05/2010 14:00:00,       290.598569
09/05/2010 15:00:00,       307.880713
09/05/2010 16:00:00,       318.486097
09/05/2010 17:00:00,       319.719651
09/05/2010 18:00:00,       319.251353
09/05/2010 19:00:00,       319.086437
09/05/2010 20:00:00,       318.874503
09/05/2010 21:00:00,       318.805555
09/05/2010 22:00:00,       319.645511
09/05/2010 23:00:00,       319.970141
09/06/2010 00:00:00,       317.651715
09/06/2010 01:00:00,       314.213613
09/06/2010 02:00:00,       298.228786
09/06/2010 03:00:00,       283.596412
09/06/2010 04:00:00,       291.599940
09/06/2010 05:00:00,       277.617603
09/06/2010 06:00:00,       255.926275
09/06/2010 07:00:00,       285.282953
09/06/2010 08:00:00,       292.779487
09/06/2010 09:00:00,       297.368473
09/06/2010 10:00:00,       299.569182
09/06/2010 11:00:00,       309.839723
09/06/2010 12:00:00,       294.500638
09/06/2010 13:00:00,       301.795135
09/06/2010 14:00:00,       298.311006
09/06/2010 15:00:00,       294.764910
09/06/2010 16:00:00,       296.017015
09/06/2010 17:00:00,       296.979950
09/06/2010 18:00:00,       268.506367
09/06/2010 19:00:00,       246.662049
09/06/2010 20:00:00,       216.750246
09/06/2010 21:00:00,       178.000206
09/06/2010 22:00:00,        71.737010
09/06/2010 23:00:00,        47.535599
09/07/2010 00:00:00,       106.820342
09/07/2010 01:00:00,        46.394536
09/07/2010 02:00:00,        20.893288
09/07/2010 03:00:00,       164.183115
09/07/2010 04:00:00,        56.031036
09/07/2010 05:00:00,        92.121382
09/07/2010 06:00:00,        46.886098
09/07/2010 07:00:00,        24.241979
09/07/2010 08:00:00,         0.226910
09/07/2010 09:00:00,         0.067191
09/07/2010 10:00:00,         0.377919
09/07/2010 11:00:00,         0.618916
09/07/2010 12:00:00,         1.039624
09/07/2010 13:00:00,         0.000000
09/07/2010 14:00:00,         0.000000
09/07/2010 15:00:00,         0.000000
09/07/2010 16:00:00,         0.000000
09/07/2010 17:00:00,         0.938838
09/07/2010 18:00:00,         2.896403
09/07/2010 19:00:00,         3.899283
09/07/2010 20:00:00,         2.035126
09/07/2010 21:00:00,         1.140924
09/07/2010 22:00:00,         0.114591
09/07/2010 23:00:00,         0.000000
09/08/2010 00:00:00,         0.000000
09/08/2010 01:00:00,         0.536874
09/08/2010 02:00:00,         6.377183
09/08/2010 03:00:00,        36.492946
09/08/2010 04:00:00,        60.905289
09/08/2010 05:00:00,       136.636054
09/08/2010 06:00:00,       188.677287
09/08/2010 07:00:00,       188.848647
09/08/2010 08:00:00,       271.201455
09/08/2010 09:00:00,       255.538275
09/08/2010 10:00:00,       194.156036
09/08/2010 11:00:00,       165.307637
09/08/2010 12:00:00,       152.909926
09/08/2010 13:00:00,       128.991576
09/08/2010 14:00:00,       222.384124
09/08/2010 15:00:00,       184.378412
09/08/2010 16:00:00,       207.730618
09/08/2010 17:00:00,       238.667014
09/08/2010 18:00:00,       156.498905
09/08/2010 19:00:00,       252.934480
09/08/2010 20:00:00,       283.305180
09/08/2010 21:00:00,       299.745872
09/08/2010 22:00:00,       267.377390
09/08/2010 23:00:00,       236.785121
09/09/2010 00:00:00,       217.876654
09/09/2010 01:00:00,       178.775018
09/09/2010 02:00:00,       193.440813
09/09/2010 03:00:00,       172.995798
09/09/2010 04:00:00,       178.350947
09/09/2010 05:00:00,       199.983472
09/09/2010 06:00:00,       225.703938
09/09/2010 07:00:00,       224.459643
09/09/2010 08:00:00,       224.379764
09/09/2010 09:00:00,       272.525224
09/09/2010 10:00:00,       291.891548
09/09/2010 11:00:00,       309.802124
09/09/2010 12:00:00,       307.858417
09/09/2010 13:00:00,       298.309774
09/09/2010 14:00:00,       281.795226
09/09/2010 15:00:00,       309.278269
09/09/2010 16:00:00,       319.506421
09/09/2010 17:00:00,       319.864668
09/09/2010 18:00:00,       319.960381
09/09/2010 19:00:00,       319.998429
09/09/2010 20:00:00,       320.000000
09/09/2010 21:00:00,       320.000000
09/09/2010 22:00:00,       319.997528
09/09/2010 23:00:00,       319.998167
09/10/2010 00:00:00,       319.957364
09/10/2010 01:00:00,       319.647813
09/10/2010 02:00:00,       319.032226
09/10/2010 03:00:00,       315.116467
09/10/2010 04:00:00,       316.398546
09/10/2010 05:00:00,       318.505003
09/10/2010 06:00:00,       316.603944
09/10/2010 07:00:00,       309.690211
09/10/2010 08:00:00,       306.506159
09/10/2010 09:00:00,       299.279593
09/10/2010 10:00:00,       287.145896
09/10/2010 11:00:00,       268.224433
09/10/2010 12:00:00,       267.435656
09/10/2010 13:00:00,       255.560334
09/10/2010 14:00:00,       243.334200
09/10/2010 15:00:00,       228.408668
09/10/2010 16:00:00,       203.840181
09/10/2010 17:00:00,       181.978040
09/10/2010 18:00:00,       148.764760
09/10/2010 19:00:00,       118.813569
09/10/2010 20:00:00,        96.764008
09/10/2010 21:00:00,        81.078714
09/10/2010 22:00:00,        65.061427
09/10/2010 23:00:00,        67.696576
09/11/2010 00:00:00,        75.269341
09/11/2010 01:00:00,        69.127010
09/11/2010 02:00:00,       127.583964
09/11/2010 03:00:00,       226.048578
09/11/2010 04:00:00,       160.152040
09/11/2010 05:00:00,       108.017648
09/11/2010 06:00:00,        48.909969
09/11/2010 07:00:00,       135.644009
09/11/2010 08:00:00,       234.526933
09/11/2010 09:00:00,       186.724113
09/11/2010 10:00:00,       214.684174
09/11/2010 11:00:00,       268.733939
09/11/2010 12:00:00,       263.659022
09/11/2010 13:00:00,       275.583082
09/11/2010 14:00:00,       226.087179
09/11/2010 15:00:00,       217.432993
09/11/2010 16:00:00,       186.173084
09/11/2010 17:00:00,       131.919645
09/11/2010 18:00:00,        90.325023
09/11/2010 19:00:00,        60.875567
09/11/2010 20:00:00,        32.335571
09/11/2010 21:00:00,        27.463366
09/11/2010 22:00:00,        42.444434
09/11/2010 23:00:00,        57.192620
09/12/2010 00:00:00,        61.152811
09/12/2010 01:00:00,        71.882674
09/12/2010 02:00:00,       133.490144
09/12/2010 03:00:00,       193.045314
09/12/2010 04:00:00,       172.326281
09/12/2010 05:00:00,       182.954758
09/12/2010 06:00:00,       135.550958
09/12/2010 07:00:00,       175.718213
09/12/2010 08:00:00,       220.771916
09/12/2010 09:00:00,       194.386420
09/12/2010 10:00:00,       198.495324
09/12/2010 11:00:00,       219.475353
09/12/2010 12:00:00,       255.390692
09/12/2010 13:00:00,       300.161978
09/12/2010 14:00:00,       306.550010
09/12/2010 15:00:00,       219.941136
09/12/2010 16:00:00,       110.986119
09/12/2010 17:00:00,        55.162955
09/12/2010 18:00:00,        15.814080
09/12/2010 19:00:00,        22.773989
09/12/2010 20:00:00,        37.049983
09/12/2010 21:00:00,        37.267917
09/12/2010 22:00:00,        37.811931
09/12/2010 23:00:00,        56.159983
09/13/2010 00:00:00,       129.524942
09/13/2010 01:00:00,       200.688093
09/13/2010 02:00:00,       261.935757
09/13/2010 03:00:00,       299.649032
09/13/2010 04:00:00,       309.288597
09/13/2010 05:00:00,       313.810543
09/13/2010 06:00:00,       315.990782
09/13/2010 07:00:00,       318.181358
09/13/2010 08:00:00,       319.509349
09/13/2010 09:00:00,       319.441094
09/13/2010 10:00:00,       319.176618
09/13/2010 11:00:00,       319.177951
09/13/2010 12:00:00,       318.709798
09/13/2010 13:00:00,       318.164098
09/13/2010 14:00:00,       313.620281
09/13/2010 15:00:00,       297.340435
09/13/2010 16:00:00,       238.467445
09/13/2010 17:00:00,       155.877230
09/13/2010 18:00:00,       143.262457
09/13/2010 19:00:00,       115.922251
09/13/2010 20:00:00,        99.384048
09/13/2010 21:00:00,       100.543530
09/13/2010 22:00:00,       140.626454
09/13/2010 23:00:00,       176.357218
09/14/2010 00:00:00,       158.119517
09/14/2010 01:00:00,       173.441442
09/14/2010 02:00:00,       226.054701
09/14/2010 03:00:00,       251.605638
09/14/2010 04:00:00,       265.774155
09/14/2010 05:00:00,       271.666159
09/14/2010 06:00:00,       273.005757
09/14/2010 07:00:00,       278.858760
09/14/2010 08:00:00,       301.545514
09/14/2010 09:00:00,       298.791270
09/14/2010 10:00:00,       303.130185
09/14/2010 11:00:00,       303.172908
09/14/2010 12:00:00,       301.787157
09/14/2010 13:00:00,       298.357586
09/14/2010 14:00:00,       286.431934
09/14/2010 15:00:00,       229.541722
09/14/2010 16:00:00,       185.699463
09/14/2010 17:00:00,       134.497746
09/14/2010 18:00:00,       105.538126
09/14/2010 19:00:00,       109.374106
09/14/2010 20:00:00,       108.535122
09/14/2010 21:00:00,        92.758345
09/14/2010 22:00:00,       135.835516
09/14/2010 23:00:00,       205.767729
09/15/2010 00:00:00,       171.542525
09/15/2010 01:00:00,       187.716442
09/15/2010 02:00:00,       284.263912
09/15/2010 03:00:00,       311.245116
09/15/2010 04:00:00,       299.961841
09/15/2010 05:00:00,       232.439604
09/15/2010 06:00:00,       102.286590
09/15/2010 07:00:00,        38.690463
09/15/2010 08:00:00,        20.062060
09/15/2010 09:00:00,        23.549557
09/15/2010 10:00:00,        38.663583
09/15/2010 11:00:00,        62.391162
09/15/2010 12:00:00,       118.320515
09/15/2010 13:00:00,        82.368321
09/15/2010 14:00:00,       111.052633
09/15/2010 15:00:00,       138.032086
09/15/2010 16:00:00,       145.919870
09/15/2010 17:00:00,       149.784260
09/15/2010 18:00:00,       144.429396
09/15/2010 19:00:00,       158.189273
09/15/2010 20:00:00,       182.836995
09/15/2010 21:00:00,       234.118884
09/15/2010 22:00:00,       231.170555
09/15/2010 23:00:00,       303.544425
09/16/2010 00:00:00,       314.341681
09/16/2010 01:00:00,       311.307557
09/16/2010 02:00:00,       318.507006
09/16/2010 03:00:00,       317.246163
09/16/2010 04:00:00,       314.697663
09/16/2010 05:00:00,       253.516182
09/16/2010 06:00:00,       235.272252
09/16/2010 07:00:00,       225.060349
09/16/2010 08:00:00,       149.665813
09/16/2010 09:00:00,       149.977597
09/16/2010 10:00:00,       159.824231
09/16/2010 11:00:00,       165.610178
09/16/2010 12:00:00,       123.349548
09/16/2010 13:00:00,       144.496681
09/16/2010 14:00:00,       111.286646
09/16/2010 15:00:00,       113.831070
09/16/2010 16:00:00,       128.963358
09/16/2010 17:00:00,       108.577247
09/16/2010 18:00:00,       106.266959
09/16/2010 19:00:00,       115.250452
09/16/2010 20:00:00,       118.940017
09/16/2010 21:00:00,       145.374032
09/16/2010 22:00:00,       172.560792
09/16/2010 23:00:00,       187.493999
09/17/2010 00:00:00,       171.663007
09/17/2010 01:00:00,       174.190561
09/17/2010 02:00:00,       163.910574
09/17/2010 03:00:00,        89.670737
09/17/2010 04:00:00,       102.827550
09/17/2010 05:00:00,       134.242066
09/17/2010 06:00:00,       107.906815
09/17/2010 07:00:00,        83.655756
09/17/2010 08:00:00,        74.400899
09/17/2010 09:00:00,        77.197034
09/17/2010 10:00:00,        82.824722
09/17/2010 11:00:00,        74.537467
09/17/2010 12:00:00,        61.745251
09/17/2010 13:00:00,        61.161093
09/17/2010 14:00:00,        44.916239
09/17/2010 15:00:00,        18.285725
09/17/2010 16:00:00,        13.344670
09/17/2010 17:00:00,        14.927917
09/17/2010 18:00:00,        13.910615
09/17/2010 19:00:00,        22.290348
09/17/2010 20:00:00,        29.185691
09/17/2010 21:00:00,        49.005276
09/17/2010 22:00:00,        63.704440
09/17/2010 23:00:00,        79.334562
09/18/2010 00:00:00,       136.498038
09/18/2010 01:00:00,       179.181387
09/18/2010 02:00:00,       179.339710
09/18/2010 03:00:00,       126.228615
09/18/2010 04:00:00,        51.804453
09/18/2010 05:00:00,        60.683369
09/18/2010 06:00:00,        52.065811
09/18/2010 07:00:00,        54.233013
09/18/2010 08:00:00,        68.399119
09/18/2010 09:00:00,       107.418342
09/18/2010 10:00:00,       140.318011
09/18/2010 11:00:00,       142.324739
09/18/2010 12:00:00,       133.903400
09/18/2010 13:00:00,        96.627748
09/18/2010 14:00:00,        73.445065
09/18/2010 15:00:00,        26.061461
09/18/2010 16:00:00,         3.944638
09/18/2010 17:00:00,         0.879198
09/18/2010 18:00:00,         0.289075
09/18/2010 19:00:00,         0.618388
09/18/2010 20:00:00,         1.255262
09/18/2010 21:00:00,         0.566342
09/18/2010 22:00:00,         0.201578
09/18/2010 23:00:00,         6.529181
09/19/2010 00:00:00,        84.765493
09/19/2010 01:00:00,       229.705827
09/19/2010 02:00:00,       286.392679
09/19/2010 03:00:00,       300.540210
09/19/2010 04:00:00,       293.291375
09/19/2010 05:00:00,       227.426179
09/19/2010 06:00:00,       199.205200
09/19/2010 07:00:00,       268.808290
09/19/2010 08:00:00,       151.426158
09/19/2010 09:00:00,       119.287752
09/19/2010 10:00:00,       119.238248
09/19/2010 11:00:00,        50.798996
09/19/2010 12:00:00,        48.899303
09/19/2010 13:00:00,       109.015794
09/19/2010 14:00:00,       145.392367
09/19/2010 15:00:00,        79.039241
09/19/2010 16:00:00,        63.764006
09/19/2010 17:00:00,        47.570505
09/19/2010 18:00:00,        35.875186
09/19/2010 19:00:00,        29.194154
09/19/2010 20:00:00,        27.751058
09/19/2010 21:00:00,        24.328966
09/19/2010 22:00:00,        32.977765
09/19/2010 23:00:00,        37.794541
09/20/2010 00:00:00,        39.312430
09/20/2010 01:00:00,        47.317632
09/20/2010 02:00:00,        56.206679
09/20/2010 03:00:00,       119.672965
09/20/2010 04:00:00,       139.428887
09/20/2010 05:00:00,        79.128161
09/20/2010 06:00:00,        83.971781
09/20/2010 07:00:00,        26.632710
09/20/2010 08:00:00,        39.312924
09/20/2010 09:00:00,       118.848499
09/20/2010 10:00:00,        97.228693
09/20/2010 11:00:00,       140.589082
09/20/2010 12:00:00,       120.206681
09/20/2010 13:00:00,       113.511122
09/20/2010 14:00:00,       105.867774
09/20/2010 15:00:00,        79.060586
09/20/2010 16:00:00,        68.290068
09/20/2010 17:00:00,        83.412963
09/20/2010 18:00:00,        72.819766
09/20/2010 19:00:00,        83.942637
09/20/2010 20:00:00,       124.781665
09/20/2010 21:00:00,       187.872669
09/20/2010 22:00:00,       207.802349
09/20/2010 23:00:00,       249.439713
09/21/2010 00:00:00,       232.077380
09/21/2010 01:00:00,       219.933214
09/21/2010 02:00:00,       289.711880
09/21/2010 03:00:00,       192.826373
09/21/2010 04:00:00,       170.384637
09/21/2010 05:00:00,       187.774059
09/21/2010 06:00:00,       194.646124
09/21/2010 07:00:00,       183.398420
09/21/2010 08:00:00,       203.066916
09/21/2010 09:00:00,       231.119226
09/21/2010 10:00:00,       278.974051
09/21/2010 11:00:00,       284.762519
09/21/2010 12:00:00,       236.079811
09/21/2010 13:00:00,       248.869081
09/21/2010 14:00:00,       305.070966
09/21/2010 15:00:00,       313.025317
09/21/2010 16:00:00,       277.297570
09/21/2010 17:00:00,       256.086123
09/21/2010 18:00:00,       266.038445
09/21/2010 19:00:00,       236.585779
09/21/2010 20:00:00,       222.191087
09/21/2010 21:00:00,       211.484948
09/21/2010 22:00:00,       151.798798
09/21/2010 23:00:00,       108.513650
09/22/2010 00:00:00,       198.890282
09/22/2010 01:00:00,       190.105880
09/22/2010 02:00:00,       183.791678
09/22/2010 03:00:00,        90.106679
09/22/2010 04:00:00,        30.425138
09/22/2010 05:00:00,        43.650822
09/22/2010 06:00:00,        66.180926
09/22/2010 07:00:00,        67.178743
09/22/2010 08:00:00,       124.554323
09/22/2010 09:00:00,       145.487230
09/22/2010 10:00:00,        86.304343
09/22/2010 11:00:00,       100.010137
09/22/2010 12:00:00,       222.728152
09/22/2010 13:00:00,       280.382453
09/22/2010 14:00:00,       314.588037
09/22/2010 15:00:00,       314.280612
09/22/2010 16:00:00,       317.229373
09/22/2010 17:00:00,       320.000000
09/22/2010 18:00:00,       317.443378
09/22/2010 19:00:00,       319.992420
09/22/2010 20:00:00,       319.099344
09/22/2010 21:00:00,       315.670857
09/22/2010 22:00:00,       319.986702
09/22/2010 23:00:00,       319.981030
09/23/2010 00:00:00,       319.935384
09/23/2010 01:00:00,       315.190404
09/23/2010 02:00:00,       319.919037
09/23/2010 03:00:00,       308.112465
09/23/2010 04:00:00,       319.650744
09/23/2010 05:00:00,       317.967032
09/23/2010 06:00:00,       319.801870
09/23/2010 07:00:00,       319.193597
09/23/2010 08:00:00,       319.968102
09/23/2010 09:00:00,       319.876644
09/23/2010 10:00:00,       319.116161
09/23/2010 11:00:00,       317.944033
09/23/2010 12:00:00,       316.387320
09/23/2010 13:00:00,       311.604012
09/23/2010 14:00:00,       313.740072
09/23/2010 15:00:00,       313.734243
09/23/2010 16:00:00,       303.165624
09/23/2010 17:00:00,       311.362673
09/23/2010 18:00:00,       295.350433
09/23/2010 19:00:00,       315.084775
09/23/2010 20:00:00,       291.389060
09/23/2010 21:00:00,       300.090245
09/23/2010 22:00:00,       291.729970
09/23/2010 23:00:00,       293.056112
09/24/2010 00:00:00,       252.161818
09/24/2010 01:00:00,       179.581049
09/24/2010 02:00:00,       116.335331
09/24/2010 03:00:00,       111.338985
09/24/2010 04:00:00,        33.080095
09/24/2010 05:00:00,        10.530434
09/24/2010 06:00:00,         7.040402
09/24/2010 07:00:00,         5.029043
09/24/2010 08:00:00,         2.982265
09/24/2010 09:00:00,         1.458684
09/24/2010 10:00:00,         0.461358
09/24/2010 11:00:00,         0.020890
09/24/2010 12:00:00,         0.000000
09/24/2010 13:00:00,         0.248645
09/24/2010 14:00:00,         9.109446
09/24/2010 15:00:00,        25.244974
09/24/2010 16:00:00,        20.705538
09/24/2010 17:00:00,         8.702621
09/24/2010 18:00:00,         1.629904
09/24/2010 19:00:00,         0.022722
09/24/2010 20:00:00,         0.185384
09/24/2010 21:00:00,         1.657171
09/24/2010 22:00:00,        10.339239
09/24/2010 23:00:00,        25.093136
09/25/2010 00:00:00,        30.870844
09/25/2010 01:00:00,        62.589498
09/25/2010 02:00:00,        92.283575
09/25/2010 03:00:00,        70.929207
09/25/2010 04:00:00,        89.091753
09/25/2010 05:00:00,        77.110890
09/25/2010 06:00:00,        95.599245
09/25/2010 07:00:00,       102.125918
09/25/2010 08:00:00,       132.031698
09/25/2010 09:00:00,       137.076911
09/25/2010 10:00:00,       147.296832
09/25/2010 11:00:00,       156.801473
09/25/2010 12:00:00,        90.818270
09/25/2010 13:00:00,       124.673110
09/25/2010 14:00:00,        58.496475
09/25/2010 15:00:00,       120.657568
09/25/2010 16:00:00,        83.643016
09/25/2010 17:00:00,       145.192764
09/25/2010 18:00:00,       218.423173
09/25/2010 19:00:00,       261.721409
09/25/2010 20:00:00,       276.639476
09/25/2010 21:00:00,       256.805140
09/25/2010 22:00:00,       279.962821
09/25/2010 23:00:00,       296.700655
09/26/2010 00:00:00,       313.258923
09/26/2010 01:00:00,       309.050227
09/26/2010 02:00:00,       298.528651
09/26/2010 03:00:00,       257.059979
09/26/2010 04:00:00,       252.471472
09/26/2010 05:00:00,       221.256661
09/26/2010 06:00:00,       199.705679
09/26/2010 07:00:00,       159.857407
09/26/2010 08:00:00,       100.106565
09/26/2010 09:00:00,        72.284966
09/26/2010 10:00:00,        92.588450
09/26/2010 11:00:00,        98.184676
09/26/2010 12:00:00,        71.772154
09/26/2010 13:00:00,        88.359212
09/26/2010 14:00:00,        58.071911
09/26/2010 15:00:00,        50.373801
09/26/2010 16:00:00,        69.753567
09/26/2010 17:00:00,        90.838384
09/26/2010 18:00:00,        78.158542
09/26/2010 19:00:00,        56.637164
09/26/2010 20:00:00,        44.470898
09/26/2010 21:00:00,        28.411175
09/26/2010 22:00:00,        15.483911
09/26/2010 23:00:00,         5.250597
09/27/2010 00:00:00,         2.707684
09/27/2010 01:00:00,         0.799516
09/27/2010 02:00:00,         0.610222
09/27/2010 03:00:00,       109.300531
09/27/2010 04:00:00,       218.665721
09/27/2010 05:00:00,       249.890219
09/27/2010 06:00:00,       297.558963
09/27/2010 07:00:00,       318.596955
09/27/2010 08:00:00,       318.530102
09/27/2010 09:00:00,       318.612140
09/27/2010 10:00:00,       317.630154
09/27/2010 11:00:00,       305.006792
09/27/2010 12:00:00,       278.903515
09/27/2010 13:00:00,       270.410416
09/27/2010 14:00:00,       218.515908
09/27/2010 15:00:00,       192.409998
09/27/2010 16:00:00,       141.162150
09/27/2010 17:00:00,        85.001823
09/27/2010 18:00:00,        46.220070
09/27/2010 19:00:00,        28.673020
09/27/2010 20:00:00,        14.347519
09/27/2010 21:00:00,         9.138720
09/27/2010 22:00:00,         1.495048
09/27/2010 23:00:00,         4.425459
09/28/2010 00:00:00,        29.388475
09/28/2010 01:00:00,       168.456422
09/28/2010 02:00:00,       262.753191
09/28/2010 03:00:00,       234.266176
09/28/2010 04:00:00,       245.479129
09/28/2010 05:00:00,       266.573379
09/28/2010 06:00:00,       257.082655
09/28/2010 07:00:00,       217.753522
09/28/2010 08:00:00,       132.243946
09/28/2010 09:00:00,       114.987716
09/28/2010 10:00:00,        82.649373
09/28/2010 11:00:00,        76.127035
09/28/2010 12:00:00,        66.917068
09/28/2010 13:00:00,        71.246895
09/28/2010 14:00:00,        44.288896
09/28/2010 15:00:00,        28.049116
09/28/2010 16:00:00,        27.370445
09/28/2010 17:00:00,        14.549288
09/28/2010 18:00:00,         1.635033
09/28/2010 19:00:00,         0.789258
09/28/2010 20:00:00,         0.416584
09/28/2010 21:00:00,         0.904038
09/28/2010 22:00:00,        13.465958
09/28/2010 23:00:00,        52.709395
09/29/2010 00:00:00,        27.485142
09/29/2010 01:00:00,        30.164962
09/29/2010 02:00:00,        19.736319
09/29/2010 03:00:00,        42.683834
09/29/2010 04:00:00,        33.228317
09/29/2010 05:00:00,        16.334918
09/29/2010 06:00:00,         3.249482
09/29/2010 07:00:00,         4.085039
09/29/2010 08:00:00,        89.566859
09/29/2010 09:00:00,       151.084407
09/29/2010 10:00:00,       127.065351
09/29/2010 11:00:00,        79.927976
09/29/2010 12:00:00,        45.280360
09/29/2010 13:00:00,        10.010255
09/29/2010 14:00:00,         0.000000
09/29/2010 15:00:00,         0.071573
09/29/2010 16:00:00,        21.965347
09/29/2010 17:00:00,       122.594676
09/29/2010 18:00:00,        71.805773
09/29/2010 19:00:00,        46.577452
09/29/2010 20:00:00,        20.377199
09/29/2010 21:00:00,         2.328686
09/29/2010 22:00:00,        12.006580
09/29/2010 23:00:00,        38.706993
09/30/2010 00:00:00,        55.896250
09/30/2010 01:00:00,       152.891432
09/30/2010 02:00:00,       176.456068
09/30/2010 03:00:00,       168.253771
09/30/2010 04:00:00,       175.973737
09/30/2010 05:00:00,       190.083174
09/30/2010 06:00:00,       164.597420
09/30/2010 07:00:00,       132.850539
09/30/2010 08:00:00,       121.029189
09/30/2010 09:00:00,       108.569273
09/30/2010 10:00:00,       157.345089
09/30/2010 11:00:00,       160.318598
09/30/2010 12:00:00,       177.348415
09/30/2010 13:00:00,       204.207186
09/30/2010 14:00:00,       202.762555
09/30/2010 15:00:00,       124.725544
09/30/2010 16:00:00,        83.427677
09/30/2010 17:00:00,        43.553092
09/30/2010 18:00:00,        29.149924
09/30/2010 19:00:00,         3.730893
09/30/2010 20:00:00,         3.124437
09/30/2010 21:00:00,         8.947825
09/30/2010 22:00:00,        30.595704
09/30/2010 23:00:00,        32.429640
10/01/2010 00:00:00,        39.919015
10/01/2010 01:00:00,       133.162160
10/01/2010 02:00:00,       168.999948
10/01/2010 03:00:00,       194.532690
10/01/2010 04:00:00,       288.442890
10/01/2010 05:00:00,       300.053905
10/01/2010 06:00:00,       277.292592
10/01/2010 07:00:00,       307.751164
10/01/2010 08:00:00,       319.394695
10/01/2010 09:00:00,       121.377243
10/01/2010 10:00:00,       204.341249
10/01/2010 11:00:00,       119.991732
10/01/2010 12:00:00,       103.947329
10/01/2010 13:00:00,       115.580761
10/01/2010 14:00:00,       203.587686
10/01/2010 15:00:00,       264.102892
10/01/2010 16:00:00,       183.903494
10/01/2010 17:00:00,       153.892529
10/01/2010 18:00:00,       125.214209
10/01/2010 19:00:00,        68.359901
10/01/2010 20:00:00,        27.881755
10/01/2010 21:00:00,         6.931074
10/01/2010 22:00:00,        13.056902
10/01/2010 23:00:00,        21.847045
10/02/2010 00:00:00,        12.338319
10/02/2010 01:00:00,        13.816112
10/02/2010 02:00:00,        14.498089
10/02/2010 03:00:00,        10.062245
10/02/2010 04:00:00,        24.596626
10/02/2010 05:00:00,        12.780288
10/02/2010 06:00:00,        13.809876
10/02/2010 07:00:00,        12.298568
10/02/2010 08:00:00,        20.930963
10/02/2010 09:00:00,        26.801948
10/02/2010 10:00:00,        67.602972
10/02/2010 11:00:00,       113.211662
10/02/2010 12:00:00,       165.369080
10/02/2010 13:00:00,       198.813260
10/02/2010 14:00:00,       254.727139
10/02/2010 15:00:00,       254.947747
10/02/2010 16:00:00,       255.114839
10/02/2010 17:00:00,       265.849185
10/02/2010 18:00:00,       279.216786
10/02/2010 19:00:00,       305.647665
10/02/2010 20:00:00,       298.370174
10/02/2010 21:00:00,       291.197532
10/02/2010 22:00:00,       304.364275
10/02/2010 23:00:00,       314.705528
10/03/2010 00:00:00,       316.096030
10/03/2010 01:00:00,       314.881285
10/03/2010 02:00:00,       317.903463
10/03/2010 03:00:00,       317.166278
10/03/2010 04:00:00,       316.627144
10/03/2010 05:00:00,       311.401640
10/03/2010 06:00:00,       296.194861
10/03/2010 07:00:00,       286.929196
10/03/2010 08:00:00,       260.906507
10/03/2010 09:00:00,       220.132719
10/03/2010 10:00:00,       197.272219
10/03/2010 11:00:00,       170.201836
10/03/2010 12:00:00,       155.183625
10/03/2010 13:00:00,       126.459270
10/03/2010 14:00:00,        97.172636
10/03/2010 15:00:00,        90.914584
10/03/2010 16:00:00,        98.787432
10/03/2010 17:00:00,        92.994667
10/03/2010 18:00:00,        74.459492
10/03/2010 19:00:00,        75.293035
10/03/2010 20:00:00,        56.451561
10/03/2010 21:00:00,        60.479122
10/03/2010 22:00:00,        54.680610
10/03/2010 23:00:00,        46.551811
10/04/2010 00:00:00,        38.383152
10/04/2010 01:00:00,        36.934956
10/04/2010 02:00:00,        39.514607
10/04/2010 03:00:00,        15.426988
10/04/2010 04:00:00,         0.005639
10/04/2010 05:00:00,         0.000000
10/04/2010 06:00:00,         0.024832
10/04/2010 07:00:00,         0.956547
10/04/2010 08:00:00,         0.302069
10/04/2010 09:00:00,         0.330012
10/04/2010 10:00:00,         0.522959
10/04/2010 11:00:00,         1.550696
10/04/2010 12:00:00,         4.596564
10/04/2010 13:00:00,         7.069998
10/04/2010 14:00:00,        26.563121
10/04/2010 15:00:00,        24.399449
10/04/2010 16:00:00,         6.406866
10/04/2010 17:00:00,         2.020596
10/04/2010 18:00:00,         5.945502
10/04/2010 19:00:00,        16.775926
10/04/2010 20:00:00,        22.108495
10/04/2010 21:00:00,        21.807168
10/04/2010 22:00:00,        30.854745
10/04/2010 23:00:00,        44.937751
10/05/2010 00:00:00,        58.355363
10/05/2010 01:00:00,        79.753895
10/05/2010 02:00:00,       127.165681
10/05/2010 03:00:00,       161.160486
10/05/2010 04:00:00,       205.327229
10/05/2010 05:00:00,       228.459963
10/05/2010 06:00:00,       230.553038
10/05/2010 07:00:00,       211.995775
10/05/2010 08:00:00,       206.244774
10/05/2010 09:00:00,       229.627107
10/05/2010 10:00:00,       258.085405
10/05/2010 11:00:00,       214.802899
10/05/2010 12:00:00,       185.735436
10/05/2010 13:00:00,       178.820592
10/05/2010 14:00:00,       153.877902
10/05/2010 15:00:00,        94.933866
10/05/2010 16:00:00,        62.820355
10/05/2010 17:00:00,        78.829964
10/05/2010 18:00:00,        72.998248
10/05/2010 19:00:00,        63.749040
10/05/2010 20:00:00,        53.100454
10/05/2010 21:00:00,        63.363692
10/05/2010 22:00:00,        70.023179
10/05/2010 23:00:00,        69.238389
10/06/2010 00:00:00,        85.929378
10/06/2010 01:00:00,        46.670275
10/06/2010 02:00:00,        16.843359
10/06/2010 03:00:00,        36.724177
10/06/2010 04:00:00,        61.036006
10/06/2010 05:00:00,        41.366363
10/06/2010 06:00:00,        32.608207
10/06/2010 07:00:00,        33.731649
10/06/2010 08:00:00,        45.076389
10/06/2010 09:00:00,        29.742300
10/06/2010 10:00:00,        31.317581
10/06/2010 11:00:00,        30.970734
10/06/2010 12:00:00,        35.675791
10/06/2010 13:00:00,       122.249976
10/06/2010 14:00:00,       245.023583
10/06/2010 15:00:00,       141.400973
10/06/2010 16:00:00,        57.471887
10/06/2010 17:00:00,        18.129772
10/06/2010 18:00:00,        11.241587
10/06/2010 19:00:00,         5.183712
10/06/2010 20:00:00,         6.417367
10/06/2010 21:00:00,        10.605938
10/06/2010 22:00:00,        21.884185
10/06/2010 23:00:00,        64.995128
10/07/2010 00:00:00,       125.120165
10/07/2010 01:00:00,       208.125143
10/07/2010 02:00:00,       228.305922
10/07/2010 03:00:00,       156.746130
10/07/2010 04:00:00,       193.532000
10/07/2010 05:00:00,       100.351326
10/07/2010 06:00:00,       111.302063
10/07/2010 07:00:00,       152.718470
10/07/2010 08:00:00,       125.716370
10/07/2010 09:00:00,        57.141996
10/07/2010 10:00:00,        46.674623
10/07/2010 11:00:00,        14.285309
10/07/2010 12:00:00,         4.957802
10/07/2010 13:00:00,         1.226207
10/07/2010 14:00:00,         0.580896
10/07/2010 15:00:00,         5.310396
10/07/2010 16:00:00,         0.519471
10/07/2010 17:00:00,         0.282108
10/07/2010 18:00:00,        21.589383
10/07/2010 19:00:00,        98.675152
10/07/2010 20:00:00,       235.078067
10/07/2010 21:00:00,       285.830396
10/07/2010 22:00:00,       273.898396
10/07/2010 23:00:00,       249.949490
10/08/2010 00:00:00,       297.261958
10/08/2010 01:00:00,       306.998908
10/08/2010 02:00:00,       315.588613
10/08/2010 03:00:00,       319.207700
10/08/2010 04:00:00,       319.986931
10/08/2010 05:00:00,       319.997709
10/08/2010 06:00:00,       320.000000
10/08/2010 07:00:00,       319.997850
10/08/2010 08:00:00,       320.000000
10/08/2010 09:00:00,       319.965379
10/08/2010 10:00:00,       319.975770
10/08/2010 11:00:00,       319.998775
10/08/2010 12:00:00,       319.575009
10/08/2010 13:00:00,       319.907073
10/08/2010 14:00:00,       319.846371
10/08/2010 15:00:00,       319.988161
10/08/2010 16:00:00,       319.650916
10/08/2010 17:00:00,       319.994616
10/08/2010 18:00:00,       306.201317
10/08/2010 19:00:00,       319.996145
10/08/2010 20:00:00,       184.207288
10/08/2010 21:00:00,       319.398265
10/08/2010 22:00:00,       280.345332
10/08/2010 23:00:00,       302.223545
10/09/2010 00:00:00,       254.285773
10/09/2010 01:00:00,       303.214755
10/09/2010 02:00:00,       317.980844
10/09/2010 03:00:00,       314.987808
10/09/2010 04:00:00,       315.174813
10/09/2010 05:00:00,       319.238264
10/09/2010 06:00:00,       293.032216
10/09/2010 07:00:00,       319.286465
10/09/2010 08:00:00,       318.314035
10/09/2010 09:00:00,       318.615728
10/09/2010 10:00:00,       318.633467
10/09/2010 11:00:00,       316.245447
10/09/2010 12:00:00,       306.411412
10/09/2010 13:00:00,       293.660484
10/09/2010 14:00:00,       287.829439
10/09/2010 15:00:00,       295.368869
10/09/2010 16:00:00,       311.780631
10/09/2010 17:00:00,       318.659121
10/09/2010 18:00:00,       319.912571
10/09/2010 19:00:00,       319.997801
10/09/2010 20:00:00,       320.000000
10/09/2010 21:00:00,       320.000000
10/09/2010 22:00:00,       320.000000
10/09/2010 23:00:00,       320.000000
10/10/2010 00:00:00,       320.000000
10/10/2010 01:00:00,       320.000000
10/10/2010 02:00:00,       320.000000
10/10/2010 03:00:00,       319.995618
10/10/2010 04:00:00,       320.000000
10/10/2010 05:00:00,       319.999076
10/10/2010 06:00:00,       320.000000
10/10/2010 07:00:00,       320.000000
10/10/2010 08:00:00,       320.000000
10/10/2010 09:00:00,       319.973775
10/10/2010 10:00:00,       320.000000
10/10/2010 11:00:00,       319.995997
10/10/2010 12:00:00,       320.000000
10/10/2010 13:00:00,       319.944638
10/10/2010 14:00:00,       319.948244
10/10/2010 15:00:00,       319.701185
10/10/2010 16:00:00,       289.914747
10/10/2010 17:00:00,       314.330376
10/10/2010 18:00:00,       318.495360
10/10/2010 19:00:00,       319.113438
10/10/2010 20:00:00,       319.425517
10/10/2010 21:00:00,       319.741290
10/10/2010 22:00:00,       319.705236
10/10/2010 23:00:00,       309.968338
10/11/2010 00:00:00,       303.926685
10/11/2010 01:00:00,       312.365116
10/11/2010 02:00:00,       309.785149
10/11/2010 03:00:00,       300.858843
10/11/2010 04:00:00,       305.871140
10/11/2010 05:00:00,       309.003931
10/11/2010 06:00:00,       304.526947
10/11/2010 07:00:00,       314.451369
10/11/2010 08:00:00,       316.951510
10/11/2010 09:00:00,       312.900205
10/11/2010 10:00:00,       310.651209
10/11/2010 11:00:00,       309.408658
10/11/2010 12:00:00,       307.549251
10/11/2010 13:00:00,       288.447326
10/11/2010 14:00:00,       277.929037
10/11/2010 15:00:00,       243.184661
10/11/2010 16:00:00,       240.698131
10/11/2010 17:00:00,       263.790935
10/11/2010 18:00:00,       284.372492
10/11/2010 19:00:00,       288.461282
10/11/2010 20:00:00,       290.797625
10/11/2010 21:00:00,       294.719943
10/11/2010 22:00:00,       299.164409
10/11/2010 23:00:00,       309.286866
10/12/2010 00:00:00,       315.030791
10/12/2010 01:00:00,       315.758261
10/12/2010 02:00:00,       312.748284
10/12/2010 03:00:00,       302.077245
10/12/2010 04:00:00,       277.724913
10/12/2010 05:00:00,       236.473141
10/12/2010 06:00:00,       200.942930
10/12/2010 07:00:00,       132.834300
10/12/2010 08:00:00,       138.160230
10/12/2010 09:00:00,       114.555060
10/12/2010 10:00:00,       118.565662
10/12/2010 11:00:00,       135.102569
10/12/2010 12:00:00,       157.959944
10/12/2010 13:00:00,       173.957580
10/12/2010 14:00:00,       147.712183
10/12/2010 15:00:00,       117.104567
10/12/2010 16:00:00,       121.250658
10/12/2010 17:00:00,       121.204504
10/12/2010 18:00:00,       152.717442
10/12/2010 19:00:00,       161.909172
10/12/2010 20:00:00,       177.705013
10/12/2010 21:00:00,       200.924363
10/12/2010 22:00:00,       246.876907
10/12/2010 23:00:00,       237.435249
10/13/2010 00:00:00,       171.663898
10/13/2010 01:00:00,       191.569489
10/13/2010 02:00:00,       195.212708
10/13/2010 03:00:00,       178.201388
10/13/2010 04:00:00,       175.170016
10/13/2010 05:00:00,       114.786486
10/13/2010 06:00:00,       125.946984
10/13/2010 07:00:00,       100.963602
10/13/2010 08:00:00,        75.275190
10/13/2010 09:00:00,        73.766799
10/13/2010 10:00:00,        75.515945
10/13/2010 11:00:00,        63.053292
10/13/2010 12:00:00,        58.235365
10/13/2010 13:00:00,        56.697586
10/13/2010 14:00:00,        40.372952
10/13/2010 15:00:00,        22.051746
10/13/2010 16:00:00,         3.805607
10/13/2010 17:00:00,         1.388942
10/13/2010 18:00:00,         1.830263
10/13/2010 19:00:00,         4.407815
10/13/2010 20:00:00,         8.643131
10/13/2010 21:00:00,         9.032200
10/13/2010 22:00:00,         2.147628
10/13/2010 23:00:00,         1.167513
10/14/2010 00:00:00,         0.703065
10/14/2010 01:00:00,         1.075582
10/14/2010 02:00:00,         4.684674
10/14/2010 03:00:00,         8.044078
10/14/2010 04:00:00,        11.444972
10/14/2010 05:00:00,        17.674556
10/14/2010 06:00:00,        40.549421
10/14/2010 07:00:00,        44.670852
10/14/2010 08:00:00,        50.181546
10/14/2010 09:00:00,        74.478176
10/14/2010 10:00:00,       138.782335
10/14/2010 11:00:00,       215.673510
10/14/2010 12:00:00,       245.812542
10/14/2010 13:00:00,       287.409101
10/14/2010 14:00:00,       293.931291
10/14/2010 15:00:00,       253.226081
10/14/2010 16:00:00,       205.512159
10/14/2010 17:00:00,       102.566152
10/14/2010 18:00:00,        45.639584
10/14/2010 19:00:00,        12.513526
10/14/2010 20:00:00,         1.631904
10/14/2010 21:00:00,         1.138494
10/14/2010 22:00:00,        10.821257
10/14/2010 23:00:00,        34.229182
10/15/2010 00:00:00,        57.648672
10/15/2010 01:00:00,       120.235883
10/15/2010 02:00:00,       242.683867
10/15/2010 03:00:00,       309.897215
10/15/2010 04:00:00,       318.781296
10/15/2010 05:00:00,       318.123344
10/15/2010 06:00:00,       318.947145
10/15/2010 07:00:00,       319.266947
10/15/2010 08:00:00,       319.420718
10/15/2010 09:00:00,       316.869421
10/15/2010 10:00:00,       315.522788
10/15/2010 11:00:00,       311.110501
10/15/2010 12:00:00,       305.493168
10/15/2010 13:00:00,       279.441233
10/15/2010 14:00:00,       288.916693
10/15/2010 15:00:00,       277.826099
10/15/2010 16:00:00,       152.442001
10/15/2010 17:00:00,        81.396028
10/15/2010 18:00:00,        85.169417
10/15/2010 19:00:00,       171.417062
10/15/2010 20:00:00,       196.044447
10/15/2010 21:00:00,       196.866407
10/15/2010 22:00:00,       211.322026
10/15/2010 23:00:00,       274.380895
10/16/2010 00:00:00,       305.662138
10/16/2010 01:00:00,       314.687258
10/16/2010 02:00:00,       318.745065
10/16/2010 03:00:00,       319.768885
10/16/2010 04:00:00,       319.985637
10/16/2010 05:00:00,       319.980137
10/16/2010 06:00:00,       319.876375
10/16/2010 07:00:00,       319.971561
10/16/2010 08:00:00,       319.991333
10/16/2010 09:00:00,       319.985755
10/16/2010 10:00:00,       319.843042
10/16/2010 11:00:00,       319.837790
10/16/2010 12:00:00,       317.745536
10/16/2010 13:00:00,       313.117988
10/16/2010 14:00:00,       297.340522
10/16/2010 15:00:00,       249.250937
10/16/2010 16:00:00,       247.996540
10/16/2010 17:00:00,       219.657636
10/16/2010 18:00:00,       241.222758
10/16/2010 19:00:00,       250.745597
10/16/2010 20:00:00,       270.050375
10/16/2010 21:00:00,       285.216967
10/16/2010 22:00:00,       294.656707
10/16/2010 23:00:00,       289.694164
10/17/2010 00:00:00,       233.438274
10/17/2010 01:00:00,       193.147321
10/17/2010 02:00:00,       166.203719
10/17/2010 03:00:00,       121.714282
10/17/2010 04:00:00,        72.899572
10/17/2010 05:00:00,        33.844655
10/17/2010 06:00:00,        19.177767
10/17/2010 07:00:00,         9.018779
10/17/2010 08:00:00,         8.593375
10/17/2010 09:00:00,         7.490576
10/17/2010 10:00:00,        17.541505
10/17/2010 11:00:00,        27.018537
10/17/2010 12:00:00,        43.936515
10/17/2010 13:00:00,        67.322581
10/17/2010 14:00:00,        93.073617
10/17/2010 15:00:00,       102.241563
10/17/2010 16:00:00,       122.849168
10/17/2010 17:00:00,       146.361054
10/17/2010 18:00:00,       154.347888
10/17/2010 19:00:00,       190.144672
10/17/2010 20:00:00,       220.803657
10/17/2010 21:00:00,       282.836497
10/17/2010 22:00:00,       310.302197
10/17/2010 23:00:00,       309.791374
10/18/2010 00:00:00,       310.544231
10/18/2010 01:00:00,       313.802183
10/18/2010 02:00:00,       315.390398
10/18/2010 03:00:00,       317.902081
10/18/2010 04:00:00,       318.302586
10/18/2010 05:00:00,       319.593339
10/18/2010 06:00:00,       319.835413
10/18/2010 07:00:00,       319.881154
10/18/2010 08:00:00,       319.978300
10/18/2010 09:00:00,       319.989056
10/18/2010 10:00:00,       319.995976
10/18/2010 11:00:00,       319.997832
10/18/2010 12:00:00,       319.998047
10/18/2010 13:00:00,       319.988609
10/18/2010 14:00:00,       319.991219
10/18/2010 15:00:00,       319.988621
10/18/2010 16:00:00,       319.994554
10/18/2010 17:00:00,       319.999134
10/18/2010 18:00:00,       320.000000
10/18/2010 19:00:00,       319.998070
10/18/2010 20:00:00,       320.000000
10/18/2010 21:00:00,       320.000000
10/18/2010 22:00:00,       320.000000
10/18/2010 23:00:00,       320.000000
10/19/2010 00:00:00,       320.000000
10/19/2010 01:00:00,       320.000000
10/19/2010 02:00:00,       320.000000
10/19/2010 03:00:00,       320.000000
10/19/2010 04:00:00,       320.000000
10/19/2010 05:00:00,       319.997445
10/19/2010 06:00:00,       319.979999
10/19/2010 07:00:00,       319.967495
10/19/2010 08:00:00,       319.655299
10/19/2010 09:00:00,       319.559447
10/19/2010 10:00:00,       319.610812
10/19/2010 11:00:00,       319.430674
10/19/2010 12:00:00,       319.067677
10/19/2010 13:00:00,       319.489510
10/19/2010 14:00:00,       319.103693
10/19/2010 15:00:00,       314.634099
10/19/2010 16:00:00,       299.948874
10/19/2010 17:00:00,       285.142415
10/19/2010 18:00:00,       285.208774
10/19/2010 19:00:00,       266.452017
10/19/2010 20:00:00,       265.868458
10/19/2010 21:00:00,       281.347201
10/19/2010 22:00:00,       285.241670
10/19/2010 23:00:00,       263.183488
10/20/2010 00:00:00,       231.029433
10/20/2010 01:00:00,       205.627585
10/20/2010 02:00:00,       251.833980
10/20/2010 03:00:00,       290.179311
10/20/2010 04:00:00,       312.287474
10/20/2010 05:00:00,       311.260282
10/20/2010 06:00:00,       309.340364
10/20/2010 07:00:00,       309.691336
10/20/2010 08:00:00,       310.701745
10/20/2010 09:00:00,       315.248042
10/20/2010 10:00:00,       298.055287
10/20/2010 11:00:00,       300.736973
10/20/2010 12:00:00,       304.558749
10/20/2010 13:00:00,       297.759589
10/20/2010 14:00:00,       302.061174
10/20/2010 15:00:00,       250.618492
10/20/2010 16:00:00,       162.975338
10/20/2010 17:00:00,       111.903099
10/20/2010 18:00:00,       275.919915
10/20/2010 19:00:00,       304.726680
10/20/2010 20:00:00,       260.062761
10/20/2010 21:00:00,       141.240749
10/20/2010 22:00:00,        77.876248
10/20/2010 23:00:00,        40.926382
10/21/2010 00:00:00,        72.748798
10/21/2010 01:00:00,       212.749168
10/21/2010 02:00:00,       287.982525
10/21/2010 03:00:00,       312.245914
10/21/2010 04:00:00,       317.326612
10/21/2010 05:00:00,       319.301156
10/21/2010 06:00:00,       319.771108
10/21/2010 07:00:00,       319.969028
10/21/2010 08:00:00,       319.982006
10/21/2010 09:00:00,       319.931648
10/21/2010 10:00:00,       319.961536
10/21/2010 11:00:00,       319.932670
10/21/2010 12:00:00,       319.913104
10/21/2010 13:00:00,       319.987902
10/21/2010 14:00:00,       319.983314
10/21/2010 15:00:00,       319.865985
10/21/2010 16:00:00,       319.864983
10/21/2010 17:00:00,       319.480750
10/21/2010 18:00:00,       319.034513
10/21/2010 19:00:00,       310.574378
10/21/2010 20:00:00,       279.473783
10/21/2010 21:00:00,       245.331116
10/21/2010 22:00:00,       227.450966
10/21/2010 23:00:00,       276.394472
10/22/2010 00:00:00,       262.010914
10/22/2010 01:00:00,       315.524989
10/22/2010 02:00:00,       319.871848
10/22/2010 03:00:00,       318.815004
10/22/2010 04:00:00,       307.894495
10/22/2010 05:00:00,       172.252200
10/22/2010 06:00:00,        72.308339
10/22/2010 07:00:00,        15.331167
10/22/2010 08:00:00,        12.323902
10/22/2010 09:00:00,        16.853571
10/22/2010 10:00:00,        52.834971
10/22/2010 11:00:00,       132.862552
10/22/2010 12:00:00,        83.411985
10/22/2010 13:00:00,        37.276493
10/22/2010 14:00:00,        50.931907
10/22/2010 15:00:00,        67.172708
10/22/2010 16:00:00,        45.883667
10/22/2010 17:00:00,        31.306178
10/22/2010 18:00:00,        42.200033
10/22/2010 19:00:00,       114.071845
10/22/2010 20:00:00,        15.284439
10/22/2010 21:00:00,       140.640945
10/22/2010 22:00:00,       303.154478
10/22/2010 23:00:00,       308.834273
10/23/2010 00:00:00,       316.810657
10/23/2010 01:00:00,       316.472417
10/23/2010 02:00:00,       318.297465
10/23/2010 03:00:00,       318.683208
10/23/2010 04:00:00,       316.483926
10/23/2010 05:00:00,       312.033712
10/23/2010 06:00:00,       311.007958
10/23/2010 07:00:00,       312.164474
10/23/2010 08:00:00,       310.863767
10/23/2010 09:00:00,       304.792737
10/23/2010 10:00:00,       283.895017
10/23/2010 11:00:00,       271.750176
10/23/2010 12:00:00,       288.728733
10/23/2010 13:00:00,       306.968930
10/23/2010 14:00:00,       305.730000
10/23/2010 15:00:00,       295.527573
10/23/2010 16:00:00,       263.415277
10/23/2010 17:00:00,       182.880667
10/23/2010 18:00:00,       176.138558
10/23/2010 19:00:00,       140.547071
10/23/2010 20:00:00,       146.383932
10/23/2010 21:00:00,       182.201853
10/23/2010 22:00:00,       209.782953
10/23/2010 23:00:00,       258.954389
10/24/2010 00:00:00,       288.307871
10/24/2010 01:00:00,       283.175127
10/24/2010 02:00:00,       266.995058
10/24/2010 03:00:00,       205.419188
10/24/2010 04:00:00,       176.433320
10/24/2010 05:00:00,       148.955930
10/24/2010 06:00:00,       142.775847
10/24/2010 07:00:00,       122.476793
10/24/2010 08:00:00,       112.900841
10/24/2010 09:00:00,       105.331590
10/24/2010 10:00:00,       106.876615
10/24/2010 11:00:00,        99.431727
10/24/2010 12:00:00,        80.875334
10/24/2010 13:00:00,        64.238661
10/24/2010 14:00:00,        49.589622
10/24/2010 15:00:00,        33.198349
10/24/2010 16:00:00,        28.338681
10/24/2010 17:00:00,        36.665213
10/24/2010 18:00:00,        44.608112
10/24/2010 19:00:00,        53.679134
10/24/2010 20:00:00,        34.142879
10/24/2010 21:00:00,        30.441515
10/24/2010 22:00:00,        49.911948
10/24/2010 23:00:00,        27.537164
10/25/2010 00:00:00,        38.546600
10/25/2010 01:00:00,        61.353333
10/25/2010 02:00:00,        78.957160
10/25/2010 03:00:00,        82.394955
10/25/2010 04:00:00,        64.090964
10/25/2010 05:00:00,        51.662854
10/25/2010 06:00:00,        50.085975
10/25/2010 07:00:00,        44.685342
10/25/2010 08:00:00,        51.235616
10/25/2010 09:00:00,        68.560714
10/25/2010 10:00:00,        30.105130
10/25/2010 11:00:00,        28.880754
10/25/2010 12:00:00,        26.843402
10/25/2010 13:00:00,        34.944686
10/25/2010 14:00:00,        71.492484
10/25/2010 15:00:00,       127.598088
10/25/2010 16:00:00,        93.297470
10/25/2010 17:00:00,        43.139008
10/25/2010 18:00:00,        31.990689
10/25/2010 19:00:00,        27.890644
10/25/2010 20:00:00,        40.448158
10/25/2010 21:00:00,        52.622142
10/25/2010 22:00:00,        65.720098
10/25/2010 23:00:00,       103.391996
10/26/2010 00:00:00,       114.544574
10/26/2010 01:00:00,       116.605372
10/26/2010 02:00:00,       152.873766
10/26/2010 03:00:00,       158.653817
10/26/2010 04:00:00,       100.398148
10/26/2010 05:00:00,        94.421510
10/26/2010 06:00:00,        75.337429
10/26/2010 07:00:00,        43.419336
10/26/2010 08:00:00,        41.116547
10/26/2010 09:00:00,        46.071046
10/26/2010 10:00:00,        45.885704
10/26/2010 11:00:00,        45.507519
10/26/2010 12:00:00,        30.673997
10/26/2010 13:00:00,        47.731577
10/26/2010 14:00:00,        25.329326
10/26/2010 15:00:00,        26.871890
10/26/2010 16:00:00,        26.343093
10/26/2010 17:00:00,        13.818176
10/26/2010 18:00:00,        16.545563
10/26/2010 19:00:00,        30.219678
10/26/2010 20:00:00,        35.020309
10/26/2010 21:00:00,        31.615167
10/26/2010 22:00:00,        49.148829
10/26/2010 23:00:00,        70.755497
10/27/2010 00:00:00,        85.373400
10/27/2010 01:00:00,       113.776858
10/27/2010 02:00:00,       214.525669
10/27/2010 03:00:00,       264.673737
10/27/2010 04:00:00,       297.290501
10/27/2010 05:00:00,       312.641180
10/27/2010 06:00:00,       319.123212
10/27/2010 07:00:00,       307.058453
10/27/2010 08:00:00,       311.287860
10/27/2010 09:00:00,       289.472652
10/27/2010 10:00:00,       302.468240
10/27/2010 11:00:00,       313.757828
10/27/2010 12:00:00,       319.148207
10/27/2010 13:00:00,       320.000000
10/27/2010 14:00:00,       320.000000
10/27/2010 15:00:00,       320.000000
10/27/2010 16:00:00,       320.000000
10/27/2010 17:00:00,       319.999413
10/27/2010 18:00:00,       319.290955
10/27/2010 19:00:00,       319.997323
10/27/2010 20:00:00,       319.879303
10/27/2010 21:00:00,       319.190982
10/27/2010 22:00:00,       318.091864
10/27/2010 23:00:00,       304.015439
10/28/2010 00:00:00,       283.709922
10/28/2010 01:00:00,       260.451124
10/28/2010 02:00:00,       244.700519
10/28/2010 03:00:00,       259.597816
10/28/2010 04:00:00,       302.262510
10/28/2010 05:00:00,       296.107854
10/28/2010 06:00:00,       265.607451
10/28/2010 07:00:00,       291.628416
10/28/2010 08:00:00,       302.616845
10/28/2010 09:00:00,       312.439931
10/28/2010 10:00:00,       288.069399
10/28/2010 11:00:00,       265.494441
10/28/2010 12:00:00,       277.814578
10/28/2010 13:00:00,       304.516424
10/28/2010 14:00:00,       308.620493
10/28/2010 15:00:00,       279.143727
10/28/2010 16:00:00,       296.447394
10/28/2010 17:00:00,       281.470790
10/28/2010 18:00:00,       304.801981
10/28/2010 19:00:00,       208.318789
10/28/2010 20:00:00,        53.275927
10/28/2010 21:00:00,       282.853350
10/28/2010 22:00:00,       315.337057
10/28/2010 23:00:00,       307.856285
10/29/2010 00:00:00,       227.155354
10/29/2010 01:00:00,       312.497298
10/29/2010 02:00:00,       320.000000
10/29/2010 03:00:00,       316.215908
10/29/2010 04:00:00,       298.716684
10/29/2010 05:00:00,       317.798083
10/29/2010 06:00:00,       313.591775
10/29/2010 07:00:00,       314.342597
10/29/2010 08:00:00,       306.518057
10/29/2010 09:00:00,       306.072998
10/29/2010 10:00:00,       291.754355
10/29/2010 11:00:00,       242.238504
10/29/2010 12:00:00,       167.314565
10/29/2010 13:00:00,       143.744016
10/29/2010 14:00:00,       125.788100
10/29/2010 15:00:00,        97.693984
10/29/2010 16:00:00,        73.224460
10/29/2010 17:00:00,        70.326553
10/29/2010 18:00:00,        62.015270
10/29/2010 19:00:00,        49.624904
10/29/2010 20:00:00,        41.804693
10/29/2010 21:00:00,        44.791626
10/29/2010 22:00:00,        69.529547
10/29/2010 23:00:00,       106.287849
10/30/2010 00:00:00,       112.895645
10/30/2010 01:00:00,       122.886672
10/30/2010 02:00:00,       132.521897
10/30/2010 03:00:00,       144.557775
10/30/2010 04:00:00,       160.158497
10/30/2010 05:00:00,       193.459658
10/30/2010 06:00:00,       246.021872
10/30/2010 07:00:00,       271.373365
10/30/2010 08:00:00,       287.455211
10/30/2010 09:00:00,       300.693732
10/30/2010 10:00:00,       303.052421
10/30/2010 11:00:00,       311.777458
10/30/2010 12:00:00,       316.553926
10/30/2010 13:00:00,       270.697722
10/30/2010 14:00:00,       319.206001
10/30/2010 15:00:00,       303.536798
10/30/2010 16:00:00,       255.804896
10/30/2010 17:00:00,       255.925964
10/30/2010 18:00:00,       319.950891
10/30/2010 19:00:00,       303.984867
10/30/2010 20:00:00,       303.992757
10/30/2010 21:00:00,       319.989839
10/30/2010 22:00:00,       319.977924
10/30/2010 23:00:00,       319.948271
10/31/2010 00:00:00,       319.957460
10/31/2010 01:00:00,       319.951632
10/31/2010 02:00:00,       319.853275
10/31/2010 03:00:00,       319.112298
10/31/2010 04:00:00,       317.276399
10/31/2010 05:00:00,       314.454169
10/31/2010 06:00:00,       308.906005
10/31/2010 07:00:00,       302.815962
10/31/2010 08:00:00,       281.104973
10/31/2010 09:00:00,       230.344944
10/31/2010 10:00:00,       190.068491
10/31/2010 11:00:00,       141.116591
10/31/2010 12:00:00,       107.964118
10/31/2010 13:00:00,        86.067536
10/31/2010 14:00:00,        67.720665
10/31/2010 15:00:00,        57.035381
10/31/2010 16:00:00,        48.561543
10/31/2010 17:00:00,        33.716300
10/31/2010 18:00:00,        26.099548
10/31/2010 19:00:00,        15.316753
10/31/2010 20:00:00,         7.239719
10/31/2010 21:00:00,         4.216256
10/31/2010 22:00:00,         2.188809
10/31/2010 23:00:00,         0.407651
11/01/2010 00:00:00,         0.000000
11/01/2010 01:00:00,         0.134773
11/01/2010 02:00:00,        25.576066
11/01/2010 03:00:00,        43.530808
11/01/2010 04:00:00,        49.724481
11/01/2010 05:00:00,        52.804727
11/01/2010 06:00:00,       142.553888
11/01/2010 07:00:00,       166.219828
11/01/2010 08:00:00,       157.353524
11/01/2010 09:00:00,       175.461676
11/01/2010 10:00:00,       243.587658
11/01/2010 11:00:00,       234.072780
11/01/2010 12:00:00,       175.749643
11/01/2010 13:00:00,       172.055191
11/01/2010 14:00:00,       151.491430
11/01/2010 15:00:00,       117.830450
11/01/2010 16:00:00,        80.541703
11/01/2010 17:00:00,        58.783276
11/01/2010 18:00:00,        40.279576
11/01/2010 19:00:00,        25.550933
11/01/2010 20:00:00,        15.311518
11/01/2010 21:00:00,        10.286929
11/01/2010 22:00:00,         3.393346
11/01/2010 23:00:00,         0.647005
11/02/2010 00:00:00,         0.517705
11/02/2010 01:00:00,        11.519995
11/02/2010 02:00:00,        45.605641
11/02/2010 03:00:00,        75.753731
11/02/2010 04:00:00,        78.340460
11/02/2010 05:00:00,        61.880968
11/02/2010 06:00:00,        64.596526
11/02/2010 07:00:00,        73.265183
11/02/2010 08:00:00,        75.775503
11/02/2010 09:00:00,        85.403913
11/02/2010 10:00:00,        80.767927
11/02/2010 11:00:00,        80.268447
11/02/2010 12:00:00,        82.615482
11/02/2010 13:00:00,        93.341649
11/02/2010 14:00:00,        89.701555
11/02/2010 15:00:00,        64.822764
11/02/2010 16:00:00,        33.645906
11/02/2010 17:00:00,        13.268058
11/02/2010 18:00:00,         2.165161
11/02/2010 19:00:00,         3.983203
11/02/2010 20:00:00,        11.618458
11/02/2010 21:00:00,        13.853642
11/02/2010 22:00:00,        21.791682
11/02/2010 23:00:00,        28.956555
11/03/2010 00:00:00,        57.349662
11/03/2010 01:00:00,        67.114053
11/03/2010 02:00:00,        58.352585
11/03/2010 03:00:00,        30.199296
11/03/2010 04:00:00,        20.149904
11/03/2010 05:00:00,        44.335914
11/03/2010 06:00:00,        78.610296
11/03/2010 07:00:00,        82.407358
11/03/2010 08:00:00,       107.475041
11/03/2010 09:00:00,       150.986981
11/03/2010 10:00:00,       198.020267
11/03/2010 11:00:00,       205.539276
11/03/2010 12:00:00,        51.432824
11/03/2010 13:00:00,         0.000000
11/03/2010 14:00:00,         0.000000
11/03/2010 15:00:00,         0.000000
11/03/2010 16:00:00,        29.818935
11/03/2010 17:00:00,        15.743708
11/03/2010 18:00:00,         7.319255
11/03/2010 19:00:00,         4.209558
11/03/2010 20:00:00,         2.544892
11/03/2010 21:00:00,         9.274229
11/03/2010 22:00:00,        13.960262
11/03/2010 23:00:00,        26.436348
11/04/2010 00:00:00,        53.289612
11/04/2010 01:00:00,       125.576710
11/04/2010 02:00:00,       217.205702
11/04/2010 03:00:00,       241.008783
11/04/2010 04:00:00,       223.602646
11/04/2010 05:00:00,       230.635342
11/04/2010 06:00:00,       283.588253
11/04/2010 07:00:00,       298.908319
11/04/2010 08:00:00,       296.240576
11/04/2010 09:00:00,       280.101346
11/04/2010 10:00:00,       299.176850
11/04/2010 11:00:00,       316.974289
11/04/2010 12:00:00,       319.664674
11/04/2010 13:00:00,       239.993640
11/04/2010 14:00:00,       223.999966
11/04/2010 15:00:00,       239.911161
11/04/2010 16:00:00,       317.355245
11/04/2010 17:00:00,       313.578747
11/04/2010 18:00:00,       282.722748
11/04/2010 19:00:00,       243.119044
11/04/2010 20:00:00,       205.954062
11/04/2010 21:00:00,       226.534514
11/04/2010 22:00:00,       202.315775
11/04/2010 23:00:00,       214.522308
11/05/2010 00:00:00,       271.252832
11/05/2010 01:00:00,       290.410165
11/05/2010 02:00:00,       297.673196
11/05/2010 03:00:00,       225.144276
11/05/2010 04:00:00,       176.976735
11/05/2010 05:00:00,        78.200390
11/05/2010 06:00:00,        54.055558
11/05/2010 07:00:00,        54.394972
11/05/2010 08:00:00,        56.520820
11/05/2010 09:00:00,       115.737232
11/05/2010 10:00:00,       149.742799
11/05/2010 11:00:00,       135.209428
11/05/2010 12:00:00,       108.047644
11/05/2010 13:00:00,        94.252841
11/05/2010 14:00:00,        74.129099
11/05/2010 15:00:00,       116.098848
11/05/2010 16:00:00,       100.420765
11/05/2010 17:00:00,        41.843044
11/05/2010 18:00:00,        24.192842
11/05/2010 19:00:00,         9.594289
11/05/2010 20:00:00,        94.516015
11/05/2010 21:00:00,       126.146889
11/05/2010 22:00:00,       179.540672
11/05/2010 23:00:00,       303.122354
11/06/2010 00:00:00,       317.846100
11/06/2010 01:00:00,       311.927021
11/06/2010 02:00:00,       319.963855
11/06/2010 03:00:00,       220.116256
11/06/2010 04:00:00,       153.636893
11/06/2010 05:00:00,       150.252332
11/06/2010 06:00:00,       196.422451
11/06/2010 07:00:00,       294.263358
11/06/2010 08:00:00,       319.650463
11/06/2010 09:00:00,       315.180869
11/06/2010 10:00:00,       313.795785
11/06/2010 11:00:00,       297.698814
11/06/2010 12:00:00,       296.503189
11/06/2010 13:00:00,       283.065062
11/06/2010 14:00:00,       299.718556
11/06/2010 15:00:00,       257.752771
11/06/2010 16:00:00,       207.946592
11/06/2010 17:00:00,       209.711268
11/06/2010 18:00:00,       164.246080
11/06/2010 19:00:00,       119.534930
11/06/2010 20:00:00,       106.585230
11/06/2010 21:00:00,        64.783357
11/06/2010 22:00:00,        49.257419
11/06/2010 23:00:00,        47.675162
11/07/2010 00:00:00,        40.518440
11/07/2010 01:00:00,        39.220078
11/07/2010 02:00:00,        36.259752
11/07/2010 03:00:00,        32.625021
11/07/2010 04:00:00,        32.956107
11/07/2010 05:00:00,        32.168141
11/07/2010 06:00:00,        46.984096
11/07/2010 07:00:00,        58.185619
11/07/2010 08:00:00,        77.492088
11/07/2010 09:00:00,       142.984071
11/07/2010 10:00:00,        75.676209
11/07/2010 11:00:00,        77.528928
11/07/2010 12:00:00,        12.008493
11/07/2010 13:00:00,         3.939118
11/07/2010 14:00:00,         2.089651
11/07/2010 15:00:00,         1.689355
11/07/2010 16:00:00,         0.293956
11/07/2010 17:00:00,         0.244634
11/07/2010 18:00:00,         0.292208
11/07/2010 19:00:00,         0.080275
11/07/2010 20:00:00,         0.942509
11/07/2010 21:00:00,         0.103815
11/07/2010 22:00:00,         0.000000
11/07/2010 23:00:00,         0.104411
11/08/2010 00:00:00,         0.377173
11/08/2010 01:00:00,         0.967831
11/08/2010 02:00:00,         0.597459
11/08/2010 03:00:00,         1.535895
11/08/2010 04:00:00,         3.704651
11/08/2010 05:00:00,         5.340566
11/08/2010 06:00:00,         6.266894
11/08/2010 07:00:00,        10.272490
11/08/2010 08:00:00,        20.667226
11/08/2010 09:00:00,        45.745628
11/08/2010 10:00:00,       103.145830
11/08/2010 11:00:00,       174.110830
11/08/2010 12:00:00,       215.230079
11/08/2010 13:00:00,       241.478293
11/08/2010 14:00:00,       270.776953
11/08/2010 15:00:00,       308.649466
11/08/2010 16:00:00,       298.157277
11/08/2010 17:00:00,       288.479458
11/08/2010 18:00:00,       273.873205
11/08/2010 19:00:00,       266.286486
11/08/2010 20:00:00,       265.569258
11/08/2010 21:00:00,       251.214340
11/08/2010 22:00:00,       238.439928
11/08/2010 23:00:00,       212.242321
11/09/2010 00:00:00,       188.257664
11/09/2010 01:00:00,       164.275638
11/09/2010 02:00:00,       140.612095
11/09/2010 03:00:00,       154.636459
11/09/2010 04:00:00,       134.422239
11/09/2010 05:00:00,        83.714123
11/09/2010 06:00:00,        64.072628
11/09/2010 07:00:00,        60.706359
11/09/2010 08:00:00,        65.242499
11/09/2010 09:00:00,        99.471442
11/09/2010 10:00:00,       168.173397
11/09/2010 11:00:00,       255.123090
11/09/2010 12:00:00,       261.459275
11/09/2010 13:00:00,       269.254827
11/09/2010 14:00:00,       277.892962
11/09/2010 15:00:00,       255.427508
11/09/2010 16:00:00,       215.279668
11/09/2010 17:00:00,       199.037500
11/09/2010 18:00:00,       162.338865
11/09/2010 19:00:00,       151.821812
11/09/2010 20:00:00,       146.164672
11/09/2010 21:00:00,       148.693056
11/09/2010 22:00:00,       161.935581
11/09/2010 23:00:00,       152.306185
11/10/2010 00:00:00,       144.364501
11/10/2010 01:00:00,       202.013908
11/10/2010 02:00:00,       286.813172
11/10/2010 03:00:00,       299.341062
11/10/2010 04:00:00,       292.452115
11/10/2010 05:00:00,       236.136226
11/10/2010 06:00:00,       208.396711
11/10/2010 07:00:00,       201.205097
11/10/2010 08:00:00,       200.168387
11/10/2010 09:00:00,       187.605223
11/10/2010 10:00:00,       184.663550
11/10/2010 11:00:00,       190.424171
11/10/2010 12:00:00,       189.876472
11/10/2010 13:00:00,       179.790811
11/10/2010 14:00:00,       164.193313
11/10/2010 15:00:00,       156.474603
11/10/2010 16:00:00,       167.822268
11/10/2010 17:00:00,       193.265521
11/10/2010 18:00:00,       193.807822
11/10/2010 19:00:00,       197.445821
11/10/2010 20:00:00,       169.883410
11/10/2010 21:00:00,       167.111882
11/10/2010 22:00:00,       161.336352
11/10/2010 23:00:00,       147.483335
11/11/2010 00:00:00,       127.278782
11/11/2010 01:00:00,        98.147333
11/11/2010 02:00:00,        80.718868
11/11/2010 03:00:00,        78.914009
11/11/2010 04:00:00,        37.074590
11/11/2010 05:00:00,        40.362200
11/11/2010 06:00:00,        29.842623
11/11/2010 07:00:00,        18.788966
11/11/2010 08:00:00,         9.525338
11/11/2010 09:00:00,         3.712329
11/11/2010 10:00:00,         1.592062
11/11/2010 11:00:00,         0.180388
11/11/2010 12:00:00,         0.000000
11/11/2010 13:00:00,         0.000554
11/11/2010 14:00:00,         0.000000
11/11/2010 15:00:00,         0.000000
11/11/2010 16:00:00,         0.000000
11/11/2010 17:00:00,         0.000000
11/11/2010 18:00:00,         0.000000
11/11/2010 19:00:00,         0.195328
11/11/2010 20:00:00,         0.089581
11/11/2010 21:00:00,         0.000000
11/11/2010 22:00:00,         0.000000
11/11/2010 23:00:00,         0.033636
11/12/2010 00:00:00,         0.375724
11/12/2010 01:00:00,         0.926026
11/12/2010 02:00:00,         1.644548
11/12/2010 03:00:00,         4.634740
11/12/2010 04:00:00,        10.100304
11/12/2010 05:00:00,        13.868045
11/12/2010 06:00:00,        20.360420
11/12/2010 07:00:00,        28.269257
11/12/2010 08:00:00,        35.009149
11/12/2010 09:00:00,        34.223425
11/12/2010 10:00:00,        28.970305
11/12/2010 11:00:00,        35.419292
11/12/2010 12:00:00,        55.620448
11/12/2010 13:00:00,        65.620066
11/12/2010 14:00:00,        79.060480
11/12/2010 15:00:00,        67.839534
11/12/2010 16:00:00,        48.700600
11/12/2010 17:00:00,         3.855078
11/12/2010 18:00:00,         1.041490
11/12/2010 19:00:00,         1.969910
11/12/2010 20:00:00,         1.635315
11/12/2010 21:00:00,         1.948031
11/12/2010 22:00:00,         3.623110
11/12/2010 23:00:00,        19.892878
11/13/2010 00:00:00,        58.726823
11/13/2010 01:00:00,       113.858181
11/13/2010 02:00:00,       252.190528
11/13/2010 03:00:00,       278.265670
11/13/2010 04:00:00,       184.628590
11/13/2010 05:00:00,       239.517888
11/13/2010 06:00:00,       142.733488
11/13/2010 07:00:00,       134.773074
11/13/2010 08:00:00,       115.064626
11/13/2010 09:00:00,        84.890527
11/13/2010 10:00:00,        77.914136
11/13/2010 11:00:00,        71.319572
11/13/2010 12:00:00,        64.749614
11/13/2010 13:00:00,        68.896679
11/13/2010 14:00:00,        89.636747
11/13/2010 15:00:00,        88.228222
11/13/2010 16:00:00,        72.750518
11/13/2010 17:00:00,        70.770943
11/13/2010 18:00:00,        57.691085
11/13/2010 19:00:00,        41.783470
11/13/2010 20:00:00,        28.008594
11/13/2010 21:00:00,        35.911493
11/13/2010 22:00:00,        69.162059
11/13/2010 23:00:00,        35.680536
11/14/2010 00:00:00,       206.782089
11/14/2010 01:00:00,       271.951365
11/14/2010 02:00:00,       196.202416
11/14/2010 03:00:00,        88.509305
11/14/2010 04:00:00,        67.569395
11/14/2010 05:00:00,        38.543841
11/14/2010 06:00:00,        29.077003
11/14/2010 07:00:00,        25.938390
11/14/2010 08:00:00,        22.465183
11/14/2010 09:00:00,        16.042620
11/14/2010 10:00:00,        30.598281
11/14/2010 11:00:00,        26.253449
11/14/2010 12:00:00,        44.086684
11/14/2010 13:00:00,        55.178432
11/14/2010 14:00:00,        12.332954
11/14/2010 15:00:00,         8.896596
11/14/2010 16:00:00,         9.786685
11/14/2010 17:00:00,         2.263796
11/14/2010 18:00:00,         5.800852
11/14/2010 19:00:00,        24.215033
11/14/2010 20:00:00,        40.489334
11/14/2010 21:00:00,        29.371576
11/14/2010 22:00:00,        16.103504
11/14/2010 23:00:00,         7.004817
11/15/2010 00:00:00,        39.427393
11/15/2010 01:00:00,       197.111496
11/15/2010 02:00:00,       295.241478
11/15/2010 03:00:00,       315.941125
11/15/2010 04:00:00,       318.623497
11/15/2010 05:00:00,       319.567851
11/15/2010 06:00:00,       319.776842
11/15/2010 07:00:00,       319.874589
11/15/2010 08:00:00,       319.880972
11/15/2010 09:00:00,       319.903500
11/15/2010 10:00:00,       319.839068
11/15/2010 11:00:00,       319.904687
11/15/2010 12:00:00,       319.927407
11/15/2010 13:00:00,       319.925440
11/15/2010 14:00:00,       319.834897
11/15/2010 15:00:00,       319.376942
11/15/2010 16:00:00,       316.905852
11/15/2010 17:00:00,       303.947803
11/15/2010 18:00:00,       286.297635
11/15/2010 19:00:00,       265.265197
11/15/2010 20:00:00,       253.549620
11/15/2010 21:00:00,       250.257739
11/15/2010 22:00:00,       251.932958
11/15/2010 23:00:00,       260.121872
11/16/2010 00:00:00,       262.274618
11/16/2010 01:00:00,       222.579534
11/16/2010 02:00:00,       247.442897
11/16/2010 03:00:00,       288.188601
11/16/2010 04:00:00,       295.799037
11/16/2010 05:00:00,       302.379912
11/16/2010 06:00:00,       306.823213
11/16/2010 07:00:00,       309.637919
11/16/2010 08:00:00,       306.969325
11/16/2010 09:00:00,       312.145702
11/16/2010 10:00:00,       306.368171
11/16/2010 11:00:00,       303.713744
11/16/2010 12:00:00,       290.025833
11/16/2010 13:00:00,       275.776091
11/16/2010 14:00:00,       261.239223
11/16/2010 15:00:00,       234.237361
11/16/2010 16:00:00,       115.212663
11/16/2010 17:00:00,        45.941466
11/16/2010 18:00:00,        40.173969
11/16/2010 19:00:00,        16.006558
11/16/2010 20:00:00,        19.573026
11/16/2010 21:00:00,        28.410584
11/16/2010 22:00:00,        25.028563
11/16/2010 23:00:00,         3.129469
11/17/2010 00:00:00,        27.484685
11/17/2010 01:00:00,        55.582482
11/17/2010 02:00:00,        82.167537
11/17/2010 03:00:00,       123.198747
11/17/2010 04:00:00,       109.599998
11/17/2010 05:00:00,        72.807913
11/17/2010 06:00:00,        45.535986
11/17/2010 07:00:00,        16.018119
11/17/2010 08:00:00,         2.091992
11/17/2010 09:00:00,        12.508694
11/17/2010 10:00:00,       124.968085
11/17/2010 11:00:00,       284.925923
11/17/2010 12:00:00,       271.689342
11/17/2010 13:00:00,       127.997508
11/17/2010 14:00:00,       159.992239
11/17/2010 15:00:00,       227.010508
11/17/2010 16:00:00,       252.444979
11/17/2010 17:00:00,       174.380903
11/17/2010 18:00:00,       147.099683
11/17/2010 19:00:00,       169.608646
11/17/2010 20:00:00,       216.606871
11/17/2010 21:00:00,       257.062504
11/17/2010 22:00:00,       220.253659
11/17/2010 23:00:00,       221.466873
11/18/2010 00:00:00,       195.105588
11/18/2010 01:00:00,       146.837460
11/18/2010 02:00:00,       114.095294
11/18/2010 03:00:00,       129.847705
11/18/2010 04:00:00,        98.418645
11/18/2010 05:00:00,        54.208218
11/18/2010 06:00:00,        57.773687
11/18/2010 07:00:00,        68.997506
11/18/2010 08:00:00,        79.740029
11/18/2010 09:00:00,       219.768283
11/18/2010 10:00:00,       315.398871
11/18/2010 11:00:00,       313.662766
11/18/2010 12:00:00,       318.956491
11/18/2010 13:00:00,       316.968138
11/18/2010 14:00:00,       319.666379
11/18/2010 15:00:00,       319.974634
11/18/2010 16:00:00,       320.000000
11/18/2010 17:00:00,       320.000000
11/18/2010 18:00:00,       320.000000
11/18/2010 19:00:00,       320.000000
11/18/2010 20:00:00,       320.000000
11/18/2010 21:00:00,       320.000000
11/18/2010 22:00:00,       320.000000
11/18/2010 23:00:00,       320.000000
11/19/2010 00:00:00,       320.000000
11/19/2010 01:00:00,       320.000000
11/19/2010 02:00:00,       320.000000
11/19/2010 03:00:00,       319.999642
11/19/2010 04:00:00,       320.000000
11/19/2010 05:00:00,       320.000000
11/19/2010 06:00:00,       320.000000
11/19/2010 07:00:00,       319.958849
11/19/2010 08:00:00,       319.669661
11/19/2010 09:00:00,       319.622205
11/19/2010 10:00:00,       317.883273
11/19/2010 11:00:00,       317.263239
11/19/2010 12:00:00,       318.340514
11/19/2010 13:00:00,       318.914903
11/19/2010 14:00:00,       318.787617
11/19/2010 15:00:00,       319.710337
11/19/2010 16:00:00,       319.438840
11/19/2010 17:00:00,       319.672479
11/19/2010 18:00:00,       319.613775
11/19/2010 19:00:00,       319.635856
11/19/2010 20:00:00,       319.597734
11/19/2010 21:00:00,       319.760804
11/19/2010 22:00:00,       319.839189
11/19/2010 23:00:00,       319.516025
11/20/2010 00:00:00,       318.830271
11/20/2010 01:00:00,       318.344741
11/20/2010 02:00:00,       318.544493
11/20/2010 03:00:00,       302.994783
11/20/2010 04:00:00,       248.640803
11/20/2010 05:00:00,       164.360321
11/20/2010 06:00:00,       117.655412
11/20/2010 07:00:00,        69.645225
11/20/2010 08:00:00,        51.964696
11/20/2010 09:00:00,        19.459457
11/20/2010 10:00:00,         0.127278
11/20/2010 11:00:00,        13.262500
11/20/2010 12:00:00,        56.171268
11/20/2010 13:00:00,       137.672530
11/20/2010 14:00:00,       196.512254
11/20/2010 15:00:00,       174.219778
11/20/2010 16:00:00,       126.776089
11/20/2010 17:00:00,        86.173694
11/20/2010 18:00:00,        49.833489
11/20/2010 19:00:00,        24.043188
11/20/2010 20:00:00,         2.562233
11/20/2010 21:00:00,         1.086251
11/20/2010 22:00:00,         0.723807
11/20/2010 23:00:00,         0.040582
11/21/2010 00:00:00,         1.315066
11/21/2010 01:00:00,       169.358522
11/21/2010 02:00:00,       178.022433
11/21/2010 03:00:00,       208.268206
11/21/2010 04:00:00,       262.447376
11/21/2010 05:00:00,       283.476552
11/21/2010 06:00:00,       297.966854
11/21/2010 07:00:00,       317.538651
11/21/2010 08:00:00,       318.941789
11/21/2010 09:00:00,       317.434589
11/21/2010 10:00:00,       315.886513
11/21/2010 11:00:00,       315.359786
11/21/2010 12:00:00,       315.060246
11/21/2010 13:00:00,       319.099994
11/21/2010 14:00:00,       318.727699
11/21/2010 15:00:00,       310.324553
11/21/2010 16:00:00,       299.349180
11/21/2010 17:00:00,       284.348598
11/21/2010 18:00:00,       273.032325
11/21/2010 19:00:00,       278.306750
11/21/2010 20:00:00,       280.699365
11/21/2010 21:00:00,       293.212218
11/21/2010 22:00:00,       285.713646
11/21/2010 23:00:00,       264.458961
11/22/2010 00:00:00,       193.996083
11/22/2010 01:00:00,       154.267692
11/22/2010 02:00:00,       142.512842
11/22/2010 03:00:00,       107.203856
11/22/2010 04:00:00,        63.691357
11/22/2010 05:00:00,        37.674395
11/22/2010 06:00:00,        13.252600
11/22/2010 07:00:00,         1.061490
11/22/2010 08:00:00,         0.153242
11/22/2010 09:00:00,         6.194095
11/22/2010 10:00:00,        10.579708
11/22/2010 11:00:00,        15.576841
11/22/2010 12:00:00,        80.981876
11/22/2010 13:00:00,       238.687085
11/22/2010 14:00:00,       307.318939
11/22/2010 15:00:00,       309.109402
11/22/2010 16:00:00,       293.809105
11/22/2010 17:00:00,       207.864482
11/22/2010 18:00:00,       198.030537
11/22/2010 19:00:00,       188.447076
11/22/2010 20:00:00,       150.689270
11/22/2010 21:00:00,       132.104247
11/22/2010 22:00:00,        86.820478
11/22/2010 23:00:00,        98.764607
11/23/2010 00:00:00,        84.471544
11/23/2010 01:00:00,        78.345548
11/23/2010 02:00:00,       121.201224
11/23/2010 03:00:00,       135.506194
11/23/2010 04:00:00,       176.983300
11/23/2010 05:00:00,       156.660824
11/23/2010 06:00:00,        88.729976
11/23/2010 07:00:00,        47.046052
11/23/2010 08:00:00,        27.296655
11/23/2010 09:00:00,        50.884361
11/23/2010 10:00:00,       109.982515
11/23/2010 11:00:00,       139.510349
11/23/2010 12:00:00,       236.246364
11/23/2010 13:00:00,       271.385732
11/23/2010 14:00:00,       242.760327
11/23/2010 15:00:00,       211.960690
11/23/2010 16:00:00,       166.680652
11/23/2010 17:00:00,       119.575900
11/23/2010 18:00:00,        97.132555
11/23/2010 19:00:00,        99.589552
11/23/2010 20:00:00,       116.890480
11/23/2010 21:00:00,       117.053052
11/23/2010 22:00:00,        75.521787
11/23/2010 23:00:00,        45.216247
11/24/2010 00:00:00,       116.082341
11/24/2010 01:00:00,       135.563260
11/24/2010 02:00:00,       185.807004
11/24/2010 03:00:00,       122.892234
11/24/2010 04:00:00,       122.771643
11/24/2010 05:00:00,       145.940597
11/24/2010 06:00:00,       188.557947
11/24/2010 07:00:00,       211.264691
11/24/2010 08:00:00,       183.605593
11/24/2010 09:00:00,       109.687275
11/24/2010 10:00:00,        25.868978
11/24/2010 11:00:00,        30.195998
11/24/2010 12:00:00,        25.214544
11/24/2010 13:00:00,        14.290165
11/24/2010 14:00:00,        11.050058
11/24/2010 15:00:00,         0.000000
11/24/2010 16:00:00,         0.000000
11/24/2010 17:00:00,       126.363549
11/24/2010 18:00:00,       220.038480
11/24/2010 19:00:00,       286.277995
11/24/2010 20:00:00,       303.417764
11/24/2010 21:00:00,       301.659459
11/24/2010 22:00:00,       309.955677
11/24/2010 23:00:00,       294.578468
11/25/2010 00:00:00,       286.424789
11/25/2010 01:00:00,       272.117633
11/25/2010 02:00:00,       261.348820
11/25/2010 03:00:00,       230.134295
11/25/2010 04:00:00,       216.481046
11/25/2010 05:00:00,       196.752044
11/25/2010 06:00:00,       182.029766
11/25/2010 07:00:00,       156.117374
11/25/2010 08:00:00,       123.085199
11/25/2010 09:00:00,        97.002798
11/25/2010 10:00:00,        66.069760
11/25/2010 11:00:00,        54.339848
11/25/2010 12:00:00,        40.138279
11/25/2010 13:00:00,        28.650855
11/25/2010 14:00:00,        20.336533
11/25/2010 15:00:00,        19.609524
11/25/2010 16:00:00,        23.199567
11/25/2010 17:00:00,        17.530730
11/25/2010 18:00:00,        12.086097
11/25/2010 19:00:00,        49.649274
11/25/2010 20:00:00,       106.417839
11/25/2010 21:00:00,       143.666130
11/25/2010 22:00:00,       159.186641
11/25/2010 23:00:00,       160.033641
11/26/2010 00:00:00,       141.229208
11/26/2010 01:00:00,       120.645251
11/26/2010 02:00:00,       106.843547
11/26/2010 03:00:00,        50.912031
11/26/2010 04:00:00,        19.240667
11/26/2010 05:00:00,         2.589720
11/26/2010 06:00:00,         0.000000
11/26/2010 07:00:00,         0.000000
11/26/2010 08:00:00,        13.506646
11/26/2010 09:00:00,         2.458818
11/26/2010 10:00:00,         2.162598
11/26/2010 11:00:00,         0.153822
11/26/2010 12:00:00,         0.000000
11/26/2010 13:00:00,         3.167118
11/26/2010 14:00:00,        42.350619
11/26/2010 15:00:00,         0.000000
11/26/2010 16:00:00,        59.448509
11/26/2010 17:00:00,       155.389922
11/26/2010 18:00:00,       175.571149
11/26/2010 19:00:00,       142.335320
11/26/2010 20:00:00,       223.379623
11/26/2010 21:00:00,       124.378829
11/26/2010 22:00:00,        81.648368
11/26/2010 23:00:00,        64.495638
11/27/2010 00:00:00,        71.050049
11/27/2010 01:00:00,       116.124609
11/27/2010 02:00:00,         0.000000
11/27/2010 03:00:00,         0.000000
11/27/2010 04:00:00,       310.035151
11/27/2010 05:00:00,       310.120990
11/27/2010 06:00:00,       277.983803
11/27/2010 07:00:00,       290.166920
11/27/2010 08:00:00,       216.065244
11/27/2010 09:00:00,       108.030681
11/27/2010 10:00:00,        68.032536
11/27/2010 11:00:00,        80.934762
11/27/2010 12:00:00,       125.215261
11/27/2010 13:00:00,       183.481220
11/27/2010 14:00:00,       172.754340
11/27/2010 15:00:00,       138.198572
11/27/2010 16:00:00,       111.002952
11/27/2010 17:00:00,        83.828030
11/27/2010 18:00:00,        55.905444
11/27/2010 19:00:00,        47.231708
11/27/2010 20:00:00,        60.180889
11/27/2010 21:00:00,        68.013688
11/27/2010 22:00:00,        67.953353
11/27/2010 23:00:00,        56.597798
11/28/2010 00:00:00,        42.574593
11/28/2010 01:00:00,        32.636523
11/28/2010 02:00:00,        26.787509
11/28/2010 03:00:00,        26.846435
11/28/2010 04:00:00,        38.994411
11/28/2010 05:00:00,        40.429836
11/28/2010 06:00:00,         0.000000
11/28/2010 07:00:00,       106.950275
11/28/2010 08:00:00,       202.823399
11/28/2010 09:00:00,       188.574746
11/28/2010 10:00:00,       205.561066
11/28/2010 11:00:00,       238.940530
11/28/2010 12:00:00,       246.245758
11/28/2010 13:00:00,       215.788547
11/28/2010 14:00:00,       218.248672
11/28/2010 15:00:00,       229.376336
11/28/2010 16:00:00,       238.526623
11/28/2010 17:00:00,       255.028012
11/28/2010 18:00:00,       282.675817
11/28/2010 19:00:00,       298.325233
11/28/2010 20:00:00,       310.276728
11/28/2010 21:00:00,       313.887094
11/28/2010 22:00:00,       313.894729
11/28/2010 23:00:00,       311.993566
11/29/2010 00:00:00,       309.343122
11/29/2010 01:00:00,       304.352950
11/29/2010 02:00:00,       303.789797
11/29/2010 03:00:00,       301.350451
11/29/2010 04:00:00,       293.448172
11/29/2010 05:00:00,       288.309019
11/29/2010 06:00:00,       288.735200
11/29/2010 07:00:00,       287.083875
11/29/2010 08:00:00,       284.342026
11/29/2010 09:00:00,       273.873830
11/29/2010 10:00:00,       244.294968
11/29/2010 11:00:00,       209.692750
11/29/2010 12:00:00,       180.085013
11/29/2010 13:00:00,       118.499554
11/29/2010 14:00:00,        92.156782
11/29/2010 15:00:00,        80.107713
11/29/2010 16:00:00,        78.530103
11/29/2010 17:00:00,        78.102939
11/29/2010 18:00:00,        74.498960
11/29/2010 19:00:00,        76.999548
11/29/2010 20:00:00,        71.113134
11/29/2010 21:00:00,        47.894833
11/29/2010 22:00:00,        34.381106
11/29/2010 23:00:00,        16.035010
11/30/2010 00:00:00,        10.640518
11/30/2010 01:00:00,        11.495978
11/30/2010 02:00:00,        15.351668
11/30/2010 03:00:00,        11.710548
11/30/2010 04:00:00,        13.507209
11/30/2010 05:00:00,        14.610321
11/30/2010 06:00:00,        17.085935
11/30/2010 07:00:00,        19.093172
11/30/2010 08:00:00,        27.493270
11/30/2010 09:00:00,        53.778220
11/30/2010 10:00:00,        69.115639
11/30/2010 11:00:00,        79.400377
11/30/2010 12:00:00,       117.978363
11/30/2010 13:00:00,       180.565579
11/30/2010 14:00:00,       250.735719
11/30/2010 15:00:00,       275.348755
11/30/2010 16:00:00,       261.859652
11/30/2010 17:00:00,       201.937549
11/30/2010 18:00:00,       113.230332
11/30/2010 19:00:00,        54.488477
11/30/2010 20:00:00,        66.601377
11/30/2010 21:00:00,       107.112325
11/30/2010 22:00:00,       163.672821
11/30/2010 23:00:00,       238.624656
12/01/2010 00:00:00,       243.448863
12/01/2010 01:00:00,       278.756821
12/01/2010 02:00:00,       224.355279
12/01/2010 03:00:00,       170.635597
12/01/2010 04:00:00,       173.733116
12/01/2010 05:00:00,        29.182359
12/01/2010 06:00:00,        37.906603
12/01/2010 07:00:00,        35.460278
12/01/2010 08:00:00,       120.216736
12/01/2010 09:00:00,       130.166823
12/01/2010 10:00:00,       166.052824
12/01/2010 11:00:00,       144.248685
12/01/2010 12:00:00,       185.153007
12/01/2010 13:00:00,       242.883663
12/01/2010 14:00:00,       261.324016
12/01/2010 15:00:00,       290.311332
12/01/2010 16:00:00,       315.387914
12/01/2010 17:00:00,       314.484898
12/01/2010 18:00:00,       292.363901
12/01/2010 19:00:00,       281.820763
12/01/2010 20:00:00,       277.513000
12/01/2010 21:00:00,       269.267080
12/01/2010 22:00:00,       303.972017
12/01/2010 23:00:00,       314.662716
12/02/2010 00:00:00,       317.695488
12/02/2010 01:00:00,       317.084123
12/02/2010 02:00:00,       319.204746
12/02/2010 03:00:00,       319.536456
12/02/2010 04:00:00,       319.637356
12/02/2010 05:00:00,       317.781365
12/02/2010 06:00:00,       308.602688
12/02/2010 07:00:00,       300.689700
12/02/2010 08:00:00,       238.326643
12/02/2010 09:00:00,       259.721260
12/02/2010 10:00:00,       278.572877
12/02/2010 11:00:00,       288.215711
12/02/2010 12:00:00,       300.550435
12/02/2010 13:00:00,       287.315217
12/02/2010 14:00:00,       306.161461
12/02/2010 15:00:00,       303.227921
12/02/2010 16:00:00,       297.753946
12/02/2010 17:00:00,       296.060771
12/02/2010 18:00:00,       315.643108
12/02/2010 19:00:00,       310.174474
12/02/2010 20:00:00,       285.371870
12/02/2010 21:00:00,       266.645902
12/02/2010 22:00:00,       283.930562
12/02/2010 23:00:00,       290.156487
12/03/2010 00:00:00,       283.709908
12/03/2010 01:00:00,       256.747972
12/03/2010 02:00:00,       292.440412
12/03/2010 03:00:00,       294.796988
12/03/2010 04:00:00,       279.562018
12/03/2010 05:00:00,       255.040047
12/03/2010 06:00:00,       245.773829
12/03/2010 07:00:00,       169.938234
12/03/2010 08:00:00,        32.266836
12/03/2010 09:00:00,        20.255617
12/03/2010 10:00:00,        30.628475
12/03/2010 11:00:00,        38.631741
12/03/2010 12:00:00,        38.517294
12/03/2010 13:00:00,        23.178738
12/03/2010 14:00:00,        14.880528
12/03/2010 15:00:00,        11.801763
12/03/2010 16:00:00,         3.150018
12/03/2010 17:00:00,         3.771978
12/03/2010 18:00:00,        10.187722
12/03/2010 19:00:00,        11.294879
12/03/2010 20:00:00,        19.784435
12/03/2010 21:00:00,        33.190826
12/03/2010 22:00:00,        30.581467
12/03/2010 23:00:00,        26.191515
12/04/2010 00:00:00,        29.279435
12/04/2010 01:00:00,        28.033700
12/04/2010 02:00:00,        25.471689
12/04/2010 03:00:00,        22.591696
12/04/2010 04:00:00,        32.944356
12/04/2010 05:00:00,        58.735484
12/04/2010 06:00:00,        84.474148
12/04/2010 07:00:00,       120.179626
12/04/2010 08:00:00,       155.482232
12/04/2010 09:00:00,       154.696189
12/04/2010 10:00:00,       150.906867
12/04/2010 11:00:00,       128.831666
12/04/2010 12:00:00,       161.211038
12/04/2010 13:00:00,       221.430470
12/04/2010 14:00:00,       204.478479
12/04/2010 15:00:00,       161.612852
12/04/2010 16:00:00,       132.132808
12/04/2010 17:00:00,       199.768224
12/04/2010 18:00:00,       182.078835
12/04/2010 19:00:00,       194.621630
12/04/2010 20:00:00,       171.755007
12/04/2010 21:00:00,       190.514609
12/04/2010 22:00:00,       192.490925
12/04/2010 23:00:00,       223.165519
12/05/2010 00:00:00,       253.165884
12/05/2010 01:00:00,       219.724090
12/05/2010 02:00:00,       208.453921
12/05/2010 03:00:00,       158.379690
12/05/2010 04:00:00,       145.932517
12/05/2010 05:00:00,       142.153100
12/05/2010 06:00:00,       150.768291
12/05/2010 07:00:00,       111.684471
12/05/2010 08:00:00,        81.153414
12/05/2010 09:00:00,        58.967162
12/05/2010 10:00:00,        52.268679
12/05/2010 11:00:00,        50.691192
12/05/2010 12:00:00,        53.162316
12/05/2010 13:00:00,        42.293839
12/05/2010 14:00:00,        31.655823
12/05/2010 15:00:00,         7.551256
12/05/2010 16:00:00,        11.243208
12/05/2010 17:00:00,         5.739259
12/05/2010 18:00:00,         6.497047
12/05/2010 19:00:00,         7.500671
12/05/2010 20:00:00,         7.941813
12/05/2010 21:00:00,         5.944138
12/05/2010 22:00:00,         6.678698
12/05/2010 23:00:00,         2.178065
12/06/2010 00:00:00,         0.431906
12/06/2010 01:00:00,         0.000000
12/06/2010 02:00:00,         0.140205
12/06/2010 03:00:00,         1.286209
12/06/2010 04:00:00,         0.089857
12/06/2010 05:00:00,         0.000000
12/06/2010 06:00:00,         0.009649
12/06/2010 07:00:00,         0.121982
12/06/2010 08:00:00,         0.367168
12/06/2010 09:00:00,         1.719891
12/06/2010 10:00:00,         8.356839
12/06/2010 11:00:00,        10.379191
12/06/2010 12:00:00,        60.368560
12/06/2010 13:00:00,       222.825506
12/06/2010 14:00:00,       320.000000
12/06/2010 15:00:00,       320.000000
12/06/2010 16:00:00,       320.000000
12/06/2010 17:00:00,       320.000000
12/06/2010 18:00:00,       319.971054
12/06/2010 19:00:00,       319.311296
12/06/2010 20:00:00,       317.002995
12/06/2010 21:00:00,       302.694768
12/06/2010 22:00:00,       295.654810
12/06/2010 23:00:00,       308.547956
12/07/2010 00:00:00,       317.030189
12/07/2010 01:00:00,       319.911779
12/07/2010 02:00:00,       319.997686
12/07/2010 03:00:00,       319.631866
12/07/2010 04:00:00,       301.254883
12/07/2010 05:00:00,       318.730806
12/07/2010 06:00:00,       318.425401
12/07/2010 07:00:00,       319.146993
12/07/2010 08:00:00,       319.879096
12/07/2010 09:00:00,       319.671616
12/07/2010 10:00:00,       317.579841
12/07/2010 11:00:00,       315.390625
12/07/2010 12:00:00,       307.228188
12/07/2010 13:00:00,       305.132674
12/07/2010 14:00:00,       290.901131
12/07/2010 15:00:00,       246.697317
12/07/2010 16:00:00,       214.455383
12/07/2010 17:00:00,       189.732356
12/07/2010 18:00:00,       184.671123
12/07/2010 19:00:00,       188.134249
12/07/2010 20:00:00,       161.864126
12/07/2010 21:00:00,       153.154264
12/07/2010 22:00:00,       150.224763
12/07/2010 23:00:00,       138.727161
12/08/2010 00:00:00,       133.269720
12/08/2010 01:00:00,       147.575105
12/08/2010 02:00:00,       170.536687
12/08/2010 03:00:00,       177.684991
12/08/2010 04:00:00,       145.319191
12/08/2010 05:00:00,       182.450623
12/08/2010 06:00:00,       206.957203
12/08/2010 07:00:00,       176.335526
12/08/2010 08:00:00,       158.274772
12/08/2010 09:00:00,       173.585770
12/08/2010 10:00:00,        48.695884
12/08/2010 11:00:00,       278.170405
12/08/2010 12:00:00,       298.123709
12/08/2010 13:00:00,       300.223325
12/08/2010 14:00:00,       299.966372
12/08/2010 15:00:00,       264.148218
12/08/2010 16:00:00,       239.411293
12/08/2010 17:00:00,       234.377894
12/08/2010 18:00:00,       217.090290
12/08/2010 19:00:00,       213.006425
12/08/2010 20:00:00,       201.946165
12/08/2010 21:00:00,       186.078738
12/08/2010 22:00:00,       176.215857
12/08/2010 23:00:00,       177.309503
12/09/2010 00:00:00,       170.406075
12/09/2010 01:00:00,       215.501146
12/09/2010 02:00:00,       246.874721
12/09/2010 03:00:00,       273.707050
12/09/2010 04:00:00,       262.977709
12/09/2010 05:00:00,       253.923459
12/09/2010 06:00:00,       241.557078
12/09/2010 07:00:00,       234.654148
12/09/2010 08:00:00,       251.158509
12/09/2010 09:00:00,       262.938344
12/09/2010 10:00:00,       246.853336
12/09/2010 11:00:00,       235.628086
12/09/2010 12:00:00,       220.266453
12/09/2010 13:00:00,       220.733253
12/09/2010 14:00:00,       233.046801
12/09/2010 15:00:00,       236.490524
12/09/2010 16:00:00,       225.663168
12/09/2010 17:00:00,       213.894669
12/09/2010 18:00:00,       204.706452
12/09/2010 19:00:00,       198.687487
12/09/2010 20:00:00,       172.994145
12/09/2010 21:00:00,       199.849525
12/09/2010 22:00:00,       226.780949
12/09/2010 23:00:00,       254.521385
12/10/2010 00:00:00,       271.501833
12/10/2010 01:00:00,       271.484269
12/10/2010 02:00:00,       264.354361
12/10/2010 03:00:00,       249.431114
12/10/2010 04:00:00,       236.524925
12/10/2010 05:00:00,       233.615875
12/10/2010 06:00:00,       191.222221
12/10/2010 07:00:00,       185.351947
12/10/2010 08:00:00,       184.428021
12/10/2010 09:00:00,       146.541427
12/10/2010 10:00:00,       122.363070
12/10/2010 11:00:00,        92.923370
12/10/2010 12:00:00,       101.041829
12/10/2010 13:00:00,       102.799831
12/10/2010 14:00:00,        72.757776
12/10/2010 15:00:00,        34.157557
12/10/2010 16:00:00,        21.133527
12/10/2010 17:00:00,         8.720977
12/10/2010 18:00:00,         1.548347
12/10/2010 19:00:00,         1.029012
12/10/2010 20:00:00,         0.054633
12/10/2010 21:00:00,         0.000000
12/10/2010 22:00:00,         1.001029
12/10/2010 23:00:00,        27.041265
12/11/2010 00:00:00,        77.180238
12/11/2010 01:00:00,       134.021474
12/11/2010 02:00:00,       185.188889
12/11/2010 03:00:00,       263.079932
12/11/2010 04:00:00,       270.079351
12/11/2010 05:00:00,       286.249939
12/11/2010 06:00:00,       282.390043
12/11/2010 07:00:00,       268.081817
12/11/2010 08:00:00,       268.621276
12/11/2010 09:00:00,       274.728498
12/11/2010 10:00:00,       273.302758
12/11/2010 11:00:00,       285.550778
12/11/2010 12:00:00,       285.426125
12/11/2010 13:00:00,       274.897043
12/11/2010 14:00:00,       257.393739
12/11/2010 15:00:00,       216.440253
12/11/2010 16:00:00,       170.746342
12/11/2010 17:00:00,       117.328775
12/11/2010 18:00:00,        78.991874
12/11/2010 19:00:00,        65.143578
12/11/2010 20:00:00,        57.665727
12/11/2010 21:00:00,        54.837405
12/11/2010 22:00:00,        86.964757
12/11/2010 23:00:00,       158.259012
12/12/2010 00:00:00,       132.450522
12/12/2010 01:00:00,       168.511837
12/12/2010 02:00:00,       213.963923
12/12/2010 03:00:00,       258.553601
12/12/2010 04:00:00,       158.259462
12/12/2010 05:00:00,       102.996440
12/12/2010 06:00:00,        65.252501
12/12/2010 07:00:00,        36.156109
12/12/2010 08:00:00,        27.899349
12/12/2010 09:00:00,        23.435828
12/12/2010 10:00:00,         5.265425
12/12/2010 11:00:00,         0.482050
12/12/2010 12:00:00,         0.000000
12/12/2010 13:00:00,         0.000000
12/12/2010 14:00:00,         0.000000
12/12/2010 15:00:00,         0.436560
12/12/2010 16:00:00,        10.164240
12/12/2010 17:00:00,        47.078802
12/12/2010 18:00:00,        41.537268
12/12/2010 19:00:00,        29.614734
12/12/2010 20:00:00,        31.260111
12/12/2010 21:00:00,        48.768570
12/12/2010 22:00:00,        95.678751
12/12/2010 23:00:00,       140.313025
12/13/2010 00:00:00,       201.421802
12/13/2010 01:00:00,       261.801215
12/13/2010 02:00:00,       309.157217
12/13/2010 03:00:00,       319.594895
12/13/2010 04:00:00,       318.621516
12/13/2010 05:00:00,       318.007356
12/13/2010 06:00:00,       316.728189
12/13/2010 07:00:00,       319.226411
12/13/2010 08:00:00,       317.715580
12/13/2010 09:00:00,       319.781598
12/13/2010 10:00:00,       320.000000
12/13/2010 11:00:00,       320.000000
12/13/2010 12:00:00,       320.000000
12/13/2010 13:00:00,       320.000000
12/13/2010 14:00:00,       320.000000
12/13/2010 15:00:00,       320.000000
12/13/2010 16:00:00,       320.000000
12/13/2010 17:00:00,       320.000000
12/13/2010 18:00:00,       320.000000
12/13/2010 19:00:00,       320.000000
12/13/2010 20:00:00,       319.630179
12/13/2010 21:00:00,       319.135183
12/13/2010 22:00:00,       319.004305
12/13/2010 23:00:00,       319.983117
12/14/2010 00:00:00,       319.697177
12/14/2010 01:00:00,       313.259867
12/14/2010 02:00:00,       319.043643
12/14/2010 03:00:00,       319.863934
12/14/2010 04:00:00,       319.252240
12/14/2010 05:00:00,       320.000000
12/14/2010 06:00:00,       320.000000
12/14/2010 07:00:00,       320.000000
12/14/2010 08:00:00,       320.000000
12/14/2010 09:00:00,       320.000000
12/14/2010 10:00:00,       320.000000
12/14/2010 11:00:00,       320.000000
12/14/2010 12:00:00,       319.726128
12/14/2010 13:00:00,       317.194828
12/14/2010 14:00:00,       279.080983
12/14/2010 15:00:00,       174.081967
12/14/2010 16:00:00,       274.948585
12/14/2010 17:00:00,       192.316661
12/14/2010 18:00:00,        99.390231
12/14/2010 19:00:00,       112.689528
12/14/2010 20:00:00,       174.471164
12/14/2010 21:00:00,       237.935134
12/14/2010 22:00:00,       156.410575
12/14/2010 23:00:00,        45.629359
12/15/2010 00:00:00,        19.930933
12/15/2010 01:00:00,        13.713272
12/15/2010 02:00:00,        30.559999
12/15/2010 03:00:00,        52.577215
12/15/2010 04:00:00,        32.550303
12/15/2010 05:00:00,         2.612729
12/15/2010 06:00:00,         1.712828
12/15/2010 07:00:00,         0.616253
12/15/2010 08:00:00,         0.366059
12/15/2010 09:00:00,         0.000000
12/15/2010 10:00:00,        13.575433
12/15/2010 11:00:00,        40.839149
12/15/2010 12:00:00,       215.004646
12/15/2010 13:00:00,       247.857250
12/15/2010 14:00:00,       297.859844
12/15/2010 15:00:00,       291.993860
12/15/2010 16:00:00,       241.635301
12/15/2010 17:00:00,       272.546515
12/15/2010 18:00:00,       125.984967
12/15/2010 19:00:00,       127.661633
12/15/2010 20:00:00,       121.913546
12/15/2010 21:00:00,        64.182255
12/15/2010 22:00:00,         8.993197
12/15/2010 23:00:00,        20.322971
12/16/2010 00:00:00,         0.000000
12/16/2010 01:00:00,         0.000000
12/16/2010 02:00:00,         0.000000
12/16/2010 03:00:00,         0.000000
12/16/2010 04:00:00,         0.000000
12/16/2010 05:00:00,        34.022237
12/16/2010 06:00:00,        68.474849
12/16/2010 07:00:00,        58.547889
12/16/2010 08:00:00,        67.903214
12/16/2010 09:00:00,        60.573194
12/16/2010 10:00:00,        38.988589
12/16/2010 11:00:00,        24.840885
12/16/2010 12:00:00,        16.067135
12/16/2010 13:00:00,         7.758581
12/16/2010 14:00:00,         1.385504
12/16/2010 15:00:00,         0.213210
12/16/2010 16:00:00,         2.056461
12/16/2010 17:00:00,         2.417816
12/16/2010 18:00:00,         2.406110
12/16/2010 19:00:00,         1.481010
12/16/2010 20:00:00,         0.361642
12/16/2010 21:00:00,         0.000000
12/16/2010 22:00:00,         0.000000
12/16/2010 23:00:00,         0.000000
12/17/2010 00:00:00,         0.000000
12/17/2010 01:00:00,         0.000000
12/17/2010 02:00:00,         0.000000
12/17/2010 03:00:00,         0.137567
12/17/2010 04:00:00,         2.085608
12/17/2010 05:00:00,        12.738150
12/17/2010 06:00:00,        28.549954
12/17/2010 07:00:00,        18.322288
12/17/2010 08:00:00,        36.717205
12/17/2010 09:00:00,        30.611469
12/17/2010 10:00:00,        34.327371
12/17/2010 11:00:00,        55.769816
12/17/2010 12:00:00,       127.743227
12/17/2010 13:00:00,       275.625167
12/17/2010 14:00:00,       286.865433
12/17/2010 15:00:00,       305.596023
12/17/2010 16:00:00,       298.239620
12/17/2010 17:00:00,       241.362987
12/17/2010 18:00:00,       150.545836
12/17/2010 19:00:00,       103.523047
12/17/2010 20:00:00,        83.477584
12/17/2010 21:00:00,       109.823324
12/17/2010 22:00:00,       134.963136
12/17/2010 23:00:00,       127.188820
12/18/2010 00:00:00,        89.676695
12/18/2010 01:00:00,        60.134499
12/18/2010 02:00:00,        25.259655
12/18/2010 03:00:00,         9.106433
12/18/2010 04:00:00,        16.577584
12/18/2010 05:00:00,        37.997606
12/18/2010 06:00:00,        72.878450
12/18/2010 07:00:00,        95.984274
12/18/2010 08:00:00,        69.842634
12/18/2010 09:00:00,        50.094209
12/18/2010 10:00:00,        50.745218
12/18/2010 11:00:00,        31.214525
12/18/2010 12:00:00,        16.043686
12/18/2010 13:00:00,        22.585071
12/18/2010 14:00:00,        30.083004
12/18/2010 15:00:00,        22.966185
12/18/2010 16:00:00,        49.682270
12/18/2010 17:00:00,        68.915301
12/18/2010 18:00:00,        61.828413
12/18/2010 19:00:00,        24.197663
12/18/2010 20:00:00,        20.567130
12/18/2010 21:00:00,        20.238978
12/18/2010 22:00:00,        22.026908
12/18/2010 23:00:00,        31.362066
12/19/2010 00:00:00,        47.807015
12/19/2010 01:00:00,        63.236655
12/19/2010 02:00:00,        86.859379
12/19/2010 03:00:00,       113.915636
12/19/2010 04:00:00,       117.550398
12/19/2010 05:00:00,       125.534648
12/19/2010 06:00:00,       145.268801
12/19/2010 07:00:00,       128.145627
12/19/2010 08:00:00,       112.005755
12/19/2010 09:00:00,       142.557427
12/19/2010 10:00:00,       132.701744
12/19/2010 11:00:00,       168.219971
12/19/2010 12:00:00,       113.638564
12/19/2010 13:00:00,       127.312452
12/19/2010 14:00:00,       161.922379
12/19/2010 15:00:00,       167.936557
12/19/2010 16:00:00,       152.915151
12/19/2010 17:00:00,       174.019731
12/19/2010 18:00:00,       161.585521
12/19/2010 19:00:00,       172.083242
12/19/2010 20:00:00,       163.352832
12/19/2010 21:00:00,       124.220635
12/19/2010 22:00:00,        92.932588
12/19/2010 23:00:00,        69.618164
12/20/2010 00:00:00,        47.661732
12/20/2010 01:00:00,        35.817719
12/20/2010 02:00:00,        31.273779
12/20/2010 03:00:00,        25.177327
12/20/2010 04:00:00,        31.738148
12/20/2010 05:00:00,        33.521628
12/20/2010 06:00:00,        28.085211
12/20/2010 07:00:00,        14.831845
12/20/2010 08:00:00,        11.702925
12/20/2010 09:00:00,         3.467014
12/20/2010 10:00:00,         0.738308
12/20/2010 11:00:00,         0.185522
12/20/2010 12:00:00,         0.010659
12/20/2010 13:00:00,         0.192343
12/20/2010 14:00:00,         0.127867
12/20/2010 15:00:00,         0.106227
12/20/2010 16:00:00,         0.000000
12/20/2010 17:00:00,         0.000000
12/20/2010 18:00:00,         0.000000
12/20/2010 19:00:00,         0.000000
12/20/2010 20:00:00,         0.000000
12/20/2010 21:00:00,         0.000000
12/20/2010 22:00:00,         0.000000
12/20/2010 23:00:00,         0.000000
12/21/2010 00:00:00,         0.000000
12/21/2010 01:00:00,        17.761735
12/21/2010 02:00:00,       104.566826
12/21/2010 03:00:00,       146.454978
12/21/2010 04:00:00,       201.607149
12/21/2010 05:00:00,       236.732758
12/21/2010 06:00:00,       250.025715
12/21/2010 07:00:00,       248.831597
12/21/2010 08:00:00,       273.942718
12/21/2010 09:00:00,       313.379290
12/21/2010 10:00:00,       271.657105
12/21/2010 11:00:00,       224.000000
12/21/2010 12:00:00,       192.000000
12/21/2010 13:00:00,       176.000000
12/21/2010 14:00:00,       208.000000
12/21/2010 15:00:00,       208.000000
12/21/2010 16:00:00,       240.000000
12/21/2010 17:00:00,       288.000000
12/21/2010 18:00:00,       320.000000
12/21/2010 19:00:00,       320.000000
12/21/2010 20:00:00,       320.000000
12/21/2010 21:00:00,       320.000000
12/21/2010 22:00:00,       320.000000
12/21/2010 23:00:00,       320.000000
12/22/2010 00:00:00,       320.000000
12/22/2010 01:00:00,       320.000000
12/22/2010 02:00:00,       320.000000
12/22/2010 03:00:00,       320.000000
12/22/2010 04:00:00,       320.000000
12/22/2010 05:00:00,       320.000000
12/22/2010 06:00:00,       319.997882
12/22/2010 07:00:00,       319.975145
12/22/2010 08:00:00,       319.951898
12/22/2010 09:00:00,       319.959638
12/22/2010 10:00:00,       319.937769
12/22/2010 11:00:00,       319.968763
12/22/2010 12:00:00,       319.969369
12/22/2010 13:00:00,       319.968299
12/22/2010 14:00:00,       319.943856
12/22/2010 15:00:00,       303.950384
12/22/2010 16:00:00,       287.975155
12/22/2010 17:00:00,       303.991253
12/22/2010 18:00:00,       319.999959
12/22/2010 19:00:00,       320.000000
12/22/2010 20:00:00,       320.000000
12/22/2010 21:00:00,       319.999133
12/22/2010 22:00:00,       319.996948
12/22/2010 23:00:00,       287.996655
12/23/2010 00:00:00,       271.990263
12/23/2010 01:00:00,       208.000000
12/23/2010 02:00:00,       192.000000
12/23/2010 03:00:00,       192.000000
12/23/2010 04:00:00,       239.992877
12/23/2010 05:00:00,       319.983017
12/23/2010 06:00:00,       319.985446
12/23/2010 07:00:00,       319.957368
12/23/2010 08:00:00,       319.973051
12/23/2010 09:00:00,       319.939485
12/23/2010 10:00:00,       287.910645
12/23/2010 11:00:00,       207.797465
12/23/2010 12:00:00,       255.025690
12/23/2010 13:00:00,       299.542830
12/23/2010 14:00:00,       293.649589
12/23/2010 15:00:00,       301.209068
12/23/2010 16:00:00,       292.328119
12/23/2010 17:00:00,       284.164177
12/23/2010 18:00:00,       272.755189
12/23/2010 19:00:00,       260.574746
12/23/2010 20:00:00,       241.908310
12/23/2010 21:00:00,       247.282590
12/23/2010 22:00:00,       259.932522
12/23/2010 23:00:00,       268.761857
12/24/2010 00:00:00,       275.466019
12/24/2010 01:00:00,       268.656770
12/24/2010 02:00:00,       257.528966
12/24/2010 03:00:00,       236.303738
12/24/2010 04:00:00,       222.118103
12/24/2010 05:00:00,       199.688694
12/24/2010 06:00:00,       186.832050
12/24/2010 07:00:00,       176.180858
12/24/2010 08:00:00,       167.705491
12/24/2010 09:00:00,       158.891588
12/24/2010 10:00:00,       151.620504
12/24/2010 11:00:00,       143.791018
12/24/2010 12:00:00,       139.742795
12/24/2010 13:00:00,       133.767486
12/24/2010 14:00:00,       120.884542
12/24/2010 15:00:00,       109.673421
12/24/2010 16:00:00,        92.955796
12/24/2010 17:00:00,        61.899919
12/24/2010 18:00:00,        48.152890
12/24/2010 19:00:00,        39.304516
12/24/2010 20:00:00,        31.419500
12/24/2010 21:00:00,        32.021638
12/24/2010 22:00:00,        37.196945
12/24/2010 23:00:00,        41.504482
12/25/2010 00:00:00,        69.036395
12/25/2010 01:00:00,       138.427354
12/25/2010 02:00:00,       137.330831
12/25/2010 03:00:00,       118.205386
12/25/2010 04:00:00,       100.703934
12/25/2010 05:00:00,        89.057804
12/25/2010 06:00:00,        81.813823
12/25/2010 07:00:00,        86.007137
12/25/2010 08:00:00,        94.154134
12/25/2010 09:00:00,        93.517699
12/25/2010 10:00:00,        87.846204
12/25/2010 11:00:00,        81.329433
12/25/2010 12:00:00,        73.431178
12/25/2010 13:00:00,        63.643476
12/25/2010 14:00:00,        58.249419
12/25/2010 15:00:00,        45.566106
12/25/2010 16:00:00,        33.109493
12/25/2010 17:00:00,        14.538563
12/25/2010 18:00:00,         9.408676
12/25/2010 19:00:00,         4.962471
12/25/2010 20:00:00,         1.858531
12/25/2010 21:00:00,         2.409867
12/25/2010 22:00:00,         9.685316
12/25/2010 23:00:00,        21.315641
12/26/2010 00:00:00,        50.450973
12/26/2010 01:00:00,        67.391813
12/26/2010 02:00:00,        73.304786
12/26/2010 03:00:00,        72.682545
12/26/2010 04:00:00,        64.979458
12/26/2010 05:00:00,        74.629453
12/26/2010 06:00:00,        71.221066
12/26/2010 07:00:00,        61.172659
12/26/2010 08:00:00,        52.938540
12/26/2010 09:00:00,        40.847232
12/26/2010 10:00:00,        38.010123
12/26/2010 11:00:00,        31.086834
12/26/2010 12:00:00,        28.619295
12/26/2010 13:00:00,        27.547488
12/26/2010 14:00:00,        22.541776
12/26/2010 15:00:00,        16.799379
12/26/2010 16:00:00,        21.489281
12/26/2010 17:00:00,        19.089946
12/26/2010 18:00:00,        24.901229
12/26/2010 19:00:00,        25.858976
12/26/2010 20:00:00,        28.355948
12/26/2010 21:00:00,        26.162198
12/26/2010 22:00:00,        32.576470
12/26/2010 23:00:00,        43.772974
12/27/2010 00:00:00,        48.917440
12/27/2010 01:00:00,        52.146554
12/27/2010 02:00:00,        62.743723
12/27/2010 03:00:00,        64.732827
12/27/2010 04:00:00,        73.234668
12/27/2010 05:00:00,        73.386297
12/27/2010 06:00:00,        97.884413
12/27/2010 07:00:00,        95.380152
12/27/2010 08:00:00,        98.654913
12/27/2010 09:00:00,       118.198241
12/27/2010 10:00:00,        62.545929
12/27/2010 11:00:00,        31.626890
12/27/2010 12:00:00,        31.946732
12/27/2010 13:00:00,        31.996708
12/27/2010 14:00:00,        32.000000
12/27/2010 15:00:00,        32.000000
12/27/2010 16:00:00,        48.000000
12/27/2010 17:00:00,        80.000000
12/27/2010 18:00:00,       128.000000
12/27/2010 19:00:00,       240.000000
12/27/2010 20:00:00,       288.000000
12/27/2010 21:00:00,       288.000000
12/27/2010 22:00:00,       304.000000
12/27/2010 23:00:00,       320.000000
12/28/2010 00:00:00,       319.993526
12/28/2010 01:00:00,       319.986453
12/28/2010 02:00:00,       319.749545
12/28/2010 03:00:00,       318.424254
12/28/2010 04:00:00,       316.923653
12/28/2010 05:00:00,       316.567075
12/28/2010 06:00:00,       317.176579
12/28/2010 07:00:00,       318.293258
12/28/2010 08:00:00,       319.237891
12/28/2010 09:00:00,       319.691311
12/28/2010 10:00:00,       319.772620
12/28/2010 11:00:00,       319.860892
12/28/2010 12:00:00,       319.930239
12/28/2010 13:00:00,       319.968328
12/28/2010 14:00:00,       319.989476
12/28/2010 15:00:00,       319.934216
12/28/2010 16:00:00,       319.794236
12/28/2010 17:00:00,       319.191785
12/28/2010 18:00:00,       317.858110
12/28/2010 19:00:00,       314.179369
12/28/2010 20:00:00,       311.914430
12/28/2010 21:00:00,       312.321568
12/28/2010 22:00:00,       313.080947
12/28/2010 23:00:00,       313.309689
12/29/2010 00:00:00,       312.525606
12/29/2010 01:00:00,       311.258912
12/29/2010 02:00:00,       306.392451
12/29/2010 03:00:00,       288.178047
12/29/2010 04:00:00,       255.847369
12/29/2010 05:00:00,       235.837522
12/29/2010 06:00:00,       211.403792
12/29/2010 07:00:00,       197.850678
12/29/2010 08:00:00,       197.941395
12/29/2010 09:00:00,       206.018794
12/29/2010 10:00:00,       203.217718
12/29/2010 11:00:00,       187.426618
12/29/2010 12:00:00,       151.742912
12/29/2010 13:00:00,       130.929248
12/29/2010 14:00:00,       107.745012
12/29/2010 15:00:00,        86.515863
12/29/2010 16:00:00,        80.575855
12/29/2010 17:00:00,        66.655871
12/29/2010 18:00:00,        66.570755
12/29/2010 19:00:00,        83.232919
12/29/2010 20:00:00,        89.816432
12/29/2010 21:00:00,        95.823030
12/29/2010 22:00:00,       107.148686
12/29/2010 23:00:00,       107.906749
12/30/2010 00:00:00,       123.462149
12/30/2010 01:00:00,       128.807515
12/30/2010 02:00:00,       113.519949
12/30/2010 03:00:00,        78.800953
12/30/2010 04:00:00,        64.245268
12/30/2010 05:00:00,        81.563926
12/30/2010 06:00:00,       155.124751
12/30/2010 07:00:00,       176.319067
12/30/2010 08:00:00,       166.956439
12/30/2010 09:00:00,       194.814712
12/30/2010 10:00:00,       213.288983
12/30/2010 11:00:00,       164.014355
12/30/2010 12:00:00,       121.393187
12/30/2010 13:00:00,        90.548213
12/30/2010 14:00:00,        66.234195
12/30/2010 15:00:00,        62.086915
12/30/2010 16:00:00,        50.930204
12/30/2010 17:00:00,        53.464921
12/30/2010 18:00:00,         4.612493
12/30/2010 19:00:00,       115.946999
12/30/2010 20:00:00,       169.699777
12/30/2010 21:00:00,       211.431640
12/30/2010 22:00:00,       276.410330
12/30/2010 23:00:00,       263.941824
12/31/2010 00:00:00,       219.922208
12/31/2010 01:00:00,       206.868438
12/31/2010 02:00:00,       198.171404
12/31/2010 03:00:00,       159.773917
12/31/2010 04:00:00,       135.478974
12/31/2010 05:00:00,       133.113366
12/31/2010 06:00:00,       126.427885
12/31/2010 07:00:00,       104.680474
12/31/2010 08:00:00,       136.482151
12/31/2010 09:00:00,       143.792237
12/31/2010 10:00:00,       144.035669
12/31/2010 11:00:00,       110.617146
12/31/2010 12:00:00,        77.621469
12/31/2010 13:00:00,        65.156047
12/31/2010 14:00:00,        57.510908
12/31/2010 15:00:00,        67.602999
12/31/2010 16:00:00,        73.090142
12/31/2010 17:00:00,        61.582838
12/31/2010 18:00:00,        56.811512
12/31/2010 19:00:00,        30.215995
12/31/2010 20:00:00,        14.352257
12/31/2010 21:00:00,        11.596644
12/31/2010 22:00:00,         9.188315
12/31/2010 23:00:00,        11.144052
